160.701	0.5
166.742	-1.5
172.777	2.5
178.805	14.5
184.826	29.5
190.841	53.5
196.849	84.5
202.85	108.5
208.845	113.5
214.833	118.5
220.815	114.5
226.789	116.5
232.758	112.5
238.719	119.5
244.674	123.5
250.623	121.5
256.565	122.5
262.5	115.5
268.429	118.5
274.351	117.5
280.267	115.5
286.176	109.5
292.079	117.5
297.975	113.5
303.865	116.5
309.748	112.5
315.625	119.5
321.495	120.5
327.359	119.5
333.217	126.5
339.068	120.5
344.912	125.5
350.751	122.5
356.583	122.5
362.408	119.5
368.227	120.5
374.04	126.5
379.847	126.5
385.647	129.5
391.44	133.5
397.228	136.5
403.009	148.5
408.784	149.5
414.553	155.5
420.315	160.5
426.071	169.5
431.821	149.5
437.565	135.5
443.302	126.5
449.033	130.5
454.758	128.5
460.477	131.5
466.189	124.5
471.896	121.5
477.596	118.5
483.29	118.5
488.978	110.5
494.66	109.5
500.335	110.5
506.005	103.5
511.668	97.5
517.325	90.5
522.977	86.5
528.622	89.5
534.261	85.5
539.894	83.5
545.521	80.5
551.141	79.5
556.756	75.5
562.365	67.5
567.968	73.5
573.565	69.5
579.155	67.5
584.74	72.5
590.319	68.5
595.892	70.5
601.459	71.5
607.02	69.5
612.575	66.5
618.124	62.5
623.667	60.5
629.204	59.5
634.735	62.5
640.261	66.5
645.781	66.5
651.294	73.5
656.802	70.5
662.304	68.5
667.8	61.5
673.29	59.5
678.775	56.5
684.254	57.5
689.726	50.5
695.193	59.5
700.655	60.5
706.11	64.5
711.56	59.5
717.004	58.5
722.442	55.5
727.874	58.5
733.301	56.5
738.722	54.5
744.137	53.5
749.547	56.5
754.951	58.5
760.349	63.5
765.741	61.5
771.128	65.5
776.509	58.5
781.885	65.5
787.254	63.5
792.618	61.5
797.977	61.5
803.33	72.5
808.677	87.5
814.019	101.5
819.355	103.5
824.686	78.5
830.011	69.5
835.33	72.5
840.644	79.5
845.952	84.5
851.255	84.5
856.552	75.5
861.844	67.5
867.13	61.5
872.41	60.5
877.686	55.5
882.955	51.5
888.219	51.5
893.478	47.5
898.731	51.5
903.979	52.5
909.221	60.5
914.458	57.5
919.69	53.5
924.916	47.5
930.136	50.5
935.351	47.5
940.561	55.5
945.766	53.5
950.965	54.5
956.158	54.5
961.347	53.5
966.529	55.5
971.707	54.5
976.879	58.5
982.046	60.5
987.208	51.5
992.364	51.5
997.515	51.5
1002.66	56.5
1007.801	58.5
1012.936	49.5
1018.066	50.5
1023.19	49.5
1028.309	49.5
1033.423	50.5
1038.532	61.5
1043.636	62.5
1048.734	61.5
1053.827	52.5
1058.915	43.5
1063.998	44.5
1069.075	40.5
1074.147	44.5
1079.214	42.5
1084.276	47.5
1089.333	49.5
1094.385	48.5
1099.431	49.5
1104.472	49.5
1109.509	46.5
1114.54	41.5
1119.565	41.5
1124.586	45.5
1129.602	47.5
1134.613	48.5
1139.618	44.5
1144.619	54.5
1149.614	58.5
1154.604	68.5
1159.589	78.5
1164.57	71.5
1169.545	64.5
1174.515	67.5
1179.48	55.5
1184.44	55.5
1189.395	45.5
1194.345	49.5
1199.29	43.5
1204.23	47.5
1209.165	45.5
1214.095	43.5
1219.021	48.5
1223.941	56.5
1228.856	56.5
1233.766	52.5
1238.672	45.5
1243.572	47.5
1248.467	41.5
1253.358	42.5
1258.244	41.5
1263.124	40.5
1268	35.5
1272.871	42.5
1277.737	40.5
1282.599	42.5
1287.455	42.5
1292.306	41.5
1297.153	38.5
1301.995	47.5
1306.832	44.5
1311.664	39.5
1316.491	45.5
1321.314	50.5
1326.132	56.5
1330.945	66.5
1335.753	78.5
1340.556	67.5
1345.354	55.5
1350.148	50.5
1354.937	45.5
1359.722	48.5
1364.501	49.5
1369.276	55.5
1374.046	46.5
1378.811	39.5
1383.572	40.5
1388.327	37.5
1393.079	36.5
1397.825	36.5
1402.567	33.5
1407.304	31.5
1412.036	31.5
1416.764	27.5
1421.487	33.5
1426.205	33.5
1430.919	34.5
1435.628	43.5
1440.333	51.5
1445.032	56.5
1449.727	59.5
1454.418	63.5
1459.104	76.5
1463.785	80.5
1468.462	80.5
1473.134	64.5
1477.802	48.5
1482.465	36.5
1487.123	41.5
1491.777	36.5
1496.426	33.5
1501.071	33.5
1505.711	29.5
1510.347	32.5
1514.978	28.5
1519.604	29.5
1524.226	28.5
1528.844	31.5
1533.457	30.5
1538.065	35.5
1542.669	32.5
1547.269	26.5
1551.864	22.5
1556.454	26.5
1561.041	26.5
1565.622	27.5
1570.199	28.5
1574.772	26.5
1579.34	30.5
1583.904	27.5
1588.464	30.5
1593.019	27.5
1597.569	25.5
1602.115	27.5
1606.657	24.5
1611.195	27.5
1615.728	28.5
1620.256	28.5
1624.78	30.5
1629.3	25.5
1633.816	26.5
1638.327	28.5
1642.834	25.5
1647.336	21.5
1651.834	23.5
1656.328	25.5
1660.817	27.5
1665.302	29.5
1669.783	29.5
1674.259	30.5
1678.732	25.5
1683.199	25.5
1687.663	24.5
1692.122	22.5
1696.577	24.5
1701.028	26.5
1705.474	20.5
1709.917	29.5
1714.355	25.5
1718.788	22.5
1723.218	22.5
1727.643	17.5
1732.064	19.5
1736.481	17.5
1740.893	18.5
1745.301	27.5
1749.705	22.5
1754.105	20.5
1758.501	19.5
1762.893	21.5
1767.28	14.5
1771.663	18.5
1776.042	13.5
1780.417	17.5
1784.787	21.5
1789.154	21.5
1793.516	21.5
1797.874	20.5
1802.228	20.5
1806.578	16.5
1810.924	20.5
1815.266	17.5
1819.603	17.5
1823.937	19.5
1828.266	15.5
1832.591	18.5
1836.913	20.5
1841.23	19.5
1845.543	17.5
1849.852	13.5
1854.156	12.5
1858.457	14.5
1862.754	21.5
1867.047	19.5
1871.335	21.5
1875.62	18.5
1879.9	18.5
1884.177	18.5
1888.449	15.5
1892.718	14.5
1896.982	12.5
1901.243	15.5
1905.499	14.5
1909.752	14.5
1914	18.5
1918.245	17.5
1922.485	12.5
1926.722	17.5
1930.954	14.5
1935.183	15.5
1939.408	15.5
1943.628	18.5
1947.845	17.5
1952.058	19.5
1956.267	16.5
1960.472	11.5
1964.673	12.5
1968.87	14.5
1973.063	14.5
1977.252	13.5
1981.438	10.5
1985.619	15.5
1989.797	13.5
1993.971	9.5
1998.14	14.5
2002.306	15.5
2006.469	13.5
2010.627	14.5
2014.781	13.5
2018.932	14.5
2023.078	11.5
2027.221	10.5
2031.36	12.5
2035.495	13.5
2039.627	9.5
2043.754	10.5
2047.878	14.5
2051.998	14.5
2056.114	12.5
2060.226	14.5
2064.334	10.5
2068.439	11.5
2072.54	10.5
2076.637	10.5
2080.73	11.5
2084.82	12.5
2088.906	12.5
2092.988	13.5
2097.066	8.5
2101.14	9.5
2105.211	9.5
2109.278	11.5
2113.342	9.5
2117.401	12.5
2121.457	11.5
2125.509	11.5
2129.558	12.5
2133.602	12.5
2137.643	9.5
2141.681	9.5
2145.714	7.5
2149.744	8.5
2153.77	6.5
2157.793	13.5
2161.812	12.5
2165.827	10.5
2169.838	9.5
2173.846	4.5
2177.851	3.5
2181.851	6.5
2185.848	7.5
2189.841	10.5
2193.831	6.5
2197.817	11.5
2201.799	10.5
2205.778	6.5
2209.753	6.5
2213.725	3.5
2217.693	1.5
2221.657	3.5
2225.618	7.5
2229.575	12.5
2233.529	11.5
2237.479	9.5
2241.425	7.5
2245.368	7.5
2249.307	3.5
2253.243	4.5
2257.175	5.5
2261.104	9.5
2265.029	6.5
2268.95	8.5
2272.868	5.5
2276.783	5.5
2280.694	6.5
2284.601	6.5
2288.505	7.5
2292.405	7.5
2296.302	4.5
2300.195	9.5
2304.085	4.5
2307.971	5.5
2311.854	3.5
2315.734	6.5
2319.609	5.5
2323.482	5.5
2327.351	3.5
2331.216	10.5
2335.078	6.5
2338.937	6.5
2342.792	5.5
2346.643	-0.5
2350.492	6.5
2354.336	5.5
2358.178	5.5
2362.015	5.5
2365.85	5.5
2369.681	1.5
2373.508	-2.5
2377.333	2.5
2381.153	2.5
2384.971	3.5
2388.785	7.5
2392.595	9.5
2396.402	6.5
2400.206	4.5
2404.007	2.5
2407.804	-0.5
2411.597	1.5
2415.388	-2.5
2419.174	5.5
2422.958	7.5
2426.738	1.5
2430.515	11.5
2434.289	1.5
2438.059	3.5
2441.825	0.5
2445.589	-0.5
2449.349	-3.5
2453.106	2.5
2456.859	5.5
2460.61	4.5
2464.356	8.5
2468.1	5.5
2471.84	1.5
2475.577	4.5
2479.311	-0.5
2483.041	3.5
2486.768	0.5
2490.492	0.5
2494.213	1.5
2497.93	4.5
2501.644	4.5
2505.355	5.5
2509.062	3.5
2512.766	5.5
2516.467	1.5
2520.165	2.5
2523.859	2.5
2527.551	-1.5
2531.239	2.5
2534.923	1.5
2538.605	1.5
2542.283	-0.5
2545.958	3.5
2549.63	3.5
2553.299	8.5
2556.964	7.5
2560.626	4.5
2564.285	0.5
2567.941	1.5
2571.594	-3.5
2575.243	-2.5
2578.89	5.5
2582.533	2.5
2586.173	2.5
2589.809	5.5
2593.443	6.5
2597.073	5.5
2600.701	1.5
2604.325	-1.5
2607.946	-1.5
2611.564	3.5
2615.178	4.5
2618.79	4.5
2622.398	4.5
2626.004	3.5
2629.606	5.5
2633.205	3.5
2636.801	3.5
2640.394	-0.5
2643.983	0.5
2647.57	3.5
2651.153	6.5
2654.734	7.5
2658.311	4.5
2661.885	2.5
2665.456	1.5
2669.025	4.5
2672.589	3.5
2676.151	2.5
2679.71	5.5
2683.266	0.5
2686.819	7.5
2690.368	3.5
2693.915	4.5
2697.458	1.5
2700.999	7.5
2704.536	3.5
2708.071	5.5
2711.602	2.5
2715.13	5.5
2718.656	3.5
2722.178	8.5
2725.697	3.5
2729.214	4.5
2732.727	7.5
2736.237	5.5
2739.744	4.5
2743.249	7.5
2746.75	5.5
2750.248	-0.5
2753.743	1.5
2757.236	2.5
2760.725	-0.5
2764.211	3.5
2767.695	7.5
2771.175	2.5
2774.652	4.5
2778.127	4.5
2781.598	1.5
2785.067	-0.5
2788.532	0.5
2791.995	2.5
2795.455	3.5
2798.911	7.5
2802.365	6.5
2805.816	6.5
2809.264	4.5
2812.709	4.5
2816.151	3.5
2819.59	3.5
2823.026	0.5
2826.46	4.5
2829.89	5.5
2833.318	10.5
2836.742	12.5
2840.164	20.5
2843.583	19.5
2846.999	21.5
2850.412	20.5
2853.822	16.5
2857.229	14.5
2860.634	14.5
2864.035	18.5
2867.434	24.5
2870.83	24.5
2874.223	33.5
2877.613	35.5
2881	35.5
2884.385	32.5
2887.766	41.5
2891.145	39.5
2894.521	37.5
2897.894	36.5
2901.264	37.5
2904.631	35.5
2907.996	35.5
2911.358	35.5
2914.717	28.5
2918.073	20.5
2921.426	25.5
2924.777	21.5
2928.124	22.5
2931.469	19.5
2934.811	21.5
2938.15	20.5
2941.487	18.5
2944.821	20.5
2948.152	17.5
2951.48	16.5
2954.805	21.5
2958.128	21.5
2961.447	15.5
2964.765	16.5
2968.079	23.5
2971.39	17.5
2974.699	16.5
2978.005	9.5
2981.308	10.5
2984.609	3.5
2987.907	6.5
2991.202	8.5
2994.494	3.5
2997.784	7.5
3001.07	4.5
3004.355	2.5
3007.636	8.5
3010.915	6.5
3014.191	3.5
3017.464	-0.5
3020.734	5.5
3024.002	0.5
3027.267	2.5
3030.53	3.5
3033.789	2.5
3037.046	-0.5
3040.301	4.5
3043.552	1.5
3046.801	4.5
3050.048	3.5
3053.291	2.5
3056.532	1.5
3059.771	4.5
3063.006	0.5
3066.239	0.5
3069.469	5.5
3072.697	2.5
3075.922	2.5
3079.144	7.5
3082.364	3.5
3085.581	3.5
3088.795	5.5
3092.007	2.5
3095.216	1.5
3098.423	0.5
3101.627	1.5
3104.828	5.5
3108.026	6.5
3111.222	4.5
3114.416	4.5
3117.607	7.5
3120.795	3.5
3123.98	4.5
3127.163	4.5
3130.344	1.5
3133.521	6.5
3136.696	6.5
3139.869	10.5
3143.039	7.5
3146.206	7.5
3149.371	3.5
3152.533	9.5
3155.693	5.5
3158.85	1.5
3162.005	5.5
3165.157	4.5
3168.306	5.5
3171.453	6.5
3174.597	10.5
3177.739	3.5
3180.878	5.5
3184.014	2.5
3187.149	-0.5
3190.28	1.5
3193.409	2.5
3196.536	5.5
3199.659	9.5
3202.781	4.5
3205.9	8.5
3209.016	9.5
3212.13	4.5
3215.241	7.5
3218.35	6.5
3221.456	2.5
3224.56	8.5
3227.661	7.5
3230.76	11.5
3233.856	6.5
3236.95	10.5
3240.041	3.5
3243.13	1.5
3246.216	4.5
3249.3	5.5
3252.382	4.5
3255.46	7.5
3258.537	9.5
3261.611	11.5
3264.682	8.5
3267.751	8.5
3270.818	0.5
3273.882	5.5
3276.943	3.5
3280.002	3.5
3283.059	3.5
3286.113	7.5
3289.165	3.5
3292.214	4.5
3295.261	2.5
3298.306	3.5
3301.348	5.5
3304.387	-0.5
3307.425	0.5
3310.459	6.5
3313.492	4.5
3316.521	7.5
3319.549	3.5
3322.574	4.5
3325.597	1.5
3328.617	3.5
3331.635	2.5
3334.65	2.5
3337.663	2.5
3340.674	5.5
3343.682	3.5
3346.688	6.5
3349.691	5.5
3352.692	4.5
3355.691	1.5
3358.687	-1.5
3361.681	2.5
3364.673	2.5
3367.662	1.5
3370.649	11.5
3373.633	3.5
3376.615	6.5
3379.595	-1.5
3382.572	4.5
3385.547	1.5
3388.52	-0.5
3391.49	3.5
3394.458	4.5
3397.424	1.5
3400.387	4.5
3403.348	3.5
3406.307	-0.5
3409.263	2.5
3412.217	2.5
3415.168	-3.5
3418.118	2.5
3421.065	6.5
3424.009	2.5
3426.951	2.5
3429.891	1.5
3432.829	0.5
3435.764	3.5
3438.697	-0.5
3441.628	1.5
3444.557	-1.5
3447.483	1.5
3450.407	1.5
3453.328	3.5
3456.247	-3.5
3459.164	2.5
3462.079	3.5
3464.991	3.5
3467.902	-2.5
3470.809	3.5
3473.715	0.5
3476.618	-1.5
3479.519	-4.5
3482.418	-0.5
3485.315	-0.5
3488.209	-0.5
3491.101	1.5
3493.99	-1.5
3496.878	1.5
3499.763	-1.5
3502.646	1.5
3505.527	-1.5
3508.405	-2.5
3511.281	-0.5
3514.155	-1.5
3517.027	4.5
3519.897	0.5
3522.764	-1.5
3525.629	-0.5
3528.492	-0.5
3531.352	-1.5
3534.211	-2.5
3537.067	-7.5
3539.921	-2.5
3542.773	-2.5
3545.622	1.5
3548.469	-0.5
3551.315	2.5
3554.157	-2.5
3556.998	1.5
3559.837	-8.5
3562.673	-3.5
3565.507	-2.5
3568.339	0.5
3571.169	-0.5
3573.996	1.5
3576.822	-1.5
3579.645	-3.5
3582.466	-0.5
3585.285	-0.5
3588.101	-6.5
3590.916	-1.5
3593.728	-1.5
3596.538	-0.5
3599.346	-5.5
3602.152	1.5
3604.956	-0.5
3607.757	1.5
3610.556	-1.5
3613.354	-1.5
3616.149	-5.5
3618.942	-1.5
3621.732	-1.5
3624.521	-1.5
3627.307	-2.5
3630.092	0.5
3632.874	-2.5
3635.654	-2.5
3638.432	-3.5
3641.208	-4.5
3643.982	-1.5
3646.753	-1.5
3649.523	-7.5
3652.29	-1.5
3655.055	-4.5
3657.818	-3.5
3660.579	0.5
3663.338	-2.5
3666.095	1.5
3668.849	-0.5
3671.602	-3.5
3674.352	-1.5
3677.101	-2.5
3679.847	-5.5
3682.591	-0.5
3685.333	-4.5
3688.073	-2.5
3690.811	2.5
3693.547	1.5
3696.281	-2.5
3699.013	-3.5
3701.742	-2.5
3704.47	-5.5
3707.195	-2.5
3709.919	-3.5
3712.64	-1.5
3715.359	-0.5
3718.076	-0.5
3720.792	-1.5
3723.505	-0.5
3726.216	-6.5
3728.925	-2.5
3731.632	-2.5
3734.336	-2.5
3737.039	-1.5
3739.74	0.5
3742.439	3.5
3745.136	-1.5
3747.83	-3.5
3750.523	-2.5
3753.213	-4.5
3755.902	0.5
3758.589	-2.5
3761.273	-1.5
3763.956	-1.5
3766.636	-3.5
3769.315	-2.5
3771.991	-1.5
3774.665	-0.5
3777.338	-0.5
3780.008	-4.5
3782.677	-3.5
3785.343	-2.5
3788.007	-3.5
3790.67	-3.5
3793.33	-3.5
3795.989	-3.5
3798.645	-2.5
3801.299	-2.5
3803.952	-0.5
3806.602	-1.5
3809.251	-0.5
3811.897	-6.5
3814.542	-5.5
3817.184	-4.5
3819.825	-6.5
3822.463	-5.5
3825.1	-1.5
3827.735	-1.5
3830.367	0.5
3832.998	-2.5
3835.627	0.5
3838.253	-0.5
3840.878	-4.5
3843.501	-3.5
3846.122	-5.5
3848.741	-3.5
3851.358	-0.5
3853.973	0.5
3856.586	-3.5
3859.197	-0.5
3861.806	-4.5
3864.414	-6.5
3867.019	-8.5
3869.622	-5.5
3872.224	-2.5
3874.823	1.5
3877.421	1.5
3880.016	0.5
3882.61	2.5
3885.202	0.5
3887.792	-0.5
3890.38	-5.5
3892.966	-3.5
3895.55	-1.5
3898.132	2.5
3900.713	-0.5
3903.291	0.5
3905.868	1.5
3908.442	-1.5
3911.015	-5.5
3913.586	-5.5
3916.155	-2.5
3918.722	-2.5
3921.287	-3.5
3923.85	1.5
3926.411	-2.5
3928.971	-4.5
3931.528	-0.5
3934.084	-4.5
3936.638	-6.5
3939.19	-3.5
3941.74	-2.5
3944.288	-3.5
3946.834	-1.5
3949.378	0.5
3951.921	-2.5
3954.462	-3.5
3957	-3.5
3959.537	-0.5
3962.072	-0.5
3964.606	-1.5
3967.137	-3.5
3969.667	0.5
3972.194	-2.5
3974.72	-4.5
3977.244	-6.5
3979.766	1.5
3982.286	-4.5
3984.805	-2.5
3987.321	-3.5
3989.836	-1.5
3992.349	-3.5
3994.86	1.5
3997.369	-5.5
3999.877	-4.5
4002.382	-4.5
4004.886	-2.5
4007.388	-1.5
4009.888	-4.5
4012.386	-0.5
4014.883	-1.5
4017.377	-1.5
4019.87	-1.5
4022.361	-3.5
4024.85	-2.5
4027.338	-3.5
4029.823	-2.5
4032.307	-3.5
4034.789	1.5
4037.269	-0.5
4039.747	3.5
4042.224	-3.5
4044.699	-2.5
4047.172	-4.5
4049.643	-2.5
4052.112	-7.5
4054.58	-1.5
4057.046	-4.5
4059.51	-1.5
4061.972	3.5
4064.432	0.5
4066.891	-2.5
4069.348	-2.5
4071.803	-5.5
4074.256	-8.5
4076.708	-4.5
4079.158	0.5
4081.606	-4.5
4084.052	1.5
4086.497	-1.5
4088.939	2.5
4091.38	-0.5
4093.819	-1.5
4096.257	-4.5
4098.693	-5.5
4101.127	-4.5
4103.559	-0.5
4105.989	5.5
4108.418	4.5
4110.845	1.5
4113.27	2.5
4115.694	1.5
4118.115	1.5
4120.535	-7.5
4122.954	-7.5
4125.37	-9.5
4127.785	-3.5
4130.198	-1.5
4132.609	0.5
4135.019	-2.5
4137.427	-1.5
4139.833	-4.5
4142.237	-7.5
