160.701	-31.08
166.742	0.25
172.777	95.58
178.805	404.92
184.826	1138.58
190.841	2391.92
196.849	3818.25
202.85	4757.92
208.845	4975.92
214.833	4805.58
220.815	4564.92
226.789	4399.92
232.758	4271.92
238.719	4110.92
244.674	3937.92
250.623	3733.58
256.565	3527.25
262.5	3347.58
268.429	3176.25
274.351	3021.58
280.267	2880.25
286.176	2766.92
292.079	2640.58
297.975	2553.58
303.865	2462.25
309.748	2390.58
315.625	2327.25
321.495	2283.58
327.359	2248.92
333.217	2223.92
339.068	2199.25
344.912	2188.25
350.751	2182.58
356.583	2169.58
362.408	2165.25
368.227	2168.92
374.04	2189.92
379.847	2212.58
385.647	2238.58
391.44	2228.92
397.228	2220.92
403.009	2235.58
408.784	2263.92
414.553	2320.92
420.315	2394.92
426.071	2400.58
431.821	2326.58
437.565	2246.25
443.302	2215.25
449.033	2198.58
454.758	2179.92
460.477	2156.58
466.189	2143.25
471.896	2130.92
477.596	2110.25
483.29	2080.58
488.978	2074.58
494.66	2048.92
500.335	2022.25
506.005	1993.92
511.668	1931.25
517.325	1902.25
522.977	1858.25
528.622	1828.25
534.261	1802.25
539.894	1770.92
545.521	1750.58
551.141	1724.58
556.756	1712.58
562.365	1708.25
567.968	1674.92
573.565	1668.92
579.155	1652.25
584.74	1631.25
590.319	1601.58
595.892	1601.25
601.459	1573.58
607.02	1568.58
612.575	1539.25
618.124	1522.25
623.667	1503.92
629.204	1483.25
634.735	1473.92
640.261	1475.58
645.781	1491.58
651.294	1489.25
656.802	1464.58
662.304	1426.92
667.8	1407.92
673.29	1384.25
678.775	1367.58
684.254	1345.92
689.726	1345.58
695.193	1325.92
700.655	1318.25
706.11	1294.25
711.56	1288.25
717.004	1271.92
722.442	1257.25
727.874	1252.92
733.301	1230.92
738.722	1227.92
744.137	1223.58
749.547	1221.25
754.951	1206.58
760.349	1198.92
765.741	1186.58
771.128	1177.92
776.509	1156.25
781.885	1150.58
787.254	1144.25
792.618	1139.92
797.977	1119.25
803.33	1103.25
808.677	1091.92
814.019	1068.25
819.355	1043.25
824.686	1032.25
830.011	1019.25
835.33	1003.58
840.644	991.25
845.952	981.92
851.255	968.25
856.552	955.92
861.844	936.58
867.13	918.58
872.41	910.92
877.686	889.58
882.955	866.25
888.219	852.58
893.478	832.92
898.731	816.25
903.979	796.92
909.221	775.58
914.458	766.25
919.69	753.92
924.916	739.25
930.136	742.92
935.351	734.58
940.561	731.25
945.766	721.58
950.965	709.25
956.158	698.92
961.347	692.58
966.529	671.92
971.707	644.92
976.879	639.25
982.046	627.58
987.208	625.92
992.364	619.92
997.515	623.92
1002.66	624.92
1007.801	623.92
1012.936	624.25
1018.066	629.92
1023.19	630.92
1028.309	629.92
1033.423	623.58
1038.532	618.25
1043.636	612.25
1048.734	602.58
1053.827	592.58
1058.915	587.25
1063.998	576.25
1069.075	576.25
1074.147	573.92
1079.214	581.25
1084.276	577.58
1089.333	577.58
1094.385	587.92
1099.431	584.92
1104.472	581.25
1109.509	572.92
1114.54	566.92
1119.565	557.58
1124.586	546.25
1129.602	539.92
1134.613	536.58
1139.618	529.58
1144.619	527.25
1149.614	537.58
1154.604	540.25
1159.589	538.25
1164.57	537.25
1169.545	536.92
1174.515	535.25
1179.48	532.92
1184.44	530.58
1189.395	522.25
1194.345	522.92
1199.29	513.58
1204.23	517.25
1209.165	514.25
1214.095	517.25
1219.021	523.25
1223.941	526.92
1228.856	532.25
1233.766	527.25
1238.672	528.25
1243.572	522.25
1248.467	519.92
1253.358	503.25
1258.244	494.58
1263.124	489.25
1268	481.58
1272.871	475.92
1277.737	463.58
1282.599	462.92
1287.455	466.92
1292.306	470.92
1297.153	466.58
1301.995	471.58
1306.832	467.58
1311.664	473.25
1316.491	470.92
1321.314	458.92
1326.132	456.92
1330.945	448.25
1335.753	441.92
1340.556	429.58
1345.354	418.92
1350.148	416.58
1354.937	415.58
1359.722	411.58
1364.501	406.58
1369.276	406.92
1374.046	410.92
1378.811	410.25
1383.572	403.25
1388.327	401.92
1393.079	393.92
1397.825	387.92
1402.567	390.92
1407.304	372.58
1412.036	369.25
1416.764	368.25
1421.487	364.58
1426.205	365.25
1430.919	366.25
1435.628	373.58
1440.333	374.25
1445.032	377.25
1449.727	379.25
1454.418	378.25
1459.104	375.92
1463.785	375.25
1468.462	370.58
1473.134	368.92
1477.802	367.92
1482.465	361.92
1487.123	366.58
1491.777	372.58
1496.426	373.25
1501.071	385.25
1505.711	392.58
1510.347	400.25
1514.978	418.25
1519.604	422.25
1524.226	421.92
1528.844	423.92
1533.457	423.58
1538.065	425.25
1542.669	428.92
1547.269	437.58
1551.864	438.58
1556.454	453.92
1561.041	466.58
1565.622	475.92
1570.199	487.92
1574.772	502.25
1579.34	526.25
1583.904	544.58
1588.464	566.25
1593.019	591.92
1597.569	603.58
1602.115	625.92
1606.657	648.25
1611.195	664.25
1615.728	688.92
1620.256	707.58
1624.78	731.92
1629.3	753.92
1633.816	774.92
1638.327	793.58
1642.834	799.92
1647.336	808.58
1651.834	809.58
1656.328	792.58
1660.817	777.58
1665.302	757.92
1669.783	727.58
1674.259	692.92
1678.732	653.92
1683.199	615.58
1687.663	571.92
1692.122	536.58
1696.577	500.58
1701.028	469.92
1705.474	431.92
1709.917	406.25
1714.355	382.58
1718.788	365.25
1723.218	334.92
1727.643	312.58
1732.064	284.25
1736.481	264.92
1740.893	244.58
1745.301	226.58
1749.705	209.58
1754.105	194.25
1758.501	182.25
1762.893	166.58
1767.28	151.25
1771.663	146.25
1776.042	141.25
1780.417	138.92
1784.787	135.92
1789.154	130.58
1793.516	126.58
1797.874	126.58
1802.228	126.58
1806.578	122.92
1810.924	117.58
1815.266	105.92
1819.603	106.92
1823.937	99.92
1828.266	99.25
1832.591	96.25
1836.913	88.25
1841.23	87.58
1845.543	87.92
1849.852	89.25
1854.156	84.58
1858.457	84.25
1862.754	87.58
1867.047	86.58
1871.335	85.92
1875.62	86.25
1879.9	85.25
1884.177	85.25
1888.449	83.92
1892.718	83.92
1896.982	85.58
1901.243	81.92
1905.499	81.92
1909.752	83.58
1914	84.58
1918.245	86.58
1922.485	91.58
1926.722	88.58
1930.954	97.25
1935.183	96.92
1939.408	92.92
1943.628	97.92
1947.845	96.25
1952.058	98.25
1956.267	96.58
1960.472	97.58
1964.673	91.25
1968.87	92.25
1973.063	90.25
1977.252	91.92
1981.438	88.25
1985.619	91.58
1989.797	85.25
1993.971	92.25
1998.14	92.25
2002.306	95.92
2006.469	99.58
2010.627	100.92
2014.781	103.25
2018.932	98.25
2023.078	102.92
2027.221	103.25
2031.36	106.58
2035.495	102.58
2039.627	103.58
2043.754	104.25
2047.878	103.25
2051.998	105.92
2056.114	105.25
2060.226	111.58
2064.334	114.58
2068.439	114.25
2072.54	112.92
2076.637	117.25
2080.73	121.58
2084.82	128.58
2088.906	122.92
2092.988	124.92
2097.066	125.25
2101.14	123.92
2105.211	122.25
2109.278	116.92
2113.342	116.25
2117.401	116.25
2121.457	114.25
2125.509	112.92
2129.558	106.58
2133.602	110.58
2137.643	100.58
2141.681	105.58
2145.714	99.25
2149.744	98.92
2153.77	90.92
2157.793	94.58
2161.812	92.25
2165.827	86.92
2169.838	83.92
2173.846	78.92
2177.851	73.25
2181.851	68.92
2185.848	67.25
2189.841	61.25
2193.831	57.92
2197.817	56.58
2201.799	56.58
2205.778	54.25
2209.753	49.92
2213.725	47.58
2217.693	47.58
2221.657	47.25
2225.618	42.58
2229.575	37.58
2233.529	35.25
2237.479	33.25
2241.425	31.58
2245.368	25.25
2249.307	22.92
2253.243	19.58
2257.175	14.92
2261.104	14.92
2265.029	8.58
2268.95	3.25
2272.868	3.92
2276.783	0.92
2280.694	-2.42
2284.601	-4.42
2288.505	-4.75
2292.405	-8.75
2296.302	-6.75
2300.195	-13.75
2304.085	-16.08
2307.971	-18.08
2311.854	-18.08
2315.734	-23.42
2319.609	-23.42
2323.482	-25.75
2327.351	-24.42
2331.216	-24.08
2335.078	-25.08
2338.937	-27.75
2342.792	-30.75
2346.643	-32.75
2350.492	-33.42
2354.336	-35.08
2358.178	-35.75
2362.015	-36.75
2365.85	-36.42
2369.681	-35.75
2373.508	-38.08
2377.333	-40.08
2381.153	-38.08
2384.971	-41.08
2388.785	-43.08
2392.595	-41.08
2396.402	-41.42
2400.206	-42.42
2404.007	-45.42
2407.804	-45.42
2411.597	-45.08
2415.388	-42.08
2419.174	-44.42
2422.958	-47.75
2426.738	-47.42
2430.515	-47.42
2434.289	-50.42
2438.059	-50.75
2441.825	-51.08
2445.589	-52.42
2449.349	-51.75
2453.106	-50.08
2456.859	-54.08
2460.61	-54.08
2464.356	-55.42
2468.1	-53.08
2471.84	-56.42
2475.577	-55.08
2479.311	-56.08
2483.041	-55.75
2486.768	-56.42
2490.492	-55.42
2494.213	-58.42
2497.93	-58.08
2501.644	-59.42
2505.355	-59.08
2509.062	-57.75
2512.766	-58.42
2516.467	-59.08
2520.165	-58.08
2523.859	-61.08
2527.551	-60.08
2531.239	-58.75
2534.923	-59.75
2538.605	-61.42
2542.283	-60.08
2545.958	-59.42
2549.63	-62.08
2553.299	-61.75
2556.964	-62.08
2560.626	-61.08
2564.285	-63.08
2567.941	-63.08
2571.594	-65.08
2575.243	-63.42
2578.89	-65.42
2582.533	-65.08
2586.173	-66.42
2589.809	-66.42
2593.443	-66.42
2597.073	-66.75
2600.701	-65.75
2604.325	-68.42
2607.946	-68.42
2611.564	-68.75
2615.178	-66.75
2618.79	-68.08
2622.398	-70.08
2626.004	-68.75
2629.606	-67.08
2633.205	-69.08
2636.801	-68.42
2640.394	-69.08
2643.983	-68.42
2647.57	-69.08
2651.153	-70.75
2654.734	-72.08
2658.311	-68.75
2661.885	-72.08
2665.456	-68.75
2669.025	-68.08
2672.589	-68.08
2676.151	-69.08
2679.71	-69.75
2683.266	-69.75
2686.819	-69.08
2690.368	-68.75
2693.915	-69.75
2697.458	-69.08
2700.999	-68.42
2704.536	-66.08
2708.071	-67.08
2711.602	-65.08
2715.13	-66.42
2718.656	-66.42
2722.178	-63.08
2725.697	-64.42
2729.214	-63.08
2732.727	-64.42
2736.237	-60.75
2739.744	-60.08
2743.249	-59.75
2746.75	-57.75
2750.248	-56.75
2753.743	-59.08
2757.236	-55.08
2760.725	-53.75
2764.211	-54.42
2767.695	-52.42
2771.175	-51.08
2774.652	-51.42
2778.127	-48.42
2781.598	-47.42
2785.067	-44.75
2788.532	-44.42
2791.995	-46.08
2795.455	-44.08
2798.911	-40.75
2802.365	-41.08
2805.816	-38.42
2809.264	-37.42
2812.709	-38.75
2816.151	-33.75
2819.59	-34.75
2823.026	-30.42
2826.46	-29.75
2829.89	-29.42
2833.318	-23.42
2836.742	-22.08
2840.164	-20.75
2843.583	-19.42
2846.999	-16.08
2850.412	-15.42
2853.822	-11.75
2857.229	-8.75
2860.634	-3.42
2864.035	0.58
2867.434	5.25
2870.83	4.25
2874.223	9.58
2877.613	12.25
2881	14.58
2884.385	20.92
2887.766	23.25
2891.145	25.92
2894.521	28.25
2897.894	29.58
2901.264	34.58
2904.631	35.58
2907.996	41.25
2911.358	43.92
2914.717	47.92
2918.073	51.58
2921.426	58.92
2924.777	63.92
2928.124	68.92
2931.469	72.58
2934.811	79.92
2938.15	83.58
2941.487	88.58
2944.821	91.92
2948.152	100.92
2951.48	106.92
2954.805	111.58
2958.128	119.58
2961.447	123.92
2964.765	128.58
2968.079	139.25
2971.39	140.58
2974.699	156.58
2978.005	160.58
2981.308	172.25
2984.609	179.92
2987.907	196.58
2991.202	206.92
2994.494	222.25
2997.784	229.92
3001.07	241.25
3004.355	249.25
3007.636	262.92
3010.915	274.25
3014.191	281.92
3017.464	287.92
3020.734	301.25
3024.002	305.92
3027.267	314.58
3030.53	329.25
3033.789	334.25
3037.046	350.58
3040.301	363.25
3043.552	373.92
3046.801	390.25
3050.048	401.92
3053.291	419.58
3056.532	434.92
3059.771	461.25
3063.006	469.58
3066.239	492.58
3069.469	516.25
3072.697	536.25
3075.922	552.92
3079.144	570.58
3082.364	593.25
3085.581	608.58
3088.795	626.25
3092.007	650.58
3095.216	668.25
3098.423	689.92
3101.627	704.58
3104.828	730.92
3108.026	750.25
3111.222	768.92
3114.416	789.92
3117.607	819.25
3120.795	835.92
3123.98	856.92
3127.163	889.25
3130.344	907.58
3133.521	929.25
3136.696	949.58
3139.869	979.92
3143.039	1001.25
3146.206	1012.92
3149.371	1027.25
3152.533	1037.25
3155.693	1051.92
3158.85	1064.92
3162.005	1066.25
3165.157	1078.58
3168.306	1087.58
3171.453	1092.25
3174.597	1099.92
3177.739	1101.25
3180.878	1105.25
3184.014	1109.25
3187.149	1123.25
3190.28	1118.58
3193.409	1128.25
3196.536	1125.92
3199.659	1136.25
3202.781	1140.92
3205.9	1149.25
3209.016	1145.25
3212.13	1146.25
3215.241	1137.92
3218.35	1138.92
3221.456	1130.58
3224.56	1124.92
3227.661	1111.25
3230.76	1098.58
3233.856	1095.25
3236.95	1089.92
3240.041	1083.92
3243.13	1077.58
3246.216	1075.58
3249.3	1065.25
3252.382	1063.25
3255.46	1063.25
3258.537	1058.25
3261.611	1059.92
3264.682	1058.58
3267.751	1054.58
3270.818	1045.58
3273.882	1036.25
3276.943	1040.58
3280.002	1028.25
3283.059	1018.25
3286.113	1008.92
3289.165	991.58
3292.214	966.25
3295.261	961.58
3298.306	943.92
3301.348	930.58
3304.387	919.58
3307.425	903.58
3310.459	885.25
3313.492	878.92
3316.521	862.92
3319.549	861.58
3322.574	861.25
3325.597	846.25
3328.617	840.58
3331.635	835.58
3334.65	832.58
3337.663	835.25
3340.674	822.25
3343.682	825.58
3346.688	822.92
3349.691	814.58
3352.692	812.58
3355.691	811.25
3358.687	804.58
3361.681	800.58
3364.673	783.25
3367.662	780.58
3370.649	766.58
3373.633	759.58
3376.615	760.92
3379.595	736.25
3382.572	737.58
3385.547	725.58
3388.52	712.92
3391.49	704.92
3394.458	700.58
3397.424	696.25
3400.387	682.25
3403.348	672.58
3406.307	669.92
3409.263	668.92
3412.217	649.92
3415.168	647.92
3418.118	643.92
3421.065	633.58
3424.009	625.92
3426.951	617.58
3429.891	614.92
3432.829	600.58
3435.764	593.25
3438.697	572.92
3441.628	565.92
3444.557	549.92
3447.483	538.25
3450.407	518.25
3453.328	508.92
3456.247	486.58
3459.164	477.25
3462.079	464.58
3464.991	451.92
3467.902	439.58
3470.809	423.58
3473.715	414.92
3476.618	402.58
3479.519	391.25
3482.418	376.58
3485.315	366.25
3488.209	365.25
3491.101	349.58
3493.99	338.25
3496.878	331.92
3499.763	317.92
3502.646	311.25
3505.527	300.25
3508.405	288.58
3511.281	272.58
3514.155	264.58
3517.027	249.25
3519.897	241.58
3522.764	231.25
3525.629	217.92
3528.492	203.25
3531.352	192.58
3534.211	186.25
3537.067	171.25
3539.921	165.58
3542.773	157.58
3545.622	145.58
3548.469	135.25
3551.315	124.58
3554.157	118.58
3556.998	109.25
3559.837	106.92
3562.673	97.92
3565.507	90.92
3568.339	83.58
3571.169	82.25
3573.996	70.25
3576.822	64.92
3579.645	61.92
3582.466	54.58
3585.285	47.92
3588.101	42.58
3590.916	38.58
3593.728	29.58
3596.538	24.92
3599.346	18.25
3602.152	14.25
3604.956	7.92
3607.757	5.25
3610.556	-0.08
3613.354	-2.42
3616.149	-8.75
3618.942	-12.42
3621.732	-15.75
3624.521	-20.08
3627.307	-19.75
3630.092	-26.75
3632.874	-31.08
3635.654	-27.42
3638.432	-34.08
3641.208	-36.42
3643.982	-36.75
3646.753	-44.08
3649.523	-45.42
3652.29	-43.42
3655.055	-48.42
3657.818	-52.42
3660.579	-57.75
3663.338	-56.42
3666.095	-61.08
3668.849	-66.08
3671.602	-67.75
3674.352	-67.42
3677.101	-69.42
3679.847	-73.08
3682.591	-73.42
3685.333	-76.75
3688.073	-76.75
3690.811	-78.75
3693.547	-81.42
3696.281	-83.08
3699.013	-83.42
3701.742	-86.75
3704.47	-87.42
3707.195	-87.42
3709.919	-88.42
3712.64	-88.42
3715.359	-90.08
3718.076	-92.08
3720.792	-90.42
3723.505	-98.42
3726.216	-96.42
3728.925	-94.75
3731.632	-98.08
3734.336	-97.08
3737.039	-99.75
3739.74	-100.75
3742.439	-99.75
3745.136	-99.42
3747.83	-102.08
3750.523	-100.42
3753.213	-103.42
3755.902	-101.42
3758.589	-101.08
3761.273	-101.08
3763.956	-104.42
3766.636	-104.08
3769.315	-102.42
3771.991	-104.42
3774.665	-104.08
3777.338	-104.42
3780.008	-106.42
3782.677	-105.08
3785.343	-106.42
3788.007	-104.42
3790.67	-106.42
3793.33	-106.75
3795.989	-108.42
3798.645	-104.75
3801.299	-106.42
3803.952	-105.75
3806.602	-108.08
3809.251	-109.08
3811.897	-108.08
3814.542	-111.08
3817.184	-110.75
3819.825	-110.08
3822.463	-109.42
3825.1	-111.08
3827.735	-112.75
3830.367	-110.42
3832.998	-110.08
3835.627	-113.42
3838.253	-112.08
3840.878	-114.08
3843.501	-113.08
3846.122	-114.42
3848.741	-113.08
3851.358	-111.75
3853.973	-115.08
3856.586	-113.08
3859.197	-113.08
3861.806	-112.75
3864.414	-112.08
3867.019	-112.42
3869.622	-110.42
3872.224	-111.42
3874.823	-106.08
3877.421	-105.42
3880.016	-100.08
3882.61	-91.42
3885.202	-92.75
3887.792	-92.42
3890.38	-102.08
3892.966	-106.75
3895.55	-109.08
3898.132	-112.75
3900.713	-109.42
3903.291	-112.42
3905.868	-113.75
3908.442	-110.75
3911.015	-112.42
3913.586	-114.42
3916.155	-114.42
3918.722	-113.75
3921.287	-113.08
3923.85	-115.08
3926.411	-113.75
3928.971	-111.75
3931.528	-113.42
3934.084	-114.75
3936.638	-114.08
3939.19	-112.75
3941.74	-115.08
3944.288	-116.42
3946.834	-114.75
3949.378	-113.08
3951.921	-114.75
3954.462	-111.75
3957	-113.75
3959.537	-112.42
3962.072	-114.42
3964.606	-113.42
3967.137	-112.42
3969.667	-113.08
3972.194	-114.42
3974.72	-112.42
3977.244	-112.42
3979.766	-112.08
3982.286	-111.75
3984.805	-112.42
3987.321	-113.42
3989.836	-112.75
3992.349	-114.08
3994.86	-110.75
3997.369	-110.42
3999.877	-111.42
4002.382	-112.75
4004.886	-113.42
4007.388	-111.42
4009.888	-112.08
4012.386	-114.08
4014.883	-112.08
4017.377	-113.08
4019.87	-114.75
4022.361	-112.08
4024.85	-111.75
4027.338	-115.08
4029.823	-114.42
4032.307	-114.75
4034.789	-113.42
4037.269	-114.42
4039.747	-114.42
4042.224	-115.08
4044.699	-113.75
4047.172	-114.42
4049.643	-115.42
4052.112	-114.08
4054.58	-112.75
4057.046	-114.75
4059.51	-113.42
4061.972	-113.75
4064.432	-114.08
4066.891	-113.75
4069.348	-111.42
4071.803	-113.75
4074.256	-114.08
4076.708	-115.42
4079.158	-112.08
4081.606	-114.08
4084.052	-112.08
4086.497	-113.08
4088.939	-112.08
4091.38	-114.75
4093.819	-112.08
4096.257	-116.75
4098.693	-115.75
4101.127	-115.42
4103.559	-116.75
4105.989	-71.42
4108.418	-69.42
4110.845	-66.08
4113.27	-61.08
4115.694	-50.08
4118.115	-47.08
4120.535	-114.75
4122.954	-114.08
4125.37	-112.42
4127.785	-113.42
4130.198	-114.75
4132.609	-113.08
4135.019	-119.08
4137.427	-117.08
4139.833	-116.42
4142.237	-117.08
