160.701	-32.42
166.742	-0.42
172.777	91.58
178.805	374.92
184.826	1058.58
190.841	2202.25
196.849	3470.92
202.85	4299.25
208.845	4476.58
214.833	4294.58
220.815	4114.92
226.789	3960.92
232.758	3832.92
238.719	3703.58
244.674	3531.25
250.623	3362.92
256.565	3193.58
262.5	3016.25
268.429	2862.25
274.351	2707.58
280.267	2582.92
286.176	2475.25
292.079	2392.92
297.975	2296.92
303.865	2236.25
309.748	2157.25
315.625	2092.92
321.495	2051.92
327.359	2023.25
333.217	2004.25
339.068	1991.92
344.912	1984.58
350.751	1971.25
356.583	1967.25
362.408	1972.92
368.227	1957.58
374.04	1974.58
379.847	2003.25
385.647	2026.25
391.44	2008.58
397.228	2004.58
403.009	2019.92
408.784	2042.25
414.553	2093.92
420.315	2168.58
426.071	2166.25
431.821	2092.58
437.565	2024.92
443.302	1998.58
449.033	1984.58
454.758	1963.25
460.477	1952.58
466.189	1926.92
471.896	1906.25
477.596	1906.25
483.29	1886.92
488.978	1866.92
494.66	1853.25
500.335	1809.92
506.005	1781.25
511.668	1743.25
517.325	1700.58
522.977	1675.25
528.622	1639.92
534.261	1610.25
539.894	1591.92
545.521	1577.25
551.141	1553.58
556.756	1549.25
562.365	1528.25
567.968	1506.25
573.565	1502.92
579.155	1479.92
584.74	1472.58
590.319	1439.58
595.892	1439.58
601.459	1414.25
607.02	1398.58
612.575	1380.92
618.124	1369.58
623.667	1351.25
629.204	1334.58
634.735	1326.58
640.261	1330.25
645.781	1342.58
651.294	1336.92
656.802	1316.25
662.304	1277.58
667.8	1253.92
673.29	1232.58
678.775	1221.58
684.254	1214.58
689.726	1203.58
695.193	1191.92
700.655	1178.92
706.11	1156.25
711.56	1145.58
717.004	1136.25
722.442	1127.58
727.874	1108.58
733.301	1092.92
738.722	1085.25
744.137	1085.58
749.547	1088.25
754.951	1081.92
760.349	1078.58
765.741	1055.25
771.128	1038.25
776.509	1046.25
781.885	1033.58
787.254	1020.25
792.618	1016.25
797.977	1003.25
803.33	986.92
808.677	967.92
814.019	957.58
819.355	940.58
824.686	929.58
830.011	907.58
835.33	899.25
840.644	893.25
845.952	870.25
851.255	866.25
856.552	851.92
861.844	843.25
867.13	828.92
872.41	829.58
877.686	823.25
882.955	808.25
888.219	792.25
893.478	763.58
898.731	723.92
903.979	709.92
909.221	697.25
914.458	681.92
919.69	672.58
924.916	669.58
930.136	664.25
935.351	652.92
940.561	645.92
945.766	636.92
950.965	631.92
956.158	617.92
961.347	606.25
966.529	591.92
971.707	585.25
976.879	566.92
982.046	563.92
987.208	554.25
992.364	554.58
997.515	550.58
1002.66	558.58
1007.801	557.92
1012.936	561.58
1018.066	563.92
1023.19	562.58
1028.309	562.58
1033.423	556.58
1038.532	554.25
1043.636	550.92
1048.734	545.58
1053.827	541.92
1058.915	528.92
1063.998	527.92
1069.075	516.58
1074.147	517.25
1079.214	518.58
1084.276	527.58
1089.333	524.58
1094.385	531.25
1099.431	531.58
1104.472	518.58
1109.509	510.58
1114.54	500.92
1119.565	495.25
1124.586	494.92
1129.602	483.92
1134.613	478.58
1139.618	467.58
1144.619	469.92
1149.614	472.92
1154.604	475.25
1159.589	468.92
1164.57	481.92
1169.545	475.92
1174.515	476.25
1179.48	473.92
1184.44	469.58
1189.395	461.92
1194.345	455.92
1199.29	456.92
1204.23	456.25
1209.165	456.58
1214.095	460.58
1219.021	457.58
1223.941	462.25
1228.856	466.58
1233.766	462.25
1238.672	466.25
1243.572	461.92
1248.467	461.58
1253.358	446.58
1258.244	442.58
1263.124	428.25
1268	427.25
1272.871	420.25
1277.737	412.25
1282.599	413.92
1287.455	415.25
1292.306	414.92
1297.153	413.25
1301.995	422.25
1306.832	417.92
1311.664	421.25
1316.491	413.92
1321.314	407.92
1326.132	407.25
1330.945	394.92
1335.753	391.92
1340.556	378.25
1345.354	366.25
1350.148	362.25
1354.937	357.25
1359.722	361.92
1364.501	355.58
1369.276	352.58
1374.046	357.25
1378.811	357.25
1383.572	356.58
1388.327	357.92
1393.079	348.58
1397.825	345.92
1402.567	336.58
1407.304	337.58
1412.036	323.92
1416.764	329.58
1421.487	323.92
1426.205	324.58
1430.919	329.92
1435.628	327.58
1440.333	336.25
1445.032	343.58
1449.727	341.25
1454.418	342.25
1459.104	346.58
1463.785	342.25
1468.462	335.92
1473.134	329.58
1477.802	327.58
1482.465	326.25
1487.123	324.58
1491.777	327.25
1496.426	339.92
1501.071	344.92
1505.711	347.92
1510.347	352.92
1514.978	369.58
1519.604	369.58
1524.226	377.58
1528.844	377.58
1533.457	379.25
1538.065	376.92
1542.669	379.25
1547.269	384.25
1551.864	394.25
1556.454	401.58
1561.041	409.25
1565.622	411.58
1570.199	431.58
1574.772	449.92
1579.34	463.58
1583.904	477.58
1588.464	498.58
1593.019	522.58
1597.569	539.25
1602.115	557.92
1606.657	579.92
1611.195	592.25
1615.728	606.25
1620.256	624.25
1624.78	648.92
1629.3	670.58
1633.816	688.58
1638.327	703.92
1642.834	712.58
1647.336	712.25
1651.834	716.92
1656.328	701.25
1660.817	690.25
1665.302	671.58
1669.783	647.58
1674.259	611.92
1678.732	582.58
1683.199	541.92
1687.663	510.58
1692.122	467.92
1696.577	434.58
1701.028	412.58
1705.474	383.58
1709.917	360.58
1714.355	333.92
1718.788	311.25
1723.218	288.25
1727.643	271.92
1732.064	246.25
1736.481	229.25
1740.893	209.58
1745.301	192.25
1749.705	181.25
1754.105	169.25
1758.501	151.58
1762.893	145.92
1767.28	135.92
1771.663	128.25
1776.042	122.92
1780.417	121.58
1784.787	114.92
1789.154	116.25
1793.516	108.25
1797.874	106.25
1802.228	104.92
1806.578	103.58
1810.924	95.58
1815.266	82.58
1819.603	83.25
1823.937	77.58
1828.266	75.25
1832.591	76.25
1836.913	72.58
1841.23	73.58
1845.543	69.25
1849.852	71.25
1854.156	71.58
1858.457	69.92
1862.754	69.25
1867.047	69.58
1871.335	68.92
1875.62	70.58
1879.9	70.25
1884.177	70.25
1888.449	69.25
1892.718	67.25
1896.982	67.92
1901.243	67.92
1905.499	69.92
1909.752	67.25
1914	68.92
1918.245	69.92
1922.485	71.58
1926.722	71.92
1930.954	80.92
1935.183	77.25
1939.408	81.92
1943.628	84.92
1947.845	80.25
1952.058	83.25
1956.267	81.58
1960.472	78.92
1964.673	78.25
1968.87	77.25
1973.063	70.92
1977.252	72.92
1981.438	72.58
1985.619	74.58
1989.797	75.25
1993.971	71.92
1998.14	73.25
2002.306	77.25
2006.469	78.92
2010.627	81.58
2014.781	85.92
2018.932	88.25
2023.078	87.92
2027.221	85.25
2031.36	88.58
2035.495	85.25
2039.627	84.25
2043.754	89.25
2047.878	89.58
2051.998	87.58
2056.114	88.25
2060.226	89.92
2064.334	94.92
2068.439	96.25
2072.54	96.58
2076.637	99.58
2080.73	98.92
2084.82	105.25
2088.906	104.58
2092.988	105.25
2097.066	104.92
2101.14	104.25
2105.211	101.58
2109.278	99.58
2113.342	98.92
2117.401	95.58
2121.457	96.58
2125.509	96.92
2129.558	93.58
2133.602	92.92
2137.643	87.58
2141.681	85.92
2145.714	80.58
2149.744	82.58
2153.77	79.92
2157.793	72.58
2161.812	72.58
2165.827	64.58
2169.838	67.58
2173.846	62.58
2177.851	56.58
2181.851	54.92
2185.848	52.25
2189.841	50.92
2193.831	46.58
2197.817	44.92
2201.799	44.58
2205.778	43.92
2209.753	39.58
2213.725	35.92
2217.693	39.58
2221.657	33.58
2225.618	30.92
2229.575	27.25
2233.529	24.92
2237.479	22.25
2241.425	19.92
2245.368	12.58
2249.307	10.92
2253.243	9.25
2257.175	5.25
2261.104	5.92
2265.029	4.25
2268.95	-1.42
2272.868	-5.08
2276.783	-1.42
2280.694	-5.42
2284.601	-5.42
2288.505	-9.08
2292.405	-12.75
2296.302	-12.42
2300.195	-17.42
2304.085	-19.75
2307.971	-20.42
2311.854	-22.75
2315.734	-24.42
2319.609	-27.08
2323.482	-32.75
2327.351	-29.75
2331.216	-29.42
2335.078	-29.42
2338.937	-35.75
2342.792	-34.42
2346.643	-34.42
2350.492	-36.75
2354.336	-35.75
2358.178	-37.75
2362.015	-37.75
2365.85	-37.75
2369.681	-39.42
2373.508	-38.75
2377.333	-40.08
2381.153	-35.42
2384.971	-42.08
2388.785	-44.42
2392.595	-43.75
2396.402	-43.42
2400.206	-43.42
2404.007	-47.75
2407.804	-49.08
2411.597	-46.08
2415.388	-45.75
2419.174	-45.42
2422.958	-47.08
2426.738	-47.08
2430.515	-48.08
2434.289	-50.42
2438.059	-48.75
2441.825	-51.08
2445.589	-50.42
2449.349	-51.75
2453.106	-49.42
2456.859	-51.08
2460.61	-54.42
2464.356	-52.42
2468.1	-53.08
2471.84	-56.42
2475.577	-57.08
2479.311	-57.08
2483.041	-57.42
2486.768	-58.75
2490.492	-57.75
2494.213	-59.08
2497.93	-56.08
2501.644	-58.08
2505.355	-55.08
2509.062	-57.42
2512.766	-55.75
2516.467	-58.42
2520.165	-59.08
2523.859	-59.08
2527.551	-60.75
2531.239	-60.08
2534.923	-59.75
2538.605	-61.75
2542.283	-59.08
2545.958	-59.08
2549.63	-62.08
2553.299	-63.08
2556.964	-60.75
2560.626	-62.08
2564.285	-62.08
2567.941	-63.08
2571.594	-63.42
2575.243	-64.42
2578.89	-63.75
2582.533	-64.08
2586.173	-62.42
2589.809	-67.75
2593.443	-65.08
2597.073	-64.08
2600.701	-66.42
2604.325	-65.42
2607.946	-64.08
2611.564	-67.08
2615.178	-63.75
2618.79	-68.08
2622.398	-69.08
2626.004	-66.42
2629.606	-66.08
2633.205	-69.42
2636.801	-66.75
2640.394	-66.42
2643.983	-66.75
2647.57	-69.42
2651.153	-69.42
2654.734	-65.75
2658.311	-65.42
2661.885	-66.75
2665.456	-66.75
2669.025	-64.08
2672.589	-66.75
2676.151	-64.75
2679.71	-66.42
2683.266	-66.42
2686.819	-65.08
2690.368	-65.75
2693.915	-68.75
2697.458	-64.75
2700.999	-64.08
2704.536	-64.75
2708.071	-63.08
2711.602	-65.42
2715.13	-63.42
2718.656	-61.42
2722.178	-63.42
2725.697	-62.42
2729.214	-60.75
2732.727	-57.08
2736.237	-57.42
2739.744	-56.08
2743.249	-56.75
2746.75	-57.08
2750.248	-55.08
2753.743	-55.42
2757.236	-51.42
2760.725	-53.08
2764.211	-54.75
2767.695	-53.75
2771.175	-50.75
2774.652	-52.42
2778.127	-51.42
2781.598	-50.42
2785.067	-49.08
2788.532	-48.75
2791.995	-45.75
2795.455	-43.75
2798.911	-39.75
2802.365	-39.75
2805.816	-37.75
2809.264	-37.08
2812.709	-37.42
2816.151	-34.75
2819.59	-34.42
2823.026	-30.42
2826.46	-32.08
2829.89	-26.42
2833.318	-25.08
2836.742	-24.08
2840.164	-20.42
2843.583	-19.42
2846.999	-16.08
2850.412	-13.08
2853.822	-11.42
2857.229	-10.42
2860.634	-4.08
2864.035	0.58
2867.434	6.25
2870.83	6.92
2874.223	10.92
2877.613	14.25
2881	17.25
2884.385	18.25
2887.766	24.25
2891.145	26.25
2894.521	27.92
2897.894	29.25
2901.264	34.92
2904.631	31.92
2907.996	40.58
2911.358	38.92
2914.717	45.58
2918.073	44.58
2921.426	52.92
2924.777	59.25
2928.124	62.92
2931.469	69.25
2934.811	76.25
2938.15	83.25
2941.487	84.58
2944.821	89.92
2948.152	96.58
2951.48	101.25
2954.805	103.92
2958.128	107.92
2961.447	111.25
2964.765	115.92
2968.079	124.92
2971.39	127.92
2974.699	137.25
2978.005	144.25
2981.308	153.92
2984.609	162.25
2987.907	175.25
2991.202	184.58
2994.494	190.92
2997.784	199.92
3001.07	211.58
3004.355	218.25
3007.636	229.92
3010.915	236.25
3014.191	249.58
3017.464	251.58
3020.734	262.92
3024.002	270.25
3027.267	278.92
3030.53	286.58
3033.789	290.92
3037.046	302.92
3040.301	317.25
3043.552	323.58
3046.801	340.58
3050.048	354.25
3053.291	363.92
3056.532	376.92
3059.771	395.25
3063.006	417.25
3066.239	439.25
3069.469	452.58
3072.697	469.92
3075.922	486.25
3079.144	507.58
3082.364	522.25
3085.581	537.25
3088.795	551.92
3092.007	570.58
3095.216	588.25
3098.423	605.58
3101.627	628.25
3104.828	645.58
3108.026	660.92
3111.222	675.92
3114.416	692.58
3117.607	715.92
3120.795	740.58
3123.98	758.92
3127.163	782.58
3130.344	808.92
3133.521	825.92
3136.696	846.92
3139.869	869.25
3143.039	885.92
3146.206	899.92
3149.371	917.92
3152.533	921.25
3155.693	928.25
3158.85	940.92
3162.005	948.58
3165.157	952.92
3168.306	960.58
3171.453	964.58
3174.597	970.58
3177.739	969.25
3180.878	982.92
3184.014	980.25
3187.149	997.25
3190.28	996.25
3193.409	1001.58
3196.536	1000.58
3199.659	1010.58
3202.781	1022.25
3205.9	1017.58
3209.016	1023.25
3212.13	1021.92
3215.241	1011.25
3218.35	1005.58
3221.456	998.92
3224.56	995.58
3227.661	981.92
3230.76	988.25
3233.856	976.92
3236.95	970.58
3240.041	967.58
3243.13	961.58
3246.216	952.25
3249.3	949.58
3252.382	950.25
3255.46	949.25
3258.537	937.25
3261.611	937.58
3264.682	932.92
3267.751	934.58
3270.818	936.92
3273.882	929.58
3276.943	927.58
3280.002	910.92
3283.059	901.58
3286.113	894.58
3289.165	881.25
3292.214	861.25
3295.261	856.58
3298.306	842.58
3301.348	823.25
3304.387	816.25
3307.425	799.58
3310.459	795.92
3313.492	782.25
3316.521	775.92
3319.549	765.58
3322.574	770.58
3325.597	760.25
3328.617	749.25
3331.635	758.25
3334.65	745.92
3337.663	742.92
3340.674	735.58
3343.682	736.58
3346.688	738.92
3349.691	727.58
3352.692	732.92
3355.691	720.92
3358.687	716.92
3361.681	709.25
3364.673	700.58
3367.662	695.58
3370.649	683.92
3373.633	677.92
3376.615	678.58
3379.595	663.58
3382.572	655.58
3385.547	646.25
3388.52	640.58
3391.49	625.58
3394.458	627.92
3397.424	614.58
3400.387	614.92
3403.348	607.58
3406.307	594.58
3409.263	590.58
3412.217	581.58
3415.168	574.25
3418.118	575.25
3421.065	574.92
3424.009	560.25
3426.951	551.58
3429.891	537.25
3432.829	534.92
3435.764	527.92
3438.697	514.58
3441.628	502.92
3444.557	481.58
3447.483	478.92
3450.407	456.92
3453.328	451.25
3456.247	434.25
3459.164	418.58
3462.079	413.58
3464.991	393.25
3467.902	384.25
3470.809	369.25
3473.715	359.92
3476.618	350.92
3479.519	343.25
3482.418	329.92
3485.315	327.25
3488.209	311.25
3491.101	305.92
3493.99	295.25
3496.878	284.58
3499.763	276.92
3502.646	265.25
3505.527	261.58
3508.405	253.25
3511.281	238.58
3514.155	229.25
3517.027	214.25
3519.897	207.58
3522.764	196.25
3525.629	179.92
3528.492	173.92
3531.352	162.25
3534.211	153.25
3537.067	144.25
3539.921	137.58
3542.773	127.25
3545.622	116.25
3548.469	109.92
3551.315	101.25
3554.157	91.58
3556.998	86.58
3559.837	83.58
3562.673	73.92
3565.507	69.58
3568.339	66.58
3571.169	57.92
3573.996	53.25
3576.822	50.25
3579.645	47.25
3582.466	37.92
3585.285	30.92
3588.101	27.58
3590.916	21.92
3593.728	15.92
3596.538	12.92
3599.346	9.92
3602.152	3.58
3604.956	-0.42
3607.757	-3.08
3610.556	-8.42
3613.354	-10.75
3616.149	-12.42
3618.942	-19.75
3621.732	-20.75
3624.521	-25.42
3627.307	-29.08
3630.092	-31.75
3632.874	-33.42
3635.654	-32.75
3638.432	-37.08
3641.208	-40.08
3643.982	-40.42
3646.753	-45.42
3649.523	-48.08
3652.29	-49.42
3655.055	-53.08
3657.818	-56.42
3660.579	-59.75
3663.338	-59.75
3666.095	-60.75
3668.849	-61.75
3671.602	-67.75
3674.352	-68.08
3677.101	-69.42
3679.847	-70.75
3682.591	-70.75
3685.333	-77.08
3688.073	-74.42
3690.811	-75.75
3693.547	-76.08
3696.281	-80.08
3699.013	-83.08
3701.742	-81.75
3704.47	-82.75
3707.195	-85.42
3709.919	-85.08
3712.64	-82.75
3715.359	-87.08
3718.076	-88.42
3720.792	-87.42
3723.505	-88.75
3726.216	-91.75
3728.925	-89.75
3731.632	-91.75
3734.336	-92.75
3737.039	-92.75
3739.74	-93.75
3742.439	-92.08
3745.136	-94.75
3747.83	-94.75
3750.523	-96.08
3753.213	-95.42
3755.902	-95.42
3758.589	-95.08
3761.273	-96.42
3763.956	-97.75
3766.636	-97.08
3769.315	-98.08
3771.991	-100.42
3774.665	-100.75
3777.338	-100.75
3780.008	-98.42
3782.677	-99.75
3785.343	-97.42
3788.007	-100.42
3790.67	-101.42
3793.33	-99.75
3795.989	-101.08
3798.645	-101.42
3801.299	-102.08
3803.952	-100.08
3806.602	-103.08
3809.251	-101.42
3811.897	-103.42
3814.542	-103.42
3817.184	-104.08
3819.825	-103.75
3822.463	-103.75
3825.1	-104.42
3827.735	-105.75
3830.367	-103.75
3832.998	-103.75
3835.627	-103.42
3838.253	-105.75
3840.878	-104.75
3843.501	-106.42
3846.122	-106.08
3848.741	-105.08
3851.358	-105.42
3853.973	-106.42
3856.586	-105.08
3859.197	-105.75
3861.806	-103.75
3864.414	-104.75
3867.019	-105.75
3869.622	-104.75
3872.224	-104.08
3874.823	-99.75
3877.421	-98.75
3880.016	-97.08
3882.61	-91.75
3885.202	-89.75
3887.792	-90.75
3890.38	-95.42
3892.966	-101.08
3895.55	-101.75
3898.132	-104.08
3900.713	-104.75
3903.291	-105.42
3905.868	-104.42
3908.442	-106.08
3911.015	-105.75
3913.586	-108.42
3916.155	-107.75
3918.722	-107.08
3921.287	-106.08
3923.85	-107.75
3926.411	-109.08
3928.971	-105.42
3931.528	-108.42
3934.084	-108.08
3936.638	-107.75
3939.19	-104.75
3941.74	-106.75
3944.288	-108.42
3946.834	-107.08
3949.378	-106.42
3951.921	-106.75
3954.462	-105.75
3957	-105.42
3959.537	-106.42
3962.072	-105.75
3964.606	-104.75
3967.137	-106.08
3969.667	-105.42
3972.194	-107.08
3974.72	-106.08
3977.244	-104.75
3979.766	-107.75
3982.286	-106.42
3984.805	-105.08
3987.321	-106.42
3989.836	-106.42
3992.349	-106.08
3994.86	-103.08
3997.369	-103.08
3999.877	-104.42
4002.382	-106.75
4004.886	-105.42
4007.388	-105.75
4009.888	-104.75
4012.386	-106.08
4014.883	-106.08
4017.377	-108.08
4019.87	-108.42
4022.361	-106.42
4024.85	-104.08
4027.338	-108.42
4029.823	-108.75
4032.307	-109.42
4034.789	-108.08
4037.269	-107.08
4039.747	-107.42
4042.224	-108.75
4044.699	-106.75
4047.172	-108.08
4049.643	-107.42
4052.112	-106.42
4054.58	-106.08
4057.046	-107.42
4059.51	-105.75
4061.972	-107.42
4064.432	-105.42
4066.891	-105.75
4069.348	-105.08
4071.803	-104.08
4074.256	-104.75
4076.708	-106.75
4079.158	-104.75
4081.606	-104.08
4084.052	-103.08
4086.497	-105.42
4088.939	-104.42
4091.38	-106.75
4093.819	-105.42
4096.257	-109.42
4098.693	-108.75
4101.127	-109.75
4103.559	-109.42
4105.989	-67.75
4108.418	-64.75
4110.845	-63.08
4113.27	-56.42
4115.694	-50.42
4118.115	-43.75
4120.535	-106.42
4122.954	-108.08
4125.37	-106.08
4127.785	-105.75
4130.198	-107.42
4132.609	-105.75
4135.019	-109.42
4137.427	-109.42
4139.833	-106.75
4142.237	-108.08
