160.701	-32.5
166.742	-0.17
172.777	97.83
178.805	389.5
184.826	1093.17
190.841	2300.83
196.849	3630.17
202.85	4518.17
208.845	4718.17
214.833	4550.83
220.815	4331.5
226.789	4188.5
232.758	4063.5
238.719	3910.17
244.674	3738.83
250.623	3539.5
256.565	3356.83
262.5	3168.83
268.429	3027.5
274.351	2866.83
280.267	2736.5
286.176	2618.83
292.079	2515.17
297.975	2422.83
303.865	2343.17
309.748	2284.83
315.625	2221.17
321.495	2179.5
327.359	2136.5
333.217	2102.5
339.068	2102.83
344.912	2089.17
350.751	2068.17
356.583	2066.5
362.408	2062.83
368.227	2059.5
374.04	2079.83
379.847	2104.5
385.647	2129.17
391.44	2119.5
397.228	2102.83
403.009	2120.17
408.784	2143.83
414.553	2214.17
420.315	2287.17
426.071	2272.17
431.821	2192.83
437.565	2134.83
443.302	2102.5
449.033	2090.5
454.758	2061.5
460.477	2055.17
466.189	2036.17
471.896	2013.17
477.596	1999.5
483.29	1986.5
488.978	1964.83
494.66	1950.17
500.335	1916.83
506.005	1866.83
511.668	1837.17
517.325	1791.17
522.977	1749.5
528.622	1727.5
534.261	1708.83
539.894	1681.83
545.521	1655.17
551.141	1636.83
556.756	1635.17
562.365	1604.83
567.968	1593.17
573.565	1581.5
579.155	1565.17
584.74	1538.83
590.319	1515.17
595.892	1523.5
601.459	1494.5
607.02	1476.5
612.575	1457.5
618.124	1449.5
623.667	1418.17
629.204	1418.83
634.735	1389.17
640.261	1396.83
645.781	1407.83
651.294	1402.17
656.802	1380.83
662.304	1339.83
667.8	1324.83
673.29	1313.17
678.775	1294.17
684.254	1283.83
689.726	1266.83
695.193	1250.83
700.655	1243.83
706.11	1228.5
711.56	1211.5
717.004	1195.5
722.442	1189.5
727.874	1169.17
733.301	1161.83
738.722	1151.17
744.137	1150.83
749.547	1144.5
754.951	1138.83
760.349	1142.17
765.741	1117.17
771.128	1102.5
776.509	1102.17
781.885	1100.5
787.254	1090.17
792.618	1069.5
797.977	1057.5
803.33	1045.83
808.677	1026.5
814.019	1011.5
819.355	994.17
824.686	976.83
830.011	958.83
835.33	944.83
840.644	940.17
845.952	935.5
851.255	906.5
856.552	898.5
861.844	888.17
867.13	885.17
872.41	863.5
877.686	845.83
882.955	829.5
888.219	808.5
893.478	787.5
898.731	760.83
903.979	744.83
909.221	732.83
914.458	721.5
919.69	709.5
924.916	704.5
930.136	702.5
935.351	691.83
940.561	689.17
945.766	675.5
950.965	671.83
956.158	656.17
961.347	644.83
966.529	625.17
971.707	612.5
976.879	604.83
982.046	588.83
987.208	586.83
992.364	583.17
997.515	581.5
1002.66	583.83
1007.801	588.83
1012.936	593.83
1018.066	592.83
1023.19	589.83
1028.309	592.17
1033.423	589.5
1038.532	583.5
1043.636	567.5
1048.734	567.83
1053.827	550.83
1058.915	548.17
1063.998	546.5
1069.075	545.17
1074.147	536.5
1079.214	536.5
1084.276	546.83
1089.333	554.83
1094.385	550.5
1099.431	551.83
1104.472	545.83
1109.509	540.5
1114.54	536.17
1119.565	518.83
1124.586	510.17
1129.602	506.17
1134.613	497.83
1139.618	489.5
1144.619	499.83
1149.614	504.17
1154.604	494.5
1159.589	500.17
1164.57	504.5
1169.545	500.5
1174.515	510.5
1179.48	499.83
1184.44	492.5
1189.395	485.5
1194.345	483.17
1199.29	480.83
1204.23	481.83
1209.165	482.5
1214.095	488.17
1219.021	492.17
1223.941	493.17
1228.856	494.17
1233.766	499.5
1238.672	490.17
1243.572	484.83
1248.467	488.17
1253.358	479.17
1258.244	465.83
1263.124	460.17
1268	447.17
1272.871	441.83
1277.737	437.17
1282.599	434.83
1287.455	433.83
1292.306	431.5
1297.153	434.5
1301.995	437.5
1306.832	438.17
1311.664	433.83
1316.491	434.17
1321.314	428.17
1326.132	425.5
1330.945	415.83
1335.753	407.83
1340.556	395.83
1345.354	390.83
1350.148	389.17
1354.937	380.5
1359.722	377.17
1364.501	379.83
1369.276	376.17
1374.046	371.5
1378.811	378.5
1383.572	381.17
1388.327	373.17
1393.079	369.83
1397.825	368.83
1402.567	351.5
1407.304	344.83
1412.036	344.17
1416.764	342.83
1421.487	344.17
1426.205	343.83
1430.919	346.83
1435.628	344.83
1440.333	352.83
1445.032	351.17
1449.727	356.17
1454.418	358.5
1459.104	358.83
1463.785	352.17
1468.462	348.17
1473.134	344.5
1477.802	342.17
1482.465	336.83
1487.123	340.5
1491.777	345.83
1496.426	349.83
1501.071	357.5
1505.711	364.17
1510.347	379.17
1514.978	385.5
1519.604	388.83
1524.226	395.5
1528.844	399.5
1533.457	400.83
1538.065	407.83
1542.669	405.5
1547.269	410.83
1551.864	418.83
1556.454	422.5
1561.041	435.83
1565.622	441.5
1570.199	456.5
1574.772	471.83
1579.34	490.17
1583.904	514.17
1588.464	536.17
1593.019	552.83
1597.569	572.83
1602.115	587.5
1606.657	601.83
1611.195	621.83
1615.728	638.83
1620.256	667.17
1624.78	688.17
1629.3	707.17
1633.816	724.5
1638.327	736.5
1642.834	755.5
1647.336	752.5
1651.834	758.83
1656.328	749.83
1660.817	734.83
1665.302	712.5
1669.783	685.17
1674.259	653.17
1678.732	617.17
1683.199	582.17
1687.663	543.5
1692.122	505.83
1696.577	464.83
1701.028	436.17
1705.474	409.17
1709.917	384.17
1714.355	358.5
1718.788	332.17
1723.218	309.83
1727.643	290.17
1732.064	272.5
1736.481	252.5
1740.893	222.83
1745.301	210.17
1749.705	191.83
1754.105	179.5
1758.501	163.17
1762.893	154.5
1767.28	141.5
1771.663	136.83
1776.042	129.83
1780.417	126.83
1784.787	124.17
1789.154	125.5
1793.516	116.17
1797.874	116.5
1802.228	115.17
1806.578	112.17
1810.924	103.83
1815.266	93.5
1819.603	90.83
1823.937	88.83
1828.266	80.5
1832.591	78.83
1836.913	78.5
1841.23	78.17
1845.543	74.83
1849.852	77.5
1854.156	77.83
1858.457	76.5
1862.754	76.5
1867.047	76.83
1871.335	76.83
1875.62	79.17
1879.9	77.17
1884.177	81.5
1888.449	74.5
1892.718	73.17
1896.982	77.17
1901.243	72.17
1905.499	73.17
1909.752	72.17
1914	73.17
1918.245	74.17
1922.485	75.5
1926.722	81.17
1930.954	85.83
1935.183	86.83
1939.408	85.17
1943.628	89.5
1947.845	88.17
1952.058	87.83
1956.267	88.83
1960.472	87.5
1964.673	86.83
1968.87	81.5
1973.063	81.83
1977.252	81.17
1981.438	80.5
1985.619	80.83
1989.797	80.83
1993.971	82.17
1998.14	84.83
2002.306	85.17
2006.469	89.5
2010.627	88.5
2014.781	93.17
2018.932	94.17
2023.078	90.17
2027.221	91.83
2031.36	91.17
2035.495	91.17
2039.627	90.5
2043.754	94.83
2047.878	92.17
2051.998	95.83
2056.114	95.83
2060.226	100.17
2064.334	98.17
2068.439	104.17
2072.54	106.83
2076.637	108.17
2080.73	111.83
2084.82	113.5
2088.906	117.83
2092.988	117.17
2097.066	114.17
2101.14	113.17
2105.211	115.5
2109.278	112.17
2113.342	106.5
2117.401	102.5
2121.457	101.17
2125.509	103.17
2129.558	97.83
2133.602	96.83
2137.643	92.17
2141.681	94.5
2145.714	88.83
2149.744	86.5
2153.77	87.83
2157.793	85.17
2161.812	77.83
2165.827	76.83
2169.838	73.83
2173.846	64.17
2177.851	65.17
2181.851	63.83
2185.848	56.83
2189.841	57.83
2193.831	52.17
2197.817	49.5
2201.799	48.17
2205.778	44.83
2209.753	39.17
2213.725	39.17
2217.693	39.83
2221.657	34.5
2225.618	33.5
2229.575	28.5
2233.529	28.17
2237.479	25.17
2241.425	19.83
2245.368	18.17
2249.307	13.17
2253.243	10.83
2257.175	7.83
2261.104	7.5
2265.029	3.83
2268.95	3.5
2272.868	2.17
2276.783	-1.83
2280.694	-6.5
2284.601	-6.83
2288.505	-11.83
2292.405	-10.83
2296.302	-12.5
2300.195	-14.83
2304.085	-21.5
2307.971	-19.17
2311.854	-24.17
2315.734	-27.5
2319.609	-28.83
2323.482	-27.83
2327.351	-29.83
2331.216	-29.83
2335.078	-32.17
2338.937	-33.17
2342.792	-36.5
2346.643	-36.83
2350.492	-37.17
2354.336	-40.5
2358.178	-38.17
2362.015	-37.17
2365.85	-39.83
2369.681	-37.5
2373.508	-38.83
2377.333	-43.17
2381.153	-40.5
2384.971	-42.17
2388.785	-44.5
2392.595	-41.17
2396.402	-42.83
2400.206	-47.17
2404.007	-50.17
2407.804	-50.83
2411.597	-49.83
2415.388	-48.17
2419.174	-49.83
2422.958	-51.83
2426.738	-51.17
2430.515	-51.83
2434.289	-52.17
2438.059	-52.17
2441.825	-52.5
2445.589	-53.5
2449.349	-53.5
2453.106	-52.17
2456.859	-52.83
2460.61	-55.83
2464.356	-54.5
2468.1	-57.17
2471.84	-56.17
2475.577	-57.17
2479.311	-57.83
2483.041	-55.83
2486.768	-58.5
2490.492	-60.83
2494.213	-58.5
2497.93	-60.5
2501.644	-58.83
2505.355	-60.17
2509.062	-62.17
2512.766	-61.83
2516.467	-60.83
2520.165	-61.5
2523.859	-64.5
2527.551	-61.83
2531.239	-61.83
2534.923	-61.83
2538.605	-62.5
2542.283	-59.5
2545.958	-59.83
2549.63	-64.5
2553.299	-62.83
2556.964	-62.17
2560.626	-64.5
2564.285	-64.17
2567.941	-64.83
2571.594	-65.83
2575.243	-63.5
2578.89	-67.5
2582.533	-67.83
2586.173	-65.83
2589.809	-69.5
2593.443	-68.5
2597.073	-67.83
2600.701	-68.83
2604.325	-70.5
2607.946	-69.5
2611.564	-70.17
2615.178	-67.17
2618.79	-68.17
2622.398	-72.5
2626.004	-66.5
2629.606	-68.17
2633.205	-68.17
2636.801	-69.5
2640.394	-70.5
2643.983	-65.83
2647.57	-70.5
2651.153	-68.17
2654.734	-70.83
2658.311	-71.83
2661.885	-70.5
2665.456	-70.17
2669.025	-71.17
2672.589	-69.5
2676.151	-67.17
2679.71	-72.83
2683.266	-71.5
2686.819	-69.5
2690.368	-71.17
2693.915	-71.17
2697.458	-68.17
2700.999	-66.17
2704.536	-65.83
2708.071	-65.83
2711.602	-70.17
2715.13	-66.17
2718.656	-65.17
2722.178	-65.17
2725.697	-64.17
2729.214	-65.17
2732.727	-62.17
2736.237	-60.83
2739.744	-61.17
2743.249	-60.83
2746.75	-60.17
2750.248	-59.83
2753.743	-58.5
2757.236	-58.5
2760.725	-56.17
2764.211	-57.83
2767.695	-55.5
2771.175	-51.17
2774.652	-54.5
2778.127	-51.83
2781.598	-49.5
2785.067	-49.83
2788.532	-47.83
2791.995	-47.5
2795.455	-48.5
2798.911	-44.17
2802.365	-44.5
2805.816	-42.83
2809.264	-39.5
2812.709	-39.17
2816.151	-37.17
2819.59	-36.5
2823.026	-33.17
2826.46	-31.83
2829.89	-28.83
2833.318	-27.17
2836.742	-25.5
2840.164	-25.5
2843.583	-20.5
2846.999	-16.5
2850.412	-12.83
2853.822	-11.5
2857.229	-12.5
2860.634	-5.83
2864.035	-3.17
2867.434	2.83
2870.83	3.5
2874.223	7.5
2877.613	8.5
2881	12.17
2884.385	14.5
2887.766	17.83
2891.145	21.5
2894.521	26.17
2897.894	24.17
2901.264	31.83
2904.631	31.17
2907.996	36.5
2911.358	40.5
2914.717	43.83
2918.073	46.83
2921.426	50.83
2924.777	56.83
2928.124	57.5
2931.469	64.83
2934.811	73.5
2938.15	78.5
2941.487	82.83
2944.821	83.5
2948.152	91.83
2951.48	100.5
2954.805	104.83
2958.128	113.17
2961.447	118.17
2964.765	122.83
2968.079	128.17
2971.39	134.5
2974.699	140.5
2978.005	150.83
2981.308	162.17
2984.609	173.5
2987.907	179.83
2991.202	190.17
2994.494	201.17
2997.784	212.5
3001.07	224.5
3004.355	234.83
3007.636	243.17
3010.915	254.5
3014.191	261.5
3017.464	271.17
3020.734	276.83
3024.002	286.83
3027.267	294.5
3030.53	306.17
3033.789	312.17
3037.046	327.5
3040.301	334.83
3043.552	351.83
3046.801	366.5
3050.048	375.5
3053.291	398.83
3056.532	410.5
3059.771	427.83
3063.006	445.17
3066.239	462.83
3069.469	487.17
3072.697	510.17
3075.922	518.17
3079.144	542.5
3082.364	562.5
3085.581	573.17
3088.795	600.17
3092.007	621.83
3095.216	627.5
3098.423	645.5
3101.627	668.5
3104.828	691.5
3108.026	710.83
3111.222	733.5
3114.416	751.83
3117.607	765.83
3120.795	796.5
3123.98	813.5
3127.163	841.5
3130.344	857.5
3133.521	885.17
3136.696	912.83
3139.869	935.17
3143.039	947.5
3146.206	966.83
3149.371	978.17
3152.533	993.83
3155.693	1000.5
3158.85	1008.83
3162.005	1014.5
3165.157	1024.83
3168.306	1031.83
3171.453	1033.17
3174.597	1038.83
3177.739	1038.5
3180.878	1048.5
3184.014	1058.5
3187.149	1060.83
3190.28	1061.5
3193.409	1069.17
3196.536	1071.5
3199.659	1085.17
3202.781	1084.17
3205.9	1089.83
3209.016	1085.5
3212.13	1083.17
3215.241	1084.83
3218.35	1074.17
3221.456	1070.17
3224.56	1060.17
3227.661	1056.83
3230.76	1040.83
3233.856	1051.83
3236.95	1029.17
3240.041	1029.17
3243.13	1022.5
3246.216	1017.17
3249.3	1016.17
3252.382	1001.83
3255.46	1013.83
3258.537	998.83
3261.611	1000.83
3264.682	1000.83
3267.751	996.5
3270.818	994.83
3273.882	990.5
3276.943	980.17
3280.002	973.83
3283.059	963.5
3286.113	950.83
3289.165	936.17
3292.214	921.83
3295.261	910.17
3298.306	903.17
3301.348	885.83
3304.387	872.17
3307.425	848.17
3310.459	841.17
3313.492	836.83
3316.521	830.5
3319.549	815.17
3322.574	802.83
3325.597	811.5
3328.617	797.83
3331.635	789.5
3334.65	787.83
3337.663	786.5
3340.674	788.5
3343.682	774.17
3346.688	776.17
3349.691	780.17
3352.692	773.5
3355.691	769.17
3358.687	758.17
3361.681	759.5
3364.673	745.83
3367.662	744.83
3370.649	732.83
3373.633	719.83
3376.615	710.5
3379.595	699.17
3382.572	694.5
3385.547	681.17
3388.52	681.5
3391.49	663.5
3394.458	656.83
3397.424	642.17
3400.387	642.83
3403.348	631.83
3406.307	631.17
3409.263	623.17
3412.217	616.5
3415.168	617.17
3418.118	606.5
3421.065	601.17
3424.009	592.83
3426.951	583.83
3429.891	581.17
3432.829	566.5
3435.764	560.17
3438.697	543.83
3441.628	532.83
3444.557	520.17
3447.483	507.83
3450.407	485.83
3453.328	481.17
3456.247	464.5
3459.164	453.83
3462.079	443.5
3464.991	424.17
3467.902	412.83
3470.809	397.83
3473.715	383.83
3476.618	378.17
3479.519	368.17
3482.418	354.5
3485.315	342.17
3488.209	335.5
3491.101	325.83
3493.99	321.83
3496.878	303.83
3499.763	297.83
3502.646	287.17
3505.527	279.17
3508.405	270.17
3511.281	258.83
3514.155	248.17
3517.027	232.83
3519.897	221.83
3522.764	215.17
3525.629	199.17
3528.492	192.5
3531.352	179.83
3534.211	167.17
3537.067	155.5
3539.921	147.83
3542.773	135.17
3545.622	131.17
3548.469	120.5
3551.315	112.83
3554.157	103.83
3556.998	98.83
3559.837	91.5
3562.673	84.5
3565.507	79.17
3568.339	72.5
3571.169	70.5
3573.996	61.83
3576.822	54.83
3579.645	52.17
3582.466	43.17
3585.285	39.17
3588.101	35.17
3590.916	27.17
3593.728	20.83
3596.538	15.83
3599.346	14.5
3602.152	8.5
3604.956	3.5
3607.757	-1.5
3610.556	-7.17
3613.354	-6.5
3616.149	-13.5
3618.942	-16.17
3621.732	-19.83
3624.521	-22.5
3627.307	-27.5
3630.092	-31.17
3632.874	-34.83
3635.654	-32.83
3638.432	-36.83
3641.208	-37.17
3643.982	-40.83
3646.753	-45.5
3649.523	-48.5
3652.29	-46.83
3655.055	-52.5
3657.818	-57.17
3660.579	-59.5
3663.338	-59.5
3666.095	-62.17
3668.849	-65.17
3671.602	-70.5
3674.352	-68.5
3677.101	-69.83
3679.847	-73.83
3682.591	-74.17
3685.333	-76.17
3688.073	-76.5
3690.811	-80.17
3693.547	-82.17
3696.281	-83.83
3699.013	-84.5
3701.742	-83.5
3704.47	-85.83
3707.195	-86.5
3709.919	-88.5
3712.64	-87.83
3715.359	-90.83
3718.076	-90.17
3720.792	-92.5
3723.505	-93.17
3726.216	-93.17
3728.925	-94.83
3731.632	-95.83
3734.336	-94.5
3737.039	-97.17
3739.74	-98.5
3742.439	-95.5
3745.136	-97.5
3747.83	-98.5
3750.523	-99.83
3753.213	-100.5
3755.902	-99.17
3758.589	-101.17
3761.273	-100.83
3763.956	-102.5
3766.636	-103.5
3769.315	-103.5
3771.991	-103.83
3774.665	-105.17
3777.338	-106.5
3780.008	-102.5
3782.677	-104.5
3785.343	-104.83
3788.007	-104.17
3790.67	-107.83
3793.33	-104.83
3795.989	-105.5
3798.645	-104.5
3801.299	-105.83
3803.952	-104.17
3806.602	-106.5
3809.251	-106.17
3811.897	-107.83
3814.542	-108.5
3817.184	-109.5
3819.825	-108.17
3822.463	-109.17
3825.1	-109.5
3827.735	-110.17
3830.367	-108.5
3832.998	-110.5
3835.627	-111.83
3838.253	-111.5
3840.878	-111.17
3843.501	-112.17
3846.122	-114.17
3848.741	-109.5
3851.358	-111.5
3853.973	-113.5
3856.586	-110.17
3859.197	-109.83
3861.806	-108.83
3864.414	-110.5
3867.019	-110.5
3869.622	-109.5
3872.224	-107.5
3874.823	-103.17
3877.421	-102.83
3880.016	-97.5
3882.61	-91.83
3885.202	-90.5
3887.792	-93.5
3890.38	-100.83
3892.966	-105.17
3895.55	-109.5
3898.132	-111.83
3900.713	-110.5
3903.291	-112.5
3905.868	-113.83
3908.442	-111.83
3911.015	-111.17
3913.586	-114.17
3916.155	-113.17
3918.722	-113.17
3921.287	-110.83
3923.85	-110.83
3926.411	-111.17
3928.971	-111.17
3931.528	-111.5
3934.084	-112.5
3936.638	-109.83
3939.19	-110.83
3941.74	-110.5
3944.288	-113.83
3946.834	-112.5
3949.378	-111.17
3951.921	-112.83
3954.462	-111.17
3957	-109.83
3959.537	-113.17
3962.072	-112.5
3964.606	-112.5
3967.137	-113.5
3969.667	-111.5
3972.194	-112.5
3974.72	-111.17
3977.244	-110.83
3979.766	-109.83
3982.286	-111.83
3984.805	-110.83
3987.321	-111.5
3989.836	-110.5
3992.349	-109.17
3994.86	-108.17
3997.369	-108.5
3999.877	-108.83
4002.382	-110.83
4004.886	-109.17
4007.388	-111.83
4009.888	-109.83
4012.386	-112.17
4014.883	-113.17
4017.377	-113.83
4019.87	-114.83
4022.361	-112.5
4024.85	-112.5
4027.338	-114.83
4029.823	-115.5
4032.307	-113.83
4034.789	-113.17
4037.269	-111.17
4039.747	-112.5
4042.224	-114.17
4044.699	-111.83
4047.172	-112.83
4049.643	-112.17
4052.112	-110.83
4054.58	-110.17
4057.046	-111.5
4059.51	-110.5
4061.972	-112.5
4064.432	-110.5
4066.891	-109.17
4069.348	-110.17
4071.803	-111.83
4074.256	-112.5
4076.708	-112.5
4079.158	-109.17
4081.606	-110.17
4084.052	-110.17
4086.497	-112.83
4088.939	-111.83
4091.38	-112.17
4093.819	-111.17
4096.257	-114.17
4098.693	-114.17
4101.127	-114.83
4103.559	-113.83
4105.989	-71.17
4108.418	-69.17
4110.845	-68.83
4113.27	-60.83
4115.694	-53.17
4118.115	-48.83
4120.535	-111.83
4122.954	-113.17
4125.37	-111.5
4127.785	-110.5
4130.198	-112.5
4132.609	-111.5
4135.019	-113.83
4137.427	-114.17
4139.833	-113.5
4142.237	-113.17
