160.701	-6.75
166.742	0.92
172.777	28.25
178.805	107.25
184.826	287.92
190.841	594.58
196.849	911.92
202.85	1132.92
208.845	1180.58
214.833	1140.92
220.815	1103.92
226.789	1074.58
232.758	1052.25
238.719	1025.92
244.674	993.25
250.623	964.58
256.565	930.25
262.5	890.58
268.429	860.25
274.351	835.25
280.267	804.58
286.176	782.92
292.079	764.25
297.975	751.25
303.865	737.92
309.748	728.58
315.625	715.25
321.495	706.25
327.359	705.25
333.217	702.25
339.068	704.58
344.912	703.25
350.751	695.58
356.583	691.25
362.408	703.92
368.227	701.92
374.04	713.58
379.847	738.58
385.647	742.25
391.44	735.58
397.228	736.25
403.009	731.58
408.784	753.92
414.553	803.58
420.315	870.25
426.071	868.92
431.821	805.58
437.565	756.58
443.302	732.92
449.033	718.25
454.758	715.92
460.477	709.25
466.189	706.25
471.896	692.92
477.596	683.25
483.29	689.25
488.978	677.92
494.66	678.92
500.335	657.25
506.005	638.92
511.668	614.92
517.325	594.58
522.977	579.25
528.622	556.58
534.261	547.92
539.894	540.58
545.521	538.58
551.141	523.92
556.756	522.58
562.365	522.58
567.968	515.58
573.565	514.92
579.155	507.92
584.74	501.92
590.319	495.92
595.892	497.58
601.459	497.92
607.02	499.58
612.575	486.58
618.124	477.92
623.667	468.58
629.204	462.58
634.735	465.92
640.261	487.58
645.781	498.25
651.294	500.92
656.802	488.92
662.304	461.92
667.8	445.25
673.29	441.92
678.775	439.25
684.254	433.58
689.726	430.58
695.193	423.25
700.655	418.58
706.11	416.58
711.56	415.25
717.004	410.58
722.442	408.25
727.874	401.25
733.301	404.92
738.722	406.25
744.137	404.58
749.547	405.25
754.951	409.25
760.349	405.92
765.741	405.92
771.128	394.25
776.509	397.25
781.885	395.58
787.254	398.25
792.618	395.25
797.977	392.92
803.33	388.92
808.677	381.92
814.019	375.25
819.355	374.25
824.686	364.92
830.011	359.25
835.33	364.25
840.644	360.25
845.952	353.92
851.255	350.25
856.552	341.58
861.844	341.92
867.13	339.25
872.41	332.92
877.686	326.25
882.955	319.92
888.219	319.25
893.478	309.25
898.731	304.25
903.979	296.92
909.221	298.92
914.458	289.58
919.69	283.92
924.916	285.58
930.136	283.58
935.351	280.92
940.561	284.25
945.766	275.25
950.965	276.58
956.158	276.58
961.347	270.92
966.529	268.92
971.707	258.92
976.879	256.92
982.046	257.58
987.208	255.58
992.364	254.25
997.515	251.58
1002.66	252.58
1007.801	254.58
1012.936	254.58
1018.066	256.58
1023.19	257.92
1028.309	258.25
1033.423	258.92
1038.532	256.92
1043.636	257.58
1048.734	249.92
1053.827	247.92
1058.915	248.58
1063.998	244.92
1069.075	244.58
1074.147	248.25
1079.214	249.58
1084.276	242.58
1089.333	245.25
1094.385	248.58
1099.431	244.58
1104.472	244.25
1109.509	236.25
1114.54	232.58
1119.565	230.92
1124.586	228.58
1129.602	230.25
1134.613	222.25
1139.618	219.58
1144.619	222.92
1149.614	222.58
1154.604	224.58
1159.589	230.58
1164.57	227.92
1169.545	227.92
1174.515	231.25
1179.48	224.58
1184.44	225.92
1189.395	222.58
1194.345	214.58
1199.29	217.58
1204.23	216.92
1209.165	219.92
1214.095	213.25
1219.021	214.25
1223.941	219.92
1228.856	219.92
1233.766	223.25
1238.672	223.25
1243.572	218.25
1248.467	217.25
1253.358	214.58
1258.244	211.25
1263.124	205.92
1268	198.92
1272.871	195.25
1277.737	196.58
1282.599	191.58
1287.455	192.92
1292.306	197.25
1297.153	196.25
1301.995	197.25
1306.832	197.25
1311.664	198.92
1316.491	192.25
1321.314	192.58
1326.132	193.58
1330.945	188.25
1335.753	184.92
1340.556	185.25
1345.354	177.92
1350.148	175.92
1354.937	175.58
1359.722	177.58
1364.501	172.92
1369.276	175.25
1374.046	173.25
1378.811	172.25
1383.572	171.58
1388.327	171.58
1393.079	167.25
1397.825	164.25
1402.567	163.58
1407.304	159.58
1412.036	160.25
1416.764	157.58
1421.487	154.92
1426.205	157.25
1430.919	156.58
1435.628	158.58
1440.333	161.25
1445.032	157.92
1449.727	161.92
1454.418	164.25
1459.104	161.58
1463.785	162.25
1468.462	157.92
1473.134	158.25
1477.802	153.25
1482.465	153.25
1487.123	151.58
1491.777	154.25
1496.426	153.25
1501.071	161.25
1505.711	158.25
1510.347	167.58
1514.978	165.25
1519.604	166.92
1524.226	172.25
1528.844	171.25
1533.457	167.25
1538.065	175.58
1542.669	170.58
1547.269	171.58
1551.864	168.58
1556.454	173.25
1561.041	170.25
1565.622	175.92
1570.199	173.92
1574.772	178.58
1579.34	184.92
1583.904	190.58
1588.464	189.92
1593.019	197.25
1597.569	201.92
1602.115	205.58
1606.657	209.25
1611.195	211.25
1615.728	214.92
1620.256	223.58
1624.78	225.92
1629.3	233.58
1633.816	233.92
1638.327	238.92
1642.834	244.25
1647.336	244.25
1651.834	239.25
1656.328	241.25
1660.817	234.92
1665.302	227.25
1669.783	219.92
1674.259	217.92
1678.732	207.25
1683.199	201.58
1687.663	186.92
1692.122	175.58
1696.577	169.92
1701.028	161.92
1705.474	159.25
1709.917	150.58
1714.355	145.58
1718.788	137.92
1723.218	128.92
1727.643	123.92
1732.064	124.58
1736.481	117.92
1740.893	108.25
1745.301	100.25
1749.705	98.58
1754.105	94.25
1758.501	85.58
1762.893	85.25
1767.28	80.25
1771.663	78.58
1776.042	81.25
1780.417	76.92
1784.787	74.25
1789.154	77.25
1793.516	78.25
1797.874	73.92
1802.228	78.92
1806.578	77.25
1810.924	75.58
1815.266	65.58
1819.603	73.92
1823.937	68.25
1828.266	63.25
1832.591	65.25
1836.913	63.25
1841.23	61.92
1845.543	59.58
1849.852	59.58
1854.156	60.25
1858.457	61.58
1862.754	59.92
1867.047	65.92
1871.335	65.92
1875.62	62.58
1879.9	64.25
1884.177	61.92
1888.449	62.58
1892.718	62.92
1896.982	62.58
1901.243	58.92
1905.499	60.58
1909.752	59.92
1914	60.92
1918.245	60.58
1922.485	60.58
1926.722	61.92
1930.954	63.58
1935.183	64.58
1939.408	60.92
1943.628	64.92
1947.845	60.58
1952.058	64.25
1956.267	62.25
1960.472	58.25
1964.673	57.58
1968.87	62.92
1973.063	58.58
1977.252	57.58
1981.438	55.25
1985.619	58.58
1989.797	54.25
1993.971	50.92
1998.14	54.25
2002.306	51.58
2006.469	56.92
2010.627	53.92
2014.781	52.92
2018.932	51.92
2023.078	52.25
2027.221	54.25
2031.36	54.25
2035.495	51.92
2039.627	53.58
2043.754	53.58
2047.878	53.25
2051.998	54.58
2056.114	52.25
2060.226	54.25
2064.334	54.25
2068.439	54.92
2072.54	55.25
2076.637	56.58
2080.73	55.92
2084.82	57.92
2088.906	57.58
2092.988	58.58
2097.066	58.92
2101.14	59.58
2105.211	58.58
2109.278	54.25
2113.342	55.92
2117.401	56.58
2121.457	53.25
2125.509	55.92
2129.558	54.25
2133.602	52.25
2137.643	49.25
2141.681	50.25
2145.714	47.92
2149.744	48.92
2153.77	45.25
2157.793	48.58
2161.812	43.58
2165.827	42.58
2169.838	44.25
2173.846	40.58
2177.851	40.58
2181.851	39.58
2185.848	37.58
2189.841	35.25
2193.831	32.58
2197.817	32.92
2201.799	35.25
2205.778	33.92
2209.753	32.92
2213.725	33.92
2217.693	34.25
2221.657	31.92
2225.618	32.92
2229.575	28.25
2233.529	29.58
2237.479	26.58
2241.425	24.92
2245.368	24.58
2249.307	24.92
2253.243	22.92
2257.175	21.25
2261.104	18.92
2265.029	19.25
2268.95	17.92
2272.868	16.92
2276.783	16.25
2280.694	16.58
2284.601	13.58
2288.505	13.92
2292.405	12.25
2296.302	13.25
2300.195	13.25
2304.085	9.58
2307.971	12.58
2311.854	7.92
2315.734	8.58
2319.609	6.25
2323.482	7.58
2327.351	6.25
2331.216	5.25
2335.078	3.92
2338.937	3.58
2342.792	4.92
2346.643	5.25
2350.492	0.92
2354.336	3.58
2358.178	3.25
2362.015	4.25
2365.85	2.92
2369.681	2.58
2373.508	3.58
2377.333	3.25
2381.153	4.92
2384.971	1.92
2388.785	0.92
2392.595	-0.42
2396.402	0.25
2400.206	-0.08
2404.007	-3.75
2407.804	-1.42
2411.597	-0.08
2415.388	2.58
2419.174	0.92
2422.958	-0.42
2426.738	-0.42
2430.515	0.58
2434.289	-1.42
2438.059	-0.42
2441.825	-2.08
2445.589	-1.08
2449.349	-3.08
2453.106	-0.75
2456.859	-3.75
2460.61	-3.08
2464.356	-3.75
2468.1	-3.08
2471.84	-4.42
2475.577	-4.08
2479.311	-2.42
2483.041	-4.08
2486.768	-6.08
2490.492	-4.42
2494.213	-3.42
2497.93	-4.42
2501.644	-3.08
2505.355	-4.75
2509.062	-3.08
2512.766	-3.42
2516.467	-4.75
2520.165	-5.75
2523.859	-8.08
2527.551	-6.75
2531.239	-6.08
2534.923	-7.42
2538.605	-7.42
2542.283	-5.08
2545.958	-4.75
2549.63	-6.75
2553.299	-6.08
2556.964	-7.08
2560.626	-5.75
2564.285	-6.08
2567.941	-5.08
2571.594	-7.42
2575.243	-7.42
2578.89	-9.42
2582.533	-8.08
2586.173	-7.42
2589.809	-9.75
2593.443	-10.42
2597.073	-10.08
2600.701	-10.75
2604.325	-10.42
2607.946	-10.42
2611.564	-11.42
2615.178	-10.42
2618.79	-12.75
2622.398	-12.75
2626.004	-9.42
2629.606	-9.75
2633.205	-11.42
2636.801	-11.42
2640.394	-8.75
2643.983	-10.08
2647.57	-11.08
2651.153	-12.42
2654.734	-11.42
2658.311	-11.75
2661.885	-11.75
2665.456	-12.75
2669.025	-10.75
2672.589	-13.42
2676.151	-13.75
2679.71	-14.42
2683.266	-13.42
2686.819	-11.75
2690.368	-11.08
2693.915	-12.75
2697.458	-10.42
2700.999	-11.42
2704.536	-9.75
2708.071	-9.42
2711.602	-11.75
2715.13	-10.75
2718.656	-10.42
2722.178	-9.42
2725.697	-13.08
2729.214	-11.42
2732.727	-11.08
2736.237	-13.42
2739.744	-11.75
2743.249	-8.42
2746.75	-11.42
2750.248	-9.75
2753.743	-9.08
2757.236	-8.08
2760.725	-8.08
2764.211	-7.75
2767.695	-6.75
2771.175	-5.75
2774.652	-7.08
2778.127	-5.42
2781.598	-8.42
2785.067	-7.08
2788.532	-7.42
2791.995	-7.08
2795.455	-9.42
2798.911	-5.75
2802.365	-7.08
2805.816	-6.75
2809.264	-6.42
2812.709	-7.08
2816.151	-4.08
2819.59	-6.08
2823.026	-1.75
2826.46	-5.08
2829.89	-3.42
2833.318	-0.42
2836.742	-0.08
2840.164	-0.42
2843.583	0.25
2846.999	2.58
2850.412	2.25
2853.822	3.25
2857.229	-0.08
2860.634	4.25
2864.035	4.25
2867.434	4.92
2870.83	5.25
2874.223	7.25
2877.613	7.58
2881	8.58
2884.385	9.25
2887.766	11.25
2891.145	9.58
2894.521	14.92
2897.894	11.92
2901.264	13.92
2904.631	16.58
2907.996	17.58
2911.358	15.58
2914.717	14.25
2918.073	16.92
2921.426	19.25
2924.777	19.58
2928.124	18.92
2931.469	22.58
2934.811	22.92
2938.15	24.25
2941.487	29.25
2944.821	24.58
2948.152	27.92
2951.48	30.25
2954.805	31.92
2958.128	32.58
2961.447	37.92
2964.765	40.92
2968.079	39.92
2971.39	38.58
2974.699	41.58
2978.005	44.58
2981.308	47.92
2984.609	47.58
2987.907	51.92
2991.202	53.92
2994.494	58.25
2997.784	58.92
3001.07	62.92
3004.355	65.25
3007.636	68.25
3010.915	67.92
3014.191	73.25
3017.464	73.58
3020.734	79.58
3024.002	77.92
3027.267	85.58
3030.53	84.58
3033.789	86.92
3037.046	88.58
3040.301	90.92
3043.552	95.58
3046.801	100.58
3050.048	103.92
3053.291	106.25
3056.532	112.25
3059.771	115.92
3063.006	119.25
3066.239	125.92
3069.469	131.25
3072.697	135.92
3075.922	140.25
3079.144	146.92
3082.364	151.92
3085.581	156.58
3088.795	157.58
3092.007	167.58
3095.216	172.92
3098.423	173.25
3101.627	178.92
3104.828	186.92
3108.026	190.92
3111.222	195.58
3114.416	203.58
3117.607	206.58
3120.795	211.92
3123.98	220.25
3127.163	222.58
3130.344	232.25
3133.521	237.25
3136.696	244.58
3139.869	249.25
3143.039	253.92
3146.206	261.25
3149.371	267.25
3152.533	264.92
3155.693	268.25
3158.85	273.92
3162.005	273.92
3165.157	273.92
3168.306	274.92
3171.453	278.58
3174.597	279.25
3177.739	277.58
3180.878	277.58
3184.014	278.58
3187.149	289.58
3190.28	285.58
3193.409	286.58
3196.536	284.92
3199.659	292.58
3202.781	291.92
3205.9	295.58
3209.016	293.25
3212.13	294.92
3215.241	287.92
3218.35	293.92
3221.456	287.25
3224.56	283.25
3227.661	286.25
3230.76	286.92
3233.856	282.25
3236.95	279.58
3240.041	275.58
3243.13	274.92
3246.216	268.25
3249.3	272.58
3252.382	270.92
3255.46	272.25
3258.537	269.25
3261.611	269.92
3264.682	273.58
3267.751	272.58
3270.818	268.58
3273.882	266.58
3276.943	262.25
3280.002	263.58
3283.059	263.58
3286.113	258.58
3289.165	258.25
3292.214	250.58
3295.261	248.25
3298.306	242.92
3301.348	237.25
3304.387	229.25
3307.425	229.58
3310.459	226.58
3313.492	226.25
3316.521	222.58
3319.549	221.92
3322.574	216.25
3325.597	217.92
3328.617	213.58
3331.635	214.58
3334.65	212.92
3337.663	215.58
3340.674	217.25
3343.682	215.92
3346.688	214.92
3349.691	215.25
3352.692	208.58
3355.691	209.92
3358.687	206.58
3361.681	202.58
3364.673	199.25
3367.662	199.25
3370.649	199.58
3373.633	192.58
3376.615	193.92
3379.595	189.25
3382.572	190.92
3385.547	185.58
3388.52	183.25
3391.49	180.25
3394.458	182.92
3397.424	180.92
3400.387	180.92
3403.348	175.25
3406.307	175.25
3409.263	167.92
3412.217	169.58
3415.168	166.58
3418.118	161.92
3421.065	162.92
3424.009	161.25
3426.951	156.92
3429.891	155.58
3432.829	156.25
3435.764	156.25
3438.697	151.25
3441.628	146.92
3444.557	141.58
3447.483	141.92
3450.407	132.25
3453.328	134.25
3456.247	129.58
3459.164	123.25
3462.079	121.25
3464.991	116.25
3467.902	114.25
3470.809	107.25
3473.715	101.92
3476.618	102.25
3479.519	99.92
3482.418	95.25
3485.315	94.25
3488.209	94.25
3491.101	92.25
3493.99	88.58
3496.878	86.58
3499.763	82.92
3502.646	84.58
3505.527	80.92
3508.405	75.25
3511.281	70.25
3514.155	69.25
3517.027	61.58
3519.897	59.25
3522.764	56.58
3525.629	55.92
3528.492	52.92
3531.352	48.25
3534.211	44.92
3537.067	42.25
3539.921	42.58
3542.773	38.92
3545.622	34.58
3548.469	32.58
3551.315	32.58
3554.157	28.25
3556.998	26.92
3559.837	26.58
3562.673	24.58
3565.507	23.58
3568.339	20.92
3571.169	18.58
3573.996	14.92
3576.822	14.92
3579.645	13.92
3582.466	12.58
3585.285	8.25
3588.101	6.25
3590.916	7.92
3593.728	4.92
3596.538	2.25
3599.346	4.58
3602.152	-0.08
3604.956	0.58
3607.757	2.92
3610.556	-2.08
3613.354	-2.08
3616.149	-1.75
3618.942	-4.42
3621.732	-6.08
3624.521	-5.75
3627.307	-6.08
3630.092	-10.08
3632.874	-11.08
3635.654	-8.75
3638.432	-11.08
3641.208	-14.08
3643.982	-13.08
3646.753	-16.08
3649.523	-14.75
3652.29	-11.75
3655.055	-14.42
3657.818	-16.75
3660.579	-17.08
3663.338	-16.42
3666.095	-18.08
3668.849	-16.42
3671.602	-19.75
3674.352	-19.75
3677.101	-18.75
3679.847	-21.08
3682.591	-19.08
3685.333	-22.42
3688.073	-22.08
3690.811	-23.08
3693.547	-24.08
3696.281	-22.75
3699.013	-25.08
3701.742	-22.08
3704.47	-24.42
3707.195	-23.08
3709.919	-23.42
3712.64	-21.75
3715.359	-22.75
3718.076	-23.42
3720.792	-23.42
3723.505	-27.42
3726.216	-26.75
3728.925	-27.42
3731.632	-27.08
3734.336	-27.75
3737.039	-28.75
3739.74	-28.42
3742.439	-26.75
3745.136	-27.08
3747.83	-28.42
3750.523	-25.75
3753.213	-29.42
3755.902	-25.08
3758.589	-26.75
3761.273	-26.08
3763.956	-28.08
3766.636	-27.75
3769.315	-27.75
3771.991	-26.75
3774.665	-28.75
3777.338	-30.08
3780.008	-28.08
3782.677	-28.42
3785.343	-29.42
3788.007	-29.75
3790.67	-31.42
3793.33	-30.42
3795.989	-29.75
3798.645	-29.75
3801.299	-29.42
3803.952	-28.08
3806.602	-30.08
3809.251	-29.42
3811.897	-29.08
3814.542	-30.08
3817.184	-30.75
3819.825	-29.42
3822.463	-30.08
3825.1	-31.75
3827.735	-30.42
3830.367	-30.42
3832.998	-29.75
3835.627	-32.08
3838.253	-32.42
3840.878	-31.75
3843.501	-32.75
3846.122	-32.75
3848.741	-30.42
3851.358	-31.75
3853.973	-34.08
3856.586	-30.75
3859.197	-29.42
3861.806	-32.42
3864.414	-30.75
3867.019	-30.08
3869.622	-30.75
3872.224	-30.42
3874.823	-26.75
3877.421	-28.08
3880.016	-25.75
3882.61	-22.42
3885.202	-21.75
3887.792	-24.75
3890.38	-27.08
3892.966	-28.75
3895.55	-30.42
3898.132	-31.42
3900.713	-28.75
3903.291	-31.08
3905.868	-31.75
3908.442	-29.42
3911.015	-31.42
3913.586	-32.75
3916.155	-31.08
3918.722	-31.42
3921.287	-32.08
3923.85	-30.42
3926.411	-31.08
3928.971	-30.42
3931.528	-30.42
3934.084	-32.08
3936.638	-31.75
3939.19	-32.75
3941.74	-30.75
3944.288	-33.42
3946.834	-32.75
3949.378	-31.42
3951.921	-32.08
3954.462	-30.08
3957	-29.08
3959.537	-30.42
3962.072	-31.42
3964.606	-30.08
3967.137	-31.08
3969.667	-31.08
3972.194	-30.42
3974.72	-30.42
3977.244	-30.75
3979.766	-32.08
3982.286	-31.42
3984.805	-32.75
3987.321	-31.75
3989.836	-32.08
3992.349	-33.08
3994.86	-31.42
3997.369	-29.08
3999.877	-31.08
4002.382	-32.08
4004.886	-31.08
4007.388	-32.75
4009.888	-30.75
4012.386	-31.75
4014.883	-33.08
4017.377	-35.08
4019.87	-34.08
4022.361	-30.42
4024.85	-30.08
4027.338	-33.75
4029.823	-34.42
4032.307	-33.75
4034.789	-32.42
4037.269	-32.42
4039.747	-32.08
4042.224	-34.08
4044.699	-30.08
4047.172	-32.75
4049.643	-32.08
4052.112	-32.42
4054.58	-30.42
4057.046	-31.75
4059.51	-31.75
4061.972	-31.08
4064.432	-31.08
4066.891	-28.75
4069.348	-30.75
4071.803	-31.75
4074.256	-32.08
4076.708	-31.75
4079.158	-28.75
4081.606	-28.75
4084.052	-28.75
4086.497	-31.42
4088.939	-29.42
4091.38	-29.75
4093.819	-30.42
4096.257	-32.08
4098.693	-30.42
4101.127	-31.08
4103.559	-32.42
4105.989	-16.42
4108.418	-11.42
4110.845	-15.08
4113.27	-14.08
4115.694	-10.08
4118.115	-9.75
4120.535	-31.08
4122.954	-32.08
4125.37	-31.08
4127.785	-29.08
4130.198	-31.75
4132.609	-30.75
4135.019	-32.75
4137.427	-34.08
4139.833	-31.75
4142.237	-31.08
