160.701	-7.42
166.742	2.58
172.777	28.25
178.805	101.58
184.826	279.58
190.841	559.58
196.849	867.58
202.85	1078.92
208.845	1126.25
214.833	1103.25
220.815	1053.25
226.789	1030.25
232.758	1006.25
238.719	981.92
244.674	952.25
250.623	917.58
256.565	871.25
262.5	843.25
268.429	812.25
274.351	789.58
280.267	767.58
286.176	744.25
292.079	721.58
297.975	716.25
303.865	690.92
309.748	685.92
315.625	675.25
321.495	672.58
327.359	662.25
333.217	661.58
339.068	654.58
344.912	659.58
350.751	664.92
356.583	658.58
362.408	654.58
368.227	666.58
374.04	676.92
379.847	688.92
385.647	705.25
391.44	694.92
397.228	688.92
403.009	691.25
408.784	716.92
414.553	759.92
420.315	821.58
426.071	827.92
431.821	762.25
437.565	710.25
443.302	695.25
449.033	687.25
454.758	675.58
460.477	678.25
466.189	664.25
471.896	657.58
477.596	656.92
483.29	650.25
488.978	646.92
494.66	634.25
500.335	616.58
506.005	603.58
511.668	577.25
517.325	557.92
522.977	542.58
528.622	529.58
534.261	515.92
539.894	507.25
545.521	497.58
551.141	499.25
556.756	488.92
562.365	483.92
567.968	485.92
573.565	479.25
579.155	474.58
584.74	472.25
590.319	462.25
595.892	462.25
601.459	462.58
607.02	459.92
612.575	450.92
618.124	444.58
623.667	434.25
629.204	439.25
634.735	437.92
640.261	445.25
645.781	463.25
651.294	469.58
656.802	449.58
662.304	426.25
667.8	410.58
673.29	413.58
678.775	403.25
684.254	402.58
689.726	396.92
695.193	385.25
700.655	388.92
706.11	385.92
711.56	384.25
717.004	379.25
722.442	374.25
727.874	374.25
733.301	375.25
738.722	376.92
744.137	374.58
749.547	381.25
754.951	382.58
760.349	379.25
765.741	375.92
771.128	363.92
776.509	367.58
781.885	365.25
787.254	371.58
792.618	369.25
797.977	364.25
803.33	360.92
808.677	351.58
814.019	350.92
819.355	345.92
824.686	340.92
830.011	339.25
835.33	332.92
840.644	333.25
845.952	325.92
851.255	319.58
856.552	320.25
861.844	308.58
867.13	307.25
872.41	304.58
877.686	301.25
882.955	289.25
888.219	286.92
893.478	286.92
898.731	274.58
903.979	272.25
909.221	270.58
914.458	266.92
919.69	267.58
924.916	260.92
930.136	262.58
935.351	255.25
940.561	259.58
945.766	256.92
950.965	253.25
956.158	250.25
961.347	244.25
966.529	242.25
971.707	237.58
976.879	236.25
982.046	227.25
987.208	222.92
992.364	227.58
997.515	227.92
1002.66	232.58
1007.801	231.92
1012.936	236.92
1018.066	233.25
1023.19	238.25
1028.309	239.92
1033.423	236.58
1038.532	235.92
1043.636	229.58
1048.734	231.58
1053.827	228.25
1058.915	223.92
1063.998	220.58
1069.075	220.92
1074.147	219.58
1079.214	226.92
1084.276	220.92
1089.333	220.92
1094.385	221.58
1099.431	222.25
1104.472	220.25
1109.509	219.58
1114.54	218.58
1119.565	212.92
1124.586	207.25
1129.602	206.58
1134.613	204.92
1139.618	206.25
1144.619	203.58
1149.614	202.25
1154.604	202.58
1159.589	207.92
1164.57	205.58
1169.545	203.92
1174.515	204.25
1179.48	200.25
1184.44	203.58
1189.395	202.92
1194.345	199.58
1199.29	199.92
1204.23	196.58
1209.165	198.92
1214.095	198.92
1219.021	202.58
1223.941	199.58
1228.856	200.58
1233.766	204.25
1238.672	200.25
1243.572	195.92
1248.467	199.58
1253.358	194.25
1258.244	190.58
1263.124	184.58
1268	184.58
1272.871	184.92
1277.737	177.25
1282.599	178.92
1287.455	176.92
1292.306	176.58
1297.153	176.25
1301.995	182.58
1306.832	179.92
1311.664	180.58
1316.491	179.25
1321.314	174.25
1326.132	180.25
1330.945	168.58
1335.753	169.25
1340.556	166.58
1345.354	163.25
1350.148	162.92
1354.937	162.25
1359.722	158.58
1364.501	155.25
1369.276	155.58
1374.046	157.25
1378.811	159.92
1383.572	158.25
1388.327	156.58
1393.079	152.92
1397.825	151.25
1402.567	150.25
1407.304	148.92
1412.036	142.25
1416.764	140.92
1421.487	144.92
1426.205	141.92
1430.919	142.92
1435.628	143.58
1440.333	146.92
1445.032	143.92
1449.727	147.58
1454.418	146.25
1459.104	143.92
1463.785	144.92
1468.462	141.25
1473.134	139.25
1477.802	140.25
1482.465	142.92
1487.123	139.58
1491.777	141.92
1496.426	143.58
1501.071	150.92
1505.711	147.58
1510.347	149.92
1514.978	156.25
1519.604	153.92
1524.226	156.58
1528.844	159.25
1533.457	153.58
1538.065	159.58
1542.669	152.58
1547.269	153.58
1551.864	153.25
1556.454	156.58
1561.041	160.92
1565.622	159.25
1570.199	164.58
1574.772	166.58
1579.34	172.92
1583.904	179.92
1588.464	180.25
1593.019	186.25
1597.569	188.58
1602.115	192.58
1606.657	195.25
1611.195	201.25
1615.728	202.92
1620.256	205.92
1624.78	213.58
1629.3	214.58
1633.816	219.92
1638.327	224.92
1642.834	226.25
1647.336	226.92
1651.834	231.25
1656.328	228.25
1660.817	219.92
1665.302	217.92
1669.783	206.58
1674.259	202.92
1678.732	191.25
1683.199	187.25
1687.663	172.58
1692.122	166.25
1696.577	157.25
1701.028	150.92
1705.474	143.58
1709.917	139.58
1714.355	133.58
1718.788	125.25
1723.218	118.92
1727.643	114.58
1732.064	111.92
1736.481	103.58
1740.893	99.25
1745.301	94.58
1749.705	91.25
1754.105	86.25
1758.501	81.25
1762.893	81.58
1767.28	73.58
1771.663	74.58
1776.042	73.58
1780.417	71.58
1784.787	70.25
1789.154	69.92
1793.516	67.92
1797.874	70.25
1802.228	67.92
1806.578	64.58
1810.924	63.92
1815.266	57.92
1819.603	60.92
1823.937	59.58
1828.266	57.92
1832.591	57.25
1836.913	58.92
1841.23	58.92
1845.543	54.92
1849.852	56.25
1854.156	54.25
1858.457	56.25
1862.754	53.92
1867.047	53.58
1871.335	54.92
1875.62	55.25
1879.9	57.25
1884.177	52.58
1888.449	53.92
1892.718	55.92
1896.982	54.58
1901.243	54.25
1905.499	54.58
1909.752	56.25
1914	54.92
1918.245	56.25
1922.485	55.25
1926.722	52.92
1930.954	59.58
1935.183	56.92
1939.408	56.92
1943.628	58.92
1947.845	56.92
1952.058	56.25
1956.267	54.58
1960.472	52.92
1964.673	52.58
1968.87	51.58
1973.063	51.58
1977.252	50.92
1981.438	47.92
1985.619	50.58
1989.797	48.25
1993.971	48.25
1998.14	45.58
2002.306	47.92
2006.469	49.25
2010.627	49.25
2014.781	48.58
2018.932	49.25
2023.078	51.25
2027.221	49.25
2031.36	47.58
2035.495	47.92
2039.627	47.92
2043.754	50.58
2047.878	49.92
2051.998	49.92
2056.114	47.92
2060.226	47.58
2064.334	48.58
2068.439	50.25
2072.54	47.58
2076.637	49.92
2080.73	53.58
2084.82	54.25
2088.906	56.25
2092.988	54.58
2097.066	52.58
2101.14	53.25
2105.211	52.25
2109.278	52.58
2113.342	49.92
2117.401	51.58
2121.457	51.25
2125.509	48.25
2129.558	48.92
2133.602	48.25
2137.643	44.92
2141.681	45.25
2145.714	42.58
2149.744	43.92
2153.77	44.25
2157.793	43.25
2161.812	39.25
2165.827	39.25
2169.838	39.92
2173.846	37.25
2177.851	36.58
2181.851	38.25
2185.848	35.25
2189.841	35.25
2193.831	30.58
2197.817	31.92
2201.799	29.58
2205.778	28.92
2209.753	29.25
2213.725	26.58
2217.693	28.25
2221.657	30.58
2225.618	28.58
2229.575	26.58
2233.529	26.25
2237.479	26.25
2241.425	24.92
2245.368	23.58
2249.307	19.58
2253.243	20.92
2257.175	18.58
2261.104	19.92
2265.029	18.58
2268.95	15.92
2272.868	15.92
2276.783	12.92
2280.694	13.58
2284.601	11.58
2288.505	11.58
2292.405	10.92
2296.302	10.25
2300.195	9.58
2304.085	9.25
2307.971	8.25
2311.854	6.92
2315.734	7.25
2319.609	5.25
2323.482	6.92
2327.351	3.58
2331.216	5.92
2335.078	4.25
2338.937	0.58
2342.792	2.92
2346.643	2.92
2350.492	2.25
2354.336	2.25
2358.178	0.58
2362.015	4.58
2365.85	2.92
2369.681	1.58
2373.508	2.92
2377.333	0.58
2381.153	2.92
2384.971	-0.08
2388.785	-0.75
2392.595	-0.75
2396.402	2.58
2400.206	0.25
2404.007	-0.08
2407.804	-1.42
2411.597	-0.08
2415.388	-1.75
2419.174	-0.42
2422.958	-3.08
2426.738	-2.08
2430.515	-0.75
2434.289	-1.08
2438.059	-2.42
2441.825	-3.08
2445.589	-1.42
2449.349	-1.75
2453.106	-0.42
2456.859	-1.42
2460.61	-2.75
2464.356	-4.08
2468.1	-3.42
2471.84	-5.08
2475.577	-3.08
2479.311	-3.08
2483.041	-6.75
2486.768	-5.08
2490.492	-6.42
2494.213	-6.75
2497.93	-5.42
2501.644	-4.08
2505.355	-4.75
2509.062	-5.08
2512.766	-6.08
2516.467	-4.08
2520.165	-4.42
2523.859	-5.75
2527.551	-6.75
2531.239	-5.08
2534.923	-6.08
2538.605	-6.75
2542.283	-5.75
2545.958	-5.08
2549.63	-6.42
2553.299	-9.08
2556.964	-6.08
2560.626	-8.75
2564.285	-8.08
2567.941	-10.08
2571.594	-11.08
2575.243	-9.08
2578.89	-12.08
2582.533	-8.42
2586.173	-8.75
2589.809	-9.42
2593.443	-8.75
2597.073	-9.42
2600.701	-9.42
2604.325	-11.75
2607.946	-10.08
2611.564	-11.42
2615.178	-8.08
2618.79	-11.08
2622.398	-11.75
2626.004	-11.75
2629.606	-11.08
2633.205	-14.08
2636.801	-12.75
2640.394	-11.42
2643.983	-9.75
2647.57	-13.75
2651.153	-12.42
2654.734	-12.42
2658.311	-11.75
2661.885	-11.42
2665.456	-12.08
2669.025	-10.42
2672.589	-11.42
2676.151	-12.08
2679.71	-12.08
2683.266	-13.08
2686.819	-12.75
2690.368	-12.08
2693.915	-13.08
2697.458	-12.08
2700.999	-12.75
2704.536	-10.75
2708.071	-12.75
2711.602	-13.75
2715.13	-12.08
2718.656	-11.42
2722.178	-11.42
2725.697	-11.42
2729.214	-11.75
2732.727	-8.42
2736.237	-9.75
2739.744	-9.42
2743.249	-10.75
2746.75	-10.42
2750.248	-8.75
2753.743	-11.42
2757.236	-8.75
2760.725	-7.75
2764.211	-9.42
2767.695	-10.75
2771.175	-7.42
2774.652	-9.42
2778.127	-7.42
2781.598	-8.75
2785.067	-7.42
2788.532	-6.42
2791.995	-6.75
2795.455	-8.42
2798.911	-7.08
2802.365	-6.75
2805.816	-5.42
2809.264	-5.75
2812.709	-5.08
2816.151	-5.08
2819.59	-5.42
2823.026	-7.08
2826.46	-5.75
2829.89	-3.75
2833.318	-3.08
2836.742	-2.75
2840.164	-2.42
2843.583	-1.42
2846.999	0.92
2850.412	1.58
2853.822	0.92
2857.229	-2.75
2860.634	2.58
2864.035	6.58
2867.434	2.92
2870.83	4.92
2874.223	8.92
2877.613	5.92
2881	8.58
2884.385	9.25
2887.766	10.25
2891.145	7.92
2894.521	10.58
2897.894	11.58
2901.264	12.58
2904.631	11.92
2907.996	12.92
2911.358	14.25
2914.717	15.58
2918.073	17.25
2921.426	16.58
2924.777	18.92
2928.124	19.92
2931.469	16.25
2934.811	21.92
2938.15	22.92
2941.487	24.58
2944.821	22.58
2948.152	26.58
2951.48	26.58
2954.805	29.25
2958.128	28.92
2961.447	32.92
2964.765	36.25
2968.079	35.58
2971.39	35.25
2974.699	36.58
2978.005	41.92
2981.308	44.92
2984.609	45.58
2987.907	51.58
2991.202	51.58
2994.494	55.92
2997.784	57.58
3001.07	61.25
3004.355	63.25
3007.636	63.25
3010.915	66.25
3014.191	67.92
3017.464	71.92
3020.734	76.92
3024.002	76.25
3027.267	80.92
3030.53	82.25
3033.789	81.92
3037.046	83.58
3040.301	88.58
3043.552	92.25
3046.801	97.92
3050.048	100.25
3053.291	106.25
3056.532	108.25
3059.771	113.58
3063.006	118.25
3066.239	123.58
3069.469	128.92
3072.697	134.58
3075.922	137.58
3079.144	144.58
3082.364	148.25
3085.581	150.25
3088.795	155.58
3092.007	162.92
3095.216	168.58
3098.423	166.25
3101.627	176.58
3104.828	179.58
3108.026	185.58
3111.222	189.58
3114.416	198.92
3117.607	203.92
3120.795	209.92
3123.98	216.92
3127.163	222.58
3130.344	226.25
3133.521	232.58
3136.696	240.58
3139.869	239.58
3143.039	247.92
3146.206	253.92
3149.371	257.25
3152.533	256.92
3155.693	260.58
3158.85	266.92
3162.005	267.92
3165.157	267.25
3168.306	268.25
3171.453	269.58
3174.597	271.58
3177.739	271.58
3180.878	273.58
3184.014	273.92
3187.149	278.25
3190.28	280.92
3193.409	277.92
3196.536	284.92
3199.659	284.58
3202.781	281.92
3205.9	287.92
3209.016	285.25
3212.13	285.25
3215.241	282.58
3218.35	281.25
3221.456	278.25
3224.56	276.25
3227.661	273.58
3230.76	275.58
3233.856	270.25
3236.95	267.25
3240.041	267.58
3243.13	267.92
3246.216	264.58
3249.3	264.58
3252.382	266.58
3255.46	266.92
3258.537	263.92
3261.611	259.92
3264.682	263.58
3267.751	260.58
3270.818	262.58
3273.882	258.92
3276.943	256.92
3280.002	255.58
3283.059	253.58
3286.113	248.58
3289.165	247.92
3292.214	241.25
3295.261	241.58
3298.306	235.25
3301.348	231.58
3304.387	225.25
3307.425	223.58
3310.459	221.25
3313.492	218.58
3316.521	214.58
3319.549	215.92
3322.574	213.58
3325.597	208.25
3328.617	206.92
3331.635	204.58
3334.65	202.92
3337.663	204.58
3340.674	205.92
3343.682	211.25
3346.688	202.58
3349.691	203.58
3352.692	203.92
3355.691	197.25
3358.687	200.92
3361.681	202.25
3364.673	199.25
3367.662	192.92
3370.649	190.92
3373.633	193.25
3376.615	186.58
3379.595	186.25
3382.572	180.92
3385.547	182.25
3388.52	183.92
3391.49	174.25
3394.458	172.92
3397.424	171.25
3400.387	167.92
3403.348	164.92
3406.307	166.92
3409.263	161.58
3412.217	162.58
3415.168	158.25
3418.118	160.25
3421.065	159.25
3424.009	160.58
3426.951	155.92
3429.891	152.58
3432.829	151.25
3435.764	151.25
3438.697	149.92
3441.628	144.25
3444.557	135.58
3447.483	134.58
3450.407	130.92
3453.328	129.92
3456.247	120.92
3459.164	116.25
3462.079	115.25
3464.991	114.58
3467.902	107.92
3470.809	102.25
3473.715	101.92
3476.618	99.58
3479.519	98.58
3482.418	95.92
3485.315	92.92
3488.209	85.92
3491.101	88.92
3493.99	85.25
3496.878	81.58
3499.763	77.92
3502.646	75.92
3505.527	72.25
3508.405	75.92
3511.281	66.92
3514.155	62.25
3517.027	60.25
3519.897	57.58
3522.764	58.25
3525.629	52.25
3528.492	50.58
3531.352	46.25
3534.211	43.92
3537.067	42.58
3539.921	41.58
3542.773	39.25
3545.622	33.92
3548.469	30.25
3551.315	29.92
3554.157	27.92
3556.998	25.25
3559.837	24.92
3562.673	22.58
3565.507	19.25
3568.339	17.92
3571.169	15.58
3573.996	16.92
3576.822	15.92
3579.645	15.25
3582.466	13.58
3585.285	10.92
3588.101	7.92
3590.916	10.58
3593.728	3.92
3596.538	3.92
3599.346	3.58
3602.152	2.58
3604.956	-1.42
3607.757	1.25
3610.556	-1.75
3613.354	-1.08
3616.149	-3.75
3618.942	-5.75
3621.732	-6.75
3624.521	-6.42
3627.307	-8.42
3630.092	-10.42
3632.874	-9.42
3635.654	-8.08
3638.432	-10.08
3641.208	-12.08
3643.982	-11.42
3646.753	-14.08
3649.523	-10.75
3652.29	-12.42
3655.055	-12.75
3657.818	-16.42
3660.579	-17.42
3663.338	-16.42
3666.095	-18.75
3668.849	-18.42
3671.602	-19.42
3674.352	-19.08
3677.101	-19.42
3679.847	-20.42
3682.591	-20.08
3685.333	-20.08
3688.073	-20.42
3690.811	-22.08
3693.547	-21.08
3696.281	-21.75
3699.013	-23.08
3701.742	-22.75
3704.47	-23.42
3707.195	-21.75
3709.919	-22.08
3712.64	-22.75
3715.359	-23.42
3718.076	-21.75
3720.792	-23.75
3723.505	-26.08
3726.216	-25.75
3728.925	-24.08
3731.632	-25.42
3734.336	-26.75
3737.039	-26.08
3739.74	-27.42
3742.439	-23.42
3745.136	-25.42
3747.83	-28.08
3750.523	-26.75
3753.213	-26.75
3755.902	-25.42
3758.589	-24.75
3761.273	-26.75
3763.956	-28.42
3766.636	-26.08
3769.315	-27.75
3771.991	-25.42
3774.665	-28.42
3777.338	-26.42
3780.008	-27.42
3782.677	-26.42
3785.343	-27.08
3788.007	-28.75
3790.67	-28.75
3793.33	-29.42
3795.989	-28.08
3798.645	-28.42
3801.299	-27.75
3803.952	-28.42
3806.602	-30.08
3809.251	-27.42
3811.897	-28.08
3814.542	-32.08
3817.184	-30.08
3819.825	-29.08
3822.463	-27.75
3825.1	-30.08
3827.735	-30.08
3830.367	-27.75
3832.998	-27.08
3835.627	-30.08
3838.253	-31.08
3840.878	-31.08
3843.501	-31.08
3846.122	-33.08
3848.741	-30.42
3851.358	-31.08
3853.973	-33.08
3856.586	-32.08
3859.197	-29.42
3861.806	-30.08
3864.414	-29.42
3867.019	-30.08
3869.622	-28.75
3872.224	-29.08
3874.823	-25.75
3877.421	-25.42
3880.016	-22.75
3882.61	-21.08
3885.202	-19.75
3887.792	-19.08
3890.38	-23.42
3892.966	-26.08
3895.55	-29.42
3898.132	-30.75
3900.713	-29.42
3903.291	-30.75
3905.868	-31.75
3908.442	-29.75
3911.015	-30.75
3913.586	-29.75
3916.155	-31.08
3918.722	-30.42
3921.287	-29.42
3923.85	-29.42
3926.411	-29.42
3928.971	-27.08
3931.528	-29.08
3934.084	-29.08
3936.638	-30.08
3939.19	-28.42
3941.74	-28.75
3944.288	-29.75
3946.834	-32.08
3949.378	-32.08
3951.921	-31.08
3954.462	-31.75
3957	-28.75
3959.537	-30.08
3962.072	-31.08
3964.606	-29.42
3967.137	-30.08
3969.667	-28.75
3972.194	-31.08
3974.72	-29.42
3977.244	-27.75
3979.766	-27.75
3982.286	-28.08
3984.805	-28.42
3987.321	-28.42
3989.836	-29.42
3992.349	-31.08
3994.86	-28.42
3997.369	-29.08
3999.877	-31.75
4002.382	-31.75
4004.886	-31.75
4007.388	-32.08
4009.888	-32.42
4012.386	-32.75
4014.883	-31.75
4017.377	-32.75
4019.87	-32.08
4022.361	-30.75
4024.85	-27.75
4027.338	-31.42
4029.823	-31.08
4032.307	-30.42
4034.789	-29.42
4037.269	-29.42
4039.747	-30.75
4042.224	-31.42
4044.699	-29.75
4047.172	-31.08
4049.643	-32.08
4052.112	-32.08
4054.58	-30.42
4057.046	-31.42
4059.51	-29.75
4061.972	-31.42
4064.432	-29.42
4066.891	-30.42
4069.348	-28.42
4071.803	-28.75
4074.256	-30.42
4076.708	-29.75
4079.158	-28.08
4081.606	-26.75
4084.052	-28.42
4086.497	-28.08
4088.939	-28.75
4091.38	-29.42
4093.819	-29.42
4096.257	-29.42
4098.693	-29.42
4101.127	-31.42
4103.559	-31.08
4105.989	-14.75
4108.418	-13.75
4110.845	-14.75
4113.27	-12.08
4115.694	-10.08
4118.115	-10.42
4120.535	-30.42
4122.954	-29.75
4125.37	-29.42
4127.785	-29.42
4130.198	-30.75
4132.609	-29.75
4135.019	-30.75
4137.427	-32.75
4139.833	-31.08
4142.237	-30.42
