160.701	-6.29
166.742	1.37
172.777	25.37
178.805	107.37
184.826	289.71
190.841	593.71
196.849	926.04
202.85	1151.04
208.845	1201.71
214.833	1165.71
220.815	1134.37
226.789	1098.71
232.758	1078.04
238.719	1042.71
244.674	1011.37
250.623	984.71
256.565	943.71
262.5	903.71
268.429	873.37
274.351	847.37
280.267	824.04
286.176	806.04
292.079	786.37
297.975	765.37
303.865	747.37
309.748	734.04
315.625	727.04
321.495	722.37
327.359	716.71
333.217	713.04
339.068	711.04
344.912	710.71
350.751	712.37
356.583	707.37
362.408	720.37
368.227	718.04
374.04	731.37
379.847	746.04
385.647	761.04
391.44	748.04
397.228	742.37
403.009	750.71
408.784	767.71
414.553	821.04
420.315	877.71
426.071	879.71
431.821	817.71
437.565	765.37
443.302	741.04
449.033	739.04
454.758	728.71
460.477	718.04
466.189	719.37
471.896	704.37
477.596	696.37
483.29	701.04
488.978	691.37
494.66	686.04
500.335	670.71
506.005	654.04
511.668	628.71
517.325	596.04
522.977	582.71
528.622	575.37
534.261	563.04
539.894	547.71
545.521	549.04
551.141	535.37
556.756	533.04
562.365	528.71
567.968	522.37
573.565	525.37
579.155	524.37
584.74	512.71
590.319	512.04
595.892	509.71
601.459	511.71
607.02	497.71
612.575	490.71
618.124	482.37
623.667	480.71
629.204	472.04
634.735	477.04
640.261	493.04
645.781	505.04
651.294	507.04
656.802	486.37
662.304	472.71
667.8	457.37
673.29	450.37
678.775	443.71
684.254	443.71
689.726	441.37
695.193	433.71
700.655	431.37
706.11	424.37
711.56	425.04
717.004	421.71
722.442	413.71
727.874	414.04
733.301	410.71
738.722	413.71
744.137	413.04
749.547	419.37
754.951	418.37
760.349	417.37
765.741	410.37
771.128	411.04
776.509	405.37
781.885	405.04
787.254	409.04
792.618	403.37
797.977	398.71
803.33	393.04
808.677	394.04
814.019	389.04
819.355	384.71
824.686	371.37
830.011	365.71
835.33	362.37
840.644	365.04
845.952	358.71
851.255	355.71
856.552	352.04
861.844	344.71
867.13	341.71
872.41	336.71
877.686	334.37
882.955	330.71
888.219	326.04
893.478	317.37
898.731	310.71
903.979	305.04
909.221	299.37
914.458	296.37
919.69	293.37
924.916	287.04
930.136	290.04
935.351	288.71
940.561	291.04
945.766	283.71
950.965	283.71
956.158	278.04
961.347	275.37
966.529	271.37
971.707	269.04
976.879	260.37
982.046	256.37
987.208	260.71
992.364	257.71
997.515	256.04
1002.66	261.04
1007.801	264.71
1012.936	255.71
1018.066	264.04
1023.19	264.04
1028.309	264.37
1033.423	264.71
1038.532	261.04
1043.636	261.04
1048.734	261.04
1053.827	253.04
1058.915	254.04
1063.998	252.37
1069.075	250.37
1074.147	247.37
1079.214	247.37
1084.276	247.04
1089.333	252.37
1094.385	250.37
1099.431	255.04
1104.472	246.37
1109.509	242.37
1114.54	242.71
1119.565	236.04
1124.586	231.71
1129.602	229.71
1134.613	225.04
1139.618	220.37
1144.619	229.04
1149.614	225.71
1154.604	229.37
1159.589	229.71
1164.57	233.04
1169.545	228.04
1174.515	231.71
1179.48	224.37
1184.44	224.71
1189.395	224.37
1194.345	223.37
1199.29	223.04
1204.23	220.04
1209.165	221.71
1214.095	219.04
1219.021	223.04
1223.941	222.04
1228.856	227.37
1233.766	226.37
1238.672	225.04
1243.572	223.71
1248.467	222.37
1253.358	219.04
1258.244	214.37
1263.124	209.04
1268	204.71
1272.871	201.37
1277.737	196.37
1282.599	197.04
1287.455	195.71
1292.306	198.37
1297.153	199.71
1301.995	198.71
1306.832	198.37
1311.664	198.71
1316.491	198.37
1321.314	194.37
1326.132	193.37
1330.945	191.37
1335.753	191.71
1340.556	183.37
1345.354	183.37
1350.148	179.04
1354.937	177.04
1359.722	175.37
1364.501	174.37
1369.276	175.37
1374.046	178.71
1378.811	175.71
1383.572	174.37
1388.327	175.37
1393.079	169.37
1397.825	168.71
1402.567	166.04
1407.304	162.04
1412.036	161.04
1416.764	158.71
1421.487	159.71
1426.205	161.37
1430.919	160.04
1435.628	162.37
1440.333	164.37
1445.032	166.04
1449.727	163.04
1454.418	166.04
1459.104	164.37
1463.785	159.71
1468.462	159.04
1473.134	156.04
1477.802	154.37
1482.465	156.71
1487.123	154.37
1491.777	156.37
1496.426	156.37
1501.071	160.37
1505.711	159.04
1510.347	166.04
1514.978	171.04
1519.604	167.04
1524.226	170.71
1528.844	172.04
1533.457	172.04
1538.065	171.04
1542.669	167.71
1547.269	170.04
1551.864	169.37
1556.454	172.37
1561.041	176.04
1565.622	172.71
1570.199	178.04
1574.772	183.37
1579.34	190.37
1583.904	193.37
1588.464	196.04
1593.019	201.37
1597.569	205.04
1602.115	210.71
1606.657	216.71
1611.195	216.04
1615.728	219.04
1620.256	223.37
1624.78	229.71
1629.3	230.37
1633.816	237.71
1638.327	239.37
1642.834	243.37
1647.336	243.37
1651.834	245.37
1656.328	244.37
1660.817	239.37
1665.302	244.04
1669.783	229.37
1674.259	221.37
1678.732	209.37
1683.199	202.04
1687.663	190.37
1692.122	174.37
1696.577	173.71
1701.028	164.37
1705.474	155.04
1709.917	150.04
1714.355	142.37
1718.788	140.71
1723.218	131.71
1727.643	127.37
1732.064	121.37
1736.481	114.71
1740.893	106.04
1745.301	103.37
1749.705	97.04
1754.105	95.37
1758.501	87.71
1762.893	85.04
1767.28	85.37
1771.663	84.71
1776.042	86.04
1780.417	77.37
1784.787	79.37
1789.154	78.04
1793.516	78.37
1797.874	74.71
1802.228	73.37
1806.578	74.71
1810.924	75.04
1815.266	65.71
1819.603	65.37
1823.937	68.04
1828.266	61.37
1832.591	63.04
1836.913	64.04
1841.23	63.04
1845.543	63.04
1849.852	60.71
1854.156	60.37
1858.457	63.37
1862.754	61.04
1867.047	60.04
1871.335	63.37
1875.62	63.04
1879.9	59.37
1884.177	61.04
1888.449	59.71
1892.718	58.71
1896.982	61.04
1901.243	62.04
1905.499	60.37
1909.752	61.71
1914	61.04
1918.245	61.04
1922.485	61.04
1926.722	60.37
1930.954	66.37
1935.183	65.04
1939.408	63.37
1943.628	65.71
1947.845	62.04
1952.058	63.37
1956.267	62.04
1960.472	59.04
1964.673	59.04
1968.87	57.71
1973.063	54.37
1977.252	57.04
1981.438	53.71
1985.619	54.04
1989.797	53.37
1993.971	54.37
1998.14	54.37
2002.306	56.71
2006.469	58.04
2010.627	55.04
2014.781	57.71
2018.932	55.71
2023.078	55.71
2027.221	56.04
2031.36	56.37
2035.495	53.04
2039.627	52.37
2043.754	53.37
2047.878	52.71
2051.998	52.71
2056.114	50.37
2060.226	56.04
2064.334	55.04
2068.439	55.37
2072.54	56.04
2076.637	56.37
2080.73	58.37
2084.82	60.37
2088.906	57.04
2092.988	59.04
2097.066	57.71
2101.14	58.04
2105.211	56.37
2109.278	55.04
2113.342	55.04
2117.401	53.71
2121.457	52.37
2125.509	53.37
2129.558	51.04
2133.602	51.37
2137.643	48.04
2141.681	50.37
2145.714	47.37
2149.744	50.37
2153.77	46.71
2157.793	47.37
2161.812	47.71
2165.827	45.04
2169.838	45.04
2173.846	43.37
2177.851	39.04
2181.851	39.37
2185.848	37.37
2189.841	36.71
2193.831	35.04
2197.817	32.71
2201.799	32.37
2205.778	32.37
2209.753	30.04
2213.725	31.71
2217.693	31.71
2221.657	32.71
2225.618	32.71
2229.575	29.04
2233.529	28.71
2237.479	28.37
2241.425	29.37
2245.368	26.71
2249.307	20.37
2253.243	23.04
2257.175	21.37
2261.104	20.37
2265.029	17.71
2268.95	18.04
2272.868	17.04
2276.783	15.37
2280.694	14.37
2284.601	14.37
2288.505	13.71
2292.405	12.04
2296.302	14.04
2300.195	11.37
2304.085	8.04
2307.971	10.37
2311.854	10.37
2315.734	8.71
2319.609	8.04
2323.482	6.37
2327.351	4.71
2331.216	4.71
2335.078	4.71
2338.937	4.04
2342.792	5.37
2346.643	3.71
2350.492	3.04
2354.336	2.37
2358.178	3.04
2362.015	3.71
2365.85	2.04
2369.681	4.37
2373.508	2.37
2377.333	2.71
2381.153	2.04
2384.971	2.04
2388.785	0.37
2392.595	2.37
2396.402	0.71
2400.206	-0.29
2404.007	-1.29
2407.804	1.04
2411.597	1.04
2415.388	1.37
2419.174	-0.96
2422.958	-0.63
2426.738	-1.29
2430.515	-2.29
2434.289	-1.96
2438.059	-1.29
2441.825	-0.63
2445.589	-1.29
2449.349	-0.96
2453.106	-0.63
2456.859	-2.29
2460.61	-2.96
2464.356	-3.29
2468.1	-1.96
2471.84	-4.29
2475.577	-4.29
2479.311	-3.63
2483.041	-5.96
2486.768	-5.63
2490.492	-5.29
2494.213	-5.63
2497.93	-3.29
2501.644	-2.63
2505.355	-6.63
2509.062	-5.29
2512.766	-3.96
2516.467	-2.96
2520.165	-4.96
2523.859	-5.96
2527.551	-5.96
2531.239	-6.29
2534.923	-4.63
2538.605	-6.63
2542.283	-5.63
2545.958	-6.29
2549.63	-8.63
2553.299	-6.96
2556.964	-8.96
2560.626	-6.63
2564.285	-6.29
2567.941	-5.96
2571.594	-8.29
2575.243	-7.96
2578.89	-8.96
2582.533	-8.63
2586.173	-9.29
2589.809	-9.96
2593.443	-8.96
2597.073	-10.63
2600.701	-9.63
2604.325	-11.63
2607.946	-10.29
2611.564	-9.96
2615.178	-9.63
2618.79	-11.29
2622.398	-11.96
2626.004	-10.96
2629.606	-9.96
2633.205	-12.63
2636.801	-10.63
2640.394	-10.96
2643.983	-10.63
2647.57	-11.96
2651.153	-13.29
2654.734	-12.29
2658.311	-10.29
2661.885	-11.96
2665.456	-12.29
2669.025	-11.96
2672.589	-13.29
2676.151	-14.29
2679.71	-13.96
2683.266	-13.29
2686.819	-14.63
2690.368	-11.96
2693.915	-12.96
2697.458	-12.29
2700.999	-9.96
2704.536	-10.96
2708.071	-9.96
2711.602	-14.63
2715.13	-10.29
2718.656	-9.63
2722.178	-10.63
2725.697	-12.29
2729.214	-12.29
2732.727	-9.63
2736.237	-11.96
2739.744	-9.63
2743.249	-13.29
2746.75	-11.29
2750.248	-10.63
2753.743	-11.63
2757.236	-9.29
2760.725	-8.96
2764.211	-9.96
2767.695	-8.96
2771.175	-5.96
2774.652	-7.63
2778.127	-5.96
2781.598	-8.29
2785.067	-8.29
2788.532	-8.63
2791.995	-8.29
2795.455	-9.63
2798.911	-7.29
2802.365	-6.29
2805.816	-5.63
2809.264	-6.96
2812.709	-5.96
2816.151	-6.29
2819.59	-4.96
2823.026	-5.29
2826.46	-4.29
2829.89	-2.29
2833.318	-1.96
2836.742	0.37
2840.164	0.37
2843.583	0.71
2846.999	1.37
2850.412	1.04
2853.822	2.04
2857.229	-0.29
2860.634	2.71
2864.035	6.04
2867.434	3.37
2870.83	7.04
2874.223	6.37
2877.613	5.71
2881	10.37
2884.385	9.71
2887.766	12.71
2891.145	11.04
2894.521	15.04
2897.894	14.04
2901.264	14.71
2904.631	13.04
2907.996	13.37
2911.358	14.04
2914.717	16.37
2918.073	18.04
2921.426	20.37
2924.777	19.04
2928.124	19.37
2931.469	19.71
2934.811	23.04
2938.15	23.37
2941.487	28.04
2944.821	26.04
2948.152	27.37
2951.48	28.71
2954.805	32.71
2958.128	30.37
2961.447	34.71
2964.765	36.37
2968.079	37.37
2971.39	38.37
2974.699	43.04
2978.005	46.04
2981.308	46.04
2984.609	47.37
2987.907	51.37
2991.202	55.71
2994.494	57.37
2997.784	58.37
3001.07	63.71
3004.355	67.04
3007.636	68.04
3010.915	68.04
3014.191	71.71
3017.464	76.04
3020.734	78.37
3024.002	77.71
3027.267	81.71
3030.53	84.04
3033.789	87.37
3037.046	92.04
3040.301	93.37
3043.552	94.71
3046.801	103.37
3050.048	103.37
3053.291	108.37
3056.532	112.37
3059.771	116.04
3063.006	121.04
3066.239	127.71
3069.469	130.37
3072.697	137.71
3075.922	137.71
3079.144	149.04
3082.364	153.71
3085.581	156.04
3088.795	164.04
3092.007	167.04
3095.216	172.04
3098.423	178.04
3101.627	182.04
3104.828	189.04
3108.026	190.37
3111.222	193.04
3114.416	207.37
3117.607	210.71
3120.795	217.04
3123.98	220.71
3127.163	226.37
3130.344	232.71
3133.521	239.71
3136.696	244.37
3139.869	253.04
3143.039	256.04
3146.206	262.04
3149.371	269.37
3152.533	264.71
3155.693	270.37
3158.85	273.37
3162.005	273.71
3165.157	278.71
3168.306	282.04
3171.453	278.04
3174.597	281.37
3177.739	282.04
3180.878	286.71
3184.014	283.71
3187.149	288.71
3190.28	291.37
3193.409	286.71
3196.536	292.04
3199.659	293.71
3202.781	294.71
3205.9	291.71
3209.016	295.04
3212.13	292.37
3215.241	293.71
3218.35	287.71
3221.456	289.04
3224.56	286.71
3227.661	290.71
3230.76	286.37
3233.856	280.37
3236.95	280.71
3240.041	276.71
3243.13	278.71
3246.216	275.71
3249.3	273.37
3252.382	271.04
3255.46	274.37
3258.537	271.37
3261.611	268.71
3264.682	269.71
3267.751	272.37
3270.818	271.71
3273.882	268.37
3276.943	267.71
3280.002	262.71
3283.059	261.37
3286.113	262.04
3289.165	253.37
3292.214	249.71
3295.261	247.37
3298.306	245.71
3301.348	246.04
3304.387	238.71
3307.425	234.37
3310.459	232.37
3313.492	223.04
3316.521	225.37
3319.549	220.04
3322.574	217.37
3325.597	220.04
3328.617	215.37
3331.635	213.04
3334.65	216.37
3337.663	216.71
3340.674	219.71
3343.682	214.04
3346.688	213.04
3349.691	211.37
3352.692	212.37
3355.691	211.37
3358.687	211.04
3361.681	211.04
3364.673	207.04
3367.662	200.71
3370.649	203.04
3373.633	199.04
3376.615	196.04
3379.595	196.04
3382.572	191.04
3385.547	192.04
3388.52	184.71
3391.49	182.04
3394.458	181.71
3397.424	179.71
3400.387	177.37
3403.348	175.37
3406.307	173.04
3409.263	173.71
3412.217	171.37
3415.168	165.71
3418.118	171.71
3421.065	168.37
3424.009	164.37
3426.951	161.71
3429.891	159.04
3432.829	156.37
3435.764	154.71
3438.697	151.37
3441.628	144.71
3444.557	141.71
3447.483	136.04
3450.407	135.37
3453.328	132.37
3456.247	129.71
3459.164	122.71
3462.079	119.71
3464.991	119.71
3467.902	111.37
3470.809	113.04
3473.715	105.37
3476.618	105.04
3479.519	100.04
3482.418	98.04
3485.315	94.71
3488.209	95.04
3491.101	91.71
3493.99	88.37
3496.878	82.37
3499.763	83.71
3502.646	77.04
3505.527	75.71
3508.405	72.04
3511.281	72.04
3514.155	66.37
3517.027	63.37
3519.897	60.71
3522.764	62.37
3525.629	56.71
3528.492	53.04
3531.352	49.37
3534.211	48.04
3537.067	44.71
3539.921	42.04
3542.773	38.71
3545.622	36.71
3548.469	33.71
3551.315	29.04
3554.157	26.37
3556.998	26.04
3559.837	25.71
3562.673	24.04
3565.507	21.37
3568.339	20.71
3571.169	16.04
3573.996	16.04
3576.822	17.04
3579.645	15.37
3582.466	12.37
3585.285	10.04
3588.101	8.71
3590.916	11.37
3593.728	6.04
3596.538	3.04
3599.346	5.04
3602.152	1.37
3604.956	-2.63
3607.757	-0.96
3610.556	-2.29
3613.354	-3.63
3616.149	-4.96
3618.942	-5.29
3621.732	-5.63
3624.521	-7.29
3627.307	-6.96
3630.092	-10.29
3632.874	-8.96
3635.654	-8.63
3638.432	-9.63
3641.208	-10.29
3643.982	-10.96
3646.753	-14.63
3649.523	-13.63
3652.29	-13.96
3655.055	-15.63
3657.818	-18.63
3660.579	-21.29
3663.338	-19.96
3666.095	-19.96
3668.849	-18.29
3671.602	-21.63
3674.352	-19.63
3677.101	-19.96
3679.847	-20.63
3682.591	-19.63
3685.333	-19.96
3688.073	-21.63
3690.811	-21.96
3693.547	-21.29
3696.281	-23.96
3699.013	-23.29
3701.742	-23.29
3704.47	-24.63
3707.195	-22.96
3709.919	-25.63
3712.64	-25.96
3715.359	-25.29
3718.076	-25.96
3720.792	-25.63
3723.505	-26.96
3726.216	-27.29
3728.925	-25.29
3731.632	-26.29
3734.336	-24.96
3737.039	-26.96
3739.74	-26.96
3742.439	-24.29
3745.136	-24.96
3747.83	-27.63
3750.523	-25.96
3753.213	-28.29
3755.902	-28.29
3758.589	-28.29
3761.273	-26.96
3763.956	-31.96
3766.636	-30.29
3769.315	-30.63
3771.991	-28.96
3774.665	-30.96
3777.338	-31.29
3780.008	-28.29
3782.677	-28.96
3785.343	-28.63
3788.007	-28.29
3790.67	-29.96
3793.33	-28.96
3795.989	-29.29
3798.645	-28.29
3801.299	-29.29
3803.952	-28.29
3806.602	-30.63
3809.251	-31.29
3811.897	-33.29
3814.542	-31.96
3817.184	-32.63
3819.825	-30.63
3822.463	-32.29
3825.1	-31.29
3827.735	-31.63
3830.367	-30.96
3832.998	-30.96
3835.627	-30.96
3838.253	-31.29
3840.878	-32.96
3843.501	-30.96
3846.122	-31.63
3848.741	-30.63
3851.358	-31.96
3853.973	-32.96
3856.586	-31.96
3859.197	-31.29
3861.806	-32.63
3864.414	-32.29
3867.019	-33.96
3869.622	-31.96
3872.224	-31.96
3874.823	-26.63
3877.421	-27.29
3880.016	-26.29
3882.61	-21.96
3885.202	-21.96
3887.792	-22.96
3890.38	-24.63
3892.966	-28.29
3895.55	-29.96
3898.132	-28.96
3900.713	-28.96
3903.291	-30.96
3905.868	-32.96
3908.442	-30.96
3911.015	-31.96
3913.586	-33.63
3916.155	-34.29
3918.722	-33.29
3921.287	-31.96
3923.85	-32.63
3926.411	-31.63
3928.971	-30.29
3931.528	-32.63
3934.084	-31.29
3936.638	-30.29
3939.19	-30.63
3941.74	-30.63
3944.288	-32.29
3946.834	-30.96
3949.378	-30.63
3951.921	-33.29
3954.462	-31.96
3957	-29.29
3959.537	-31.63
3962.072	-32.29
3964.606	-29.96
3967.137	-31.96
3969.667	-31.96
3972.194	-32.63
3974.72	-32.63
3977.244	-31.96
3979.766	-30.29
3982.286	-31.29
3984.805	-31.29
3987.321	-31.29
3989.836	-31.96
3992.349	-33.63
3994.86	-32.29
3997.369	-30.29
3999.877	-31.96
4002.382	-32.63
4004.886	-32.96
4007.388	-32.29
4009.888	-32.29
4012.386	-33.29
4014.883	-34.96
4017.377	-33.96
4019.87	-34.29
4022.361	-32.29
4024.85	-30.63
4027.338	-33.29
4029.823	-32.63
4032.307	-31.63
4034.789	-32.63
4037.269	-31.63
4039.747	-32.96
4042.224	-33.63
4044.699	-31.29
4047.172	-33.96
4049.643	-32.96
4052.112	-30.96
4054.58	-31.29
4057.046	-32.63
4059.51	-32.29
4061.972	-30.96
4064.432	-32.29
4066.891	-30.63
4069.348	-28.29
4071.803	-30.29
4074.256	-31.63
4076.708	-32.63
4079.158	-29.29
4081.606	-29.29
4084.052	-30.63
4086.497	-29.96
4088.939	-29.96
4091.38	-31.96
4093.819	-30.29
4096.257	-32.29
4098.693	-31.96
4101.127	-32.29
4103.559	-32.96
4105.989	-15.63
4108.418	-14.29
4110.845	-14.63
4113.27	-14.29
4115.694	-9.96
4118.115	-9.63
4120.535	-32.29
4122.954	-32.29
4125.37	-32.29
4127.785	-29.63
4130.198	-31.63
4132.609	-31.29
4135.019	-32.29
4137.427	-32.96
4139.833	-31.63
4142.237	-30.96
