160.701	-6.54
166.742	1.79
172.777	21.46
178.805	76.12
184.826	209.79
190.841	422.46
196.849	656.79
202.85	804.12
208.845	837.46
214.833	805.79
220.815	777.12
226.789	752.79
232.758	740.46
238.719	726.79
244.674	704.79
250.623	675.46
256.565	652.12
262.5	628.12
268.429	612.79
274.351	579.79
280.267	569.12
286.176	557.46
292.079	545.79
297.975	536.12
303.865	527.79
309.748	518.46
315.625	513.12
321.495	507.46
327.359	504.12
333.217	498.79
339.068	499.12
344.912	506.12
350.751	497.12
356.583	501.12
362.408	507.12
368.227	510.79
374.04	523.12
379.847	538.12
385.647	550.79
391.44	542.46
397.228	535.79
403.009	536.12
408.784	563.12
414.553	612.12
420.315	658.12
426.071	661.46
431.821	606.12
437.565	558.79
443.302	536.46
449.033	526.79
454.758	517.46
460.477	513.79
466.189	513.79
471.896	502.46
477.596	502.79
483.29	495.12
488.978	492.12
494.66	488.79
500.335	478.46
506.005	459.46
511.668	432.79
517.325	413.46
522.977	397.79
528.622	383.46
534.261	374.12
539.894	366.12
545.521	361.79
551.141	356.79
556.756	350.46
562.365	343.12
567.968	346.46
573.565	343.12
579.155	338.46
584.74	339.12
590.319	338.12
595.892	330.79
601.459	335.12
607.02	330.79
612.575	326.12
618.124	322.79
623.667	314.79
629.204	313.79
634.735	313.79
640.261	326.79
645.781	342.46
651.294	343.46
656.802	325.79
662.304	307.79
667.8	293.12
673.29	293.79
678.775	286.12
684.254	285.12
689.726	283.79
695.193	279.46
700.655	273.12
706.11	272.12
711.56	268.46
717.004	270.46
722.442	265.79
727.874	263.12
733.301	265.79
738.722	264.46
744.137	264.12
749.547	270.46
754.951	273.46
760.349	272.12
765.741	265.46
771.128	260.12
776.509	260.46
781.885	259.46
787.254	262.79
792.618	262.12
797.977	258.46
803.33	256.12
808.677	252.46
814.019	253.12
819.355	243.79
824.686	240.46
830.011	238.79
835.33	230.12
840.644	231.46
845.952	229.46
851.255	218.46
856.552	225.46
861.844	211.12
867.13	209.79
872.41	212.46
877.686	208.12
882.955	201.12
888.219	200.46
893.478	194.79
898.731	187.12
903.979	184.46
909.221	182.12
914.458	180.46
919.69	176.79
924.916	176.12
930.136	174.79
935.351	176.12
940.561	171.79
945.766	173.79
950.965	172.12
956.158	171.46
961.347	167.79
966.529	163.79
971.707	162.79
976.879	158.46
982.046	152.12
987.208	155.46
992.364	153.12
997.515	153.79
1002.66	154.12
1007.801	155.12
1012.936	160.46
1018.066	160.12
1023.19	159.46
1028.309	158.12
1033.423	160.12
1038.532	159.12
1043.636	158.46
1048.734	159.12
1053.827	155.12
1058.915	152.46
1063.998	153.46
1069.075	148.12
1074.147	154.46
1079.214	155.79
1084.276	148.79
1089.333	152.79
1094.385	153.46
1099.431	150.79
1104.472	149.46
1109.509	147.12
1114.54	146.12
1119.565	143.12
1124.586	140.12
1129.602	143.79
1134.613	134.79
1139.618	136.79
1144.619	134.79
1149.614	138.79
1154.604	141.12
1159.589	136.46
1164.57	137.79
1169.545	136.46
1174.515	137.12
1179.48	134.46
1184.44	134.12
1189.395	134.12
1194.345	132.79
1199.29	131.46
1204.23	134.46
1209.165	131.12
1214.095	133.79
1219.021	136.12
1223.941	138.79
1228.856	135.46
1233.766	138.46
1238.672	135.12
1243.572	136.12
1248.467	130.46
1253.358	129.79
1258.244	127.79
1263.124	120.46
1268	119.79
1272.871	121.79
1277.737	114.79
1282.599	120.46
1287.455	117.79
1292.306	121.46
1297.153	119.46
1301.995	122.46
1306.832	117.79
1311.664	120.79
1316.491	120.46
1321.314	117.79
1326.132	116.12
1330.945	116.46
1335.753	111.12
1340.556	109.46
1345.354	107.79
1350.148	106.12
1354.937	106.79
1359.722	103.12
1364.501	101.79
1369.276	102.79
1374.046	105.12
1378.811	106.46
1383.572	104.46
1388.327	105.12
1393.079	99.79
1397.825	99.79
1402.567	100.79
1407.304	95.46
1412.036	93.12
1416.764	93.46
1421.487	91.12
1426.205	94.46
1430.919	93.79
1435.628	92.79
1440.333	96.12
1445.032	91.46
1449.727	98.46
1454.418	99.46
1459.104	95.79
1463.785	97.12
1468.462	95.79
1473.134	93.46
1477.802	92.46
1482.465	91.12
1487.123	94.79
1491.777	89.79
1496.426	91.79
1501.071	92.12
1505.711	94.12
1510.347	97.46
1514.978	101.12
1519.604	99.46
1524.226	99.46
1528.844	102.79
1533.457	101.46
1538.065	103.46
1542.669	101.79
1547.269	104.46
1551.864	103.46
1556.454	106.12
1561.041	107.79
1565.622	107.79
1570.199	108.79
1574.772	111.12
1579.34	113.46
1583.904	117.12
1588.464	119.12
1593.019	123.46
1597.569	128.12
1602.115	128.46
1606.657	136.46
1611.195	132.12
1615.728	140.12
1620.256	140.46
1624.78	144.12
1629.3	149.46
1633.816	152.12
1638.327	154.46
1642.834	159.12
1647.336	156.79
1651.834	160.12
1656.328	154.46
1660.817	153.12
1665.302	149.79
1669.783	144.79
1674.259	139.79
1678.732	132.12
1683.199	128.12
1687.663	120.46
1692.122	114.46
1696.577	105.79
1701.028	104.46
1705.474	96.12
1709.917	92.46
1714.355	88.12
1718.788	83.79
1723.218	74.46
1727.643	75.12
1732.064	72.46
1736.481	66.46
1740.893	61.46
1745.301	58.46
1749.705	55.46
1754.105	55.12
1758.501	48.46
1762.893	50.12
1767.28	44.12
1771.663	49.46
1776.042	45.79
1780.417	45.46
1784.787	44.12
1789.154	43.79
1793.516	42.46
1797.874	42.79
1802.228	40.12
1806.578	40.79
1810.924	40.79
1815.266	31.12
1819.603	37.12
1823.937	35.79
1828.266	33.79
1832.591	34.46
1836.913	34.79
1841.23	33.46
1845.543	34.12
1849.852	34.46
1854.156	32.46
1858.457	35.79
1862.754	32.46
1867.047	33.12
1871.335	32.79
1875.62	32.12
1879.9	33.12
1884.177	30.79
1888.449	30.79
1892.718	30.12
1896.982	33.79
1901.243	31.79
1905.499	31.12
1909.752	31.79
1914	34.79
1918.245	30.79
1922.485	32.46
1926.722	36.46
1930.954	34.79
1935.183	35.12
1939.408	33.12
1943.628	35.79
1947.845	33.79
1952.058	32.12
1956.267	31.79
1960.472	32.79
1964.673	29.46
1968.87	31.12
1973.063	29.12
1977.252	31.46
1981.438	31.46
1985.619	30.46
1989.797	27.12
1993.971	27.46
1998.14	31.46
2002.306	30.12
2006.469	32.46
2010.627	31.79
2014.781	31.12
2018.932	31.12
2023.078	29.79
2027.221	29.46
2031.36	26.46
2035.495	27.79
2039.627	28.12
2043.754	29.12
2047.878	29.79
2051.998	31.12
2056.114	28.12
2060.226	29.12
2064.334	33.79
2068.439	30.79
2072.54	29.79
2076.637	31.12
2080.73	32.79
2084.82	32.79
2088.906	34.12
2092.988	33.12
2097.066	32.46
2101.14	32.46
2105.211	32.79
2109.278	30.12
2113.342	32.46
2117.401	31.46
2121.457	31.12
2125.509	34.12
2129.558	28.46
2133.602	29.12
2137.643	25.79
2141.681	30.79
2145.714	27.46
2149.744	27.46
2153.77	25.12
2157.793	24.79
2161.812	24.46
2165.827	25.46
2169.838	24.12
2173.846	22.79
2177.851	19.79
2181.851	19.46
2185.848	21.12
2189.841	19.46
2193.831	16.46
2197.817	16.46
2201.799	18.46
2205.778	17.79
2209.753	15.46
2213.725	16.12
2217.693	20.46
2221.657	17.12
2225.618	17.79
2229.575	12.46
2233.529	13.12
2237.479	13.46
2241.425	13.46
2245.368	12.79
2249.307	10.79
2253.243	10.79
2257.175	10.79
2261.104	11.79
2265.029	9.79
2268.95	8.79
2272.868	7.46
2276.783	8.46
2280.694	7.46
2284.601	6.46
2288.505	5.12
2292.405	7.12
2296.302	4.79
2300.195	4.46
2304.085	3.12
2307.971	2.46
2311.854	1.79
2315.734	-0.88
2319.609	1.46
2323.482	0.79
2327.351	0.79
2331.216	1.46
2335.078	-1.88
2338.937	-1.21
2342.792	0.12
2346.643	-1.88
2350.492	-1.88
2354.336	0.46
2358.178	-1.88
2362.015	0.79
2365.85	-2.54
2369.681	-1.21
2373.508	-2.54
2377.333	-3.88
2381.153	-1.88
2384.971	-1.88
2388.785	-4.54
2392.595	-1.54
2396.402	-1.88
2400.206	-2.21
2404.007	-4.88
2407.804	-3.21
2411.597	-1.88
2415.388	-2.54
2419.174	-1.88
2422.958	-2.88
2426.738	-3.54
2430.515	-4.54
2434.289	-4.54
2438.059	-5.54
2441.825	-4.88
2445.589	-4.88
2449.349	-5.88
2453.106	-5.54
2456.859	-3.88
2460.61	-4.88
2464.356	-5.54
2468.1	-6.54
2471.84	-4.54
2475.577	-5.88
2479.311	-5.88
2483.041	-4.88
2486.768	-6.21
2490.492	-6.21
2494.213	-7.54
2497.93	-6.21
2501.644	-5.88
2505.355	-5.21
2509.062	-7.21
2512.766	-6.21
2516.467	-6.21
2520.165	-6.88
2523.859	-8.21
2527.551	-8.54
2531.239	-5.88
2534.923	-6.54
2538.605	-7.54
2542.283	-7.88
2545.958	-8.54
2549.63	-7.54
2553.299	-9.54
2556.964	-9.21
2560.626	-8.88
2564.285	-8.88
2567.941	-7.54
2571.594	-8.54
2575.243	-9.54
2578.89	-12.54
2582.533	-8.88
2586.173	-9.21
2589.809	-11.54
2593.443	-7.21
2597.073	-9.88
2600.701	-10.54
2604.325	-11.54
2607.946	-8.88
2611.564	-12.21
2615.178	-10.54
2618.79	-11.21
2622.398	-11.54
2626.004	-9.54
2629.606	-10.21
2633.205	-12.21
2636.801	-11.88
2640.394	-12.54
2643.983	-11.54
2647.57	-11.88
2651.153	-10.21
2654.734	-10.21
2658.311	-11.54
2661.885	-11.21
2665.456	-11.54
2669.025	-9.54
2672.589	-12.54
2676.151	-10.88
2679.71	-12.88
2683.266	-12.21
2686.819	-11.88
2690.368	-12.54
2693.915	-12.88
2697.458	-11.88
2700.999	-10.54
2704.536	-9.54
2708.071	-12.21
2711.602	-11.88
2715.13	-10.54
2718.656	-11.21
2722.178	-9.88
2725.697	-9.21
2729.214	-9.21
2732.727	-9.88
2736.237	-9.54
2739.744	-7.54
2743.249	-8.21
2746.75	-10.21
2750.248	-8.88
2753.743	-10.54
2757.236	-7.88
2760.725	-8.21
2764.211	-9.54
2767.695	-8.88
2771.175	-7.88
2774.652	-9.54
2778.127	-6.88
2781.598	-6.88
2785.067	-7.21
2788.532	-7.21
2791.995	-5.88
2795.455	-10.21
2798.911	-7.88
2802.365	-7.54
2805.816	-6.54
2809.264	-7.21
2812.709	-8.21
2816.151	-4.21
2819.59	-5.54
2823.026	-5.54
2826.46	-5.88
2829.89	-6.88
2833.318	-3.88
2836.742	-3.21
2840.164	-2.54
2843.583	-2.88
2846.999	-2.21
2850.412	-2.54
2853.822	-1.54
2857.229	-1.88
2860.634	0.12
2864.035	1.46
2867.434	0.79
2870.83	0.79
2874.223	5.46
2877.613	2.46
2881	5.12
2884.385	5.46
2887.766	7.12
2891.145	5.79
2894.521	6.79
2897.894	9.46
2901.264	9.79
2904.631	8.46
2907.996	8.46
2911.358	6.46
2914.717	10.46
2918.073	9.79
2921.426	11.46
2924.777	10.46
2928.124	11.79
2931.469	14.46
2934.811	15.12
2938.15	15.79
2941.487	17.12
2944.821	17.79
2948.152	16.79
2951.48	17.79
2954.805	19.46
2958.128	20.12
2961.447	23.79
2964.765	22.46
2968.079	23.46
2971.39	22.46
2974.699	25.79
2978.005	26.79
2981.308	29.12
2984.609	31.46
2987.907	33.46
2991.202	33.12
2994.494	37.46
2997.784	39.46
3001.07	43.79
3004.355	40.12
3007.636	43.46
3010.915	44.79
3014.191	46.46
3017.464	49.46
3020.734	52.12
3024.002	50.46
3027.267	55.12
3030.53	54.46
3033.789	54.46
3037.046	58.79
3040.301	63.46
3043.552	63.46
3046.801	67.79
3050.048	68.79
3053.291	74.12
3056.532	75.46
3059.771	77.79
3063.006	81.12
3066.239	87.12
3069.469	89.12
3072.697	94.46
3075.922	97.79
3079.144	100.46
3082.364	101.79
3085.581	102.12
3088.795	108.46
3092.007	112.12
3095.216	113.46
3098.423	119.79
3101.627	123.79
3104.828	125.12
3108.026	132.46
3111.222	137.46
3114.416	141.79
3117.607	147.12
3120.795	147.79
3123.98	155.46
3127.163	158.79
3130.344	159.79
3133.521	165.79
3136.696	170.79
3139.869	172.46
3143.039	175.79
3146.206	177.12
3149.371	181.46
3152.533	182.12
3155.693	184.46
3158.85	187.46
3162.005	183.46
3165.157	187.46
3168.306	195.12
3171.453	192.46
3174.597	190.46
3177.739	192.12
3180.878	191.79
3184.014	199.46
3187.149	196.12
3190.28	197.79
3193.409	200.12
3196.536	197.46
3199.659	199.12
3202.781	201.46
3205.9	201.79
3209.016	203.79
3212.13	201.79
3215.241	202.12
3218.35	196.46
3221.456	198.79
3224.56	200.12
3227.661	199.12
3230.76	196.12
3233.856	195.79
3236.95	195.46
3240.041	192.12
3243.13	194.79
3246.216	191.12
3249.3	189.79
3252.382	189.79
3255.46	189.12
3258.537	182.79
3261.611	184.46
3264.682	183.46
3267.751	186.79
3270.818	189.79
3273.882	184.46
3276.943	189.46
3280.002	183.12
3283.059	182.79
3286.113	177.46
3289.165	178.12
3292.214	173.79
3295.261	172.12
3298.306	167.12
3301.348	165.79
3304.387	159.79
3307.425	158.79
3310.459	158.46
3313.492	153.79
3316.521	153.46
3319.549	152.46
3322.574	152.46
3325.597	156.79
3328.617	149.79
3331.635	149.79
3334.65	151.79
3337.663	148.12
3340.674	148.12
3343.682	151.12
3346.688	149.12
3349.691	143.46
3352.692	144.79
3355.691	140.12
3358.687	146.46
3361.681	141.46
3364.673	138.46
3367.662	140.46
3370.649	138.46
3373.633	137.46
3376.615	136.12
3379.595	130.12
3382.572	133.79
3385.547	132.46
3388.52	130.79
3391.49	126.79
3394.458	125.12
3397.424	124.46
3400.387	121.12
3403.348	121.46
3406.307	120.46
3409.263	116.79
3412.217	117.46
3415.168	117.46
3418.118	118.12
3421.065	115.12
3424.009	113.46
3426.951	114.79
3429.891	114.46
3432.829	109.12
3435.764	109.12
3438.697	102.46
3441.628	103.79
3444.557	101.46
3447.483	96.12
3450.407	96.12
3453.328	90.79
3456.247	87.79
3459.164	83.79
3462.079	84.46
3464.991	80.46
3467.902	80.79
3470.809	78.46
3473.715	75.79
3476.618	74.46
3479.519	71.79
3482.418	70.46
3485.315	64.79
3488.209	64.12
3491.101	63.12
3493.99	59.12
3496.878	57.46
3499.763	57.79
3502.646	55.46
3505.527	54.46
3508.405	52.79
3511.281	45.46
3514.155	46.79
3517.027	44.12
3519.897	43.46
3522.764	42.79
3525.629	40.46
3528.492	36.79
3531.352	33.79
3534.211	30.46
3537.067	31.12
3539.921	27.12
3542.773	23.12
3545.622	24.46
3548.469	21.12
3551.315	21.46
3554.157	19.46
3556.998	18.46
3559.837	16.12
3562.673	16.79
3565.507	14.46
3568.339	14.12
3571.169	13.79
3573.996	11.79
3576.822	9.46
3579.645	9.46
3582.466	7.12
3585.285	6.46
3588.101	4.46
3590.916	6.46
3593.728	0.12
3596.538	1.12
3599.346	0.79
3602.152	-0.54
3604.956	-3.88
3607.757	0.12
3610.556	-1.88
3613.354	-1.54
3616.149	-3.21
3618.942	-3.88
3621.732	-5.54
3624.521	-6.88
3627.307	-6.54
3630.092	-7.88
3632.874	-8.88
3635.654	-5.88
3638.432	-9.21
3641.208	-9.54
3643.982	-8.88
3646.753	-11.21
3649.523	-10.88
3652.29	-8.88
3655.055	-9.88
3657.818	-11.88
3660.579	-12.54
3663.338	-11.88
3666.095	-15.88
3668.849	-14.88
3671.602	-15.88
3674.352	-14.88
3677.101	-16.21
3679.847	-17.88
3682.591	-17.54
3685.333	-18.54
3688.073	-16.88
3690.811	-18.21
3693.547	-15.21
3696.281	-17.88
3699.013	-17.88
3701.742	-17.54
3704.47	-17.88
3707.195	-19.21
3709.919	-17.21
3712.64	-18.21
3715.359	-17.54
3718.076	-16.88
3720.792	-18.21
3723.505	-20.88
3726.216	-21.88
3728.925	-20.54
3731.632	-19.88
3734.336	-21.54
3737.039	-18.88
3739.74	-20.88
3742.439	-18.88
3745.136	-18.54
3747.83	-21.54
3750.523	-19.88
3753.213	-21.54
3755.902	-19.54
3758.589	-19.21
3761.273	-19.21
3763.956	-22.54
3766.636	-21.21
3769.315	-21.88
3771.991	-22.21
3774.665	-21.21
3777.338	-24.21
3780.008	-21.21
3782.677	-21.88
3785.343	-20.88
3788.007	-20.21
3790.67	-24.21
3793.33	-21.54
3795.989	-22.88
3798.645	-21.88
3801.299	-20.88
3803.952	-22.54
3806.602	-23.21
3809.251	-22.88
3811.897	-23.88
3814.542	-24.54
3817.184	-24.21
3819.825	-24.54
3822.463	-23.54
3825.1	-22.88
3827.735	-23.88
3830.367	-23.54
3832.998	-22.88
3835.627	-23.21
3838.253	-25.54
3840.878	-22.54
3843.501	-23.88
3846.122	-23.88
3848.741	-24.21
3851.358	-24.54
3853.973	-25.21
3856.586	-22.21
3859.197	-23.21
3861.806	-24.21
3864.414	-24.88
3867.019	-24.54
3869.622	-25.21
3872.224	-22.88
3874.823	-19.54
3877.421	-19.88
3880.016	-18.54
3882.61	-15.54
3885.202	-15.88
3887.792	-15.54
3890.38	-17.54
3892.966	-20.54
3895.55	-19.88
3898.132	-22.88
3900.713	-22.54
3903.291	-23.88
3905.868	-24.88
3908.442	-21.88
3911.015	-22.54
3913.586	-24.88
3916.155	-24.21
3918.722	-23.88
3921.287	-23.88
3923.85	-23.21
3926.411	-23.54
3928.971	-22.88
3931.528	-24.21
3934.084	-22.21
3936.638	-22.54
3939.19	-22.54
3941.74	-22.88
3944.288	-24.88
3946.834	-24.54
3949.378	-22.88
3951.921	-24.21
3954.462	-23.54
3957	-23.21
3959.537	-23.54
3962.072	-23.88
3964.606	-22.88
3967.137	-22.88
3969.667	-22.21
3972.194	-24.21
3974.72	-22.88
3977.244	-21.54
3979.766	-22.21
3982.286	-21.21
3984.805	-23.21
3987.321	-23.21
3989.836	-24.88
3992.349	-24.88
3994.86	-24.21
3997.369	-21.88
3999.877	-24.21
4002.382	-24.88
4004.886	-24.88
4007.388	-22.21
4009.888	-24.88
4012.386	-25.54
4014.883	-25.54
4017.377	-24.21
4019.87	-24.54
4022.361	-23.54
4024.85	-22.21
4027.338	-24.21
4029.823	-25.21
4032.307	-24.54
4034.789	-23.54
4037.269	-24.21
4039.747	-26.21
4042.224	-25.88
4044.699	-23.21
4047.172	-24.88
4049.643	-26.21
4052.112	-24.54
4054.58	-23.88
4057.046	-24.21
4059.51	-24.54
4061.972	-23.54
4064.432	-23.88
4066.891	-22.21
4069.348	-20.88
4071.803	-22.21
4074.256	-21.88
4076.708	-23.54
4079.158	-20.21
4081.606	-21.21
4084.052	-22.21
4086.497	-23.21
4088.939	-23.54
4091.38	-22.21
4093.819	-23.21
4096.257	-22.21
4098.693	-21.54
4101.127	-22.88
4103.559	-24.21
4105.989	-11.88
4108.418	-9.88
4110.845	-10.21
4113.27	-12.21
4115.694	-9.21
4118.115	-8.88
4120.535	-23.21
4122.954	-22.54
4125.37	-21.21
4127.785	-22.88
4130.198	-23.54
4132.609	-21.21
4135.019	-23.88
4137.427	-23.21
4139.833	-22.54
4142.237	-23.21
