160.701	-33.88
166.742	-0.21
172.777	95.46
178.805	388.79
184.826	1091.79
190.841	2261.12
196.849	3574.46
202.85	4410.12
208.845	4597.12
214.833	4426.12
220.815	4227.79
226.789	4062.46
232.758	3936.46
238.719	3802.79
244.674	3614.46
250.623	3439.46
256.565	3244.12
262.5	3080.79
268.429	2920.79
274.351	2791.79
280.267	2662.46
286.176	2549.79
292.079	2447.12
297.975	2358.79
303.865	2286.12
309.748	2224.46
315.625	2160.46
321.495	2119.79
327.359	2086.79
333.217	2063.12
339.068	2046.12
344.912	2031.12
350.751	2015.79
356.583	2023.12
362.408	2014.46
368.227	2026.12
374.04	2037.12
379.847	2071.12
385.647	2089.12
391.44	2078.79
397.228	2071.12
403.009	2081.46
408.784	2120.46
414.553	2168.79
420.315	2233.12
426.071	2238.79
431.821	2159.12
437.565	2098.46
443.302	2077.79
449.033	2056.12
454.758	2032.79
460.477	2023.79
466.189	2001.46
471.896	1988.79
477.596	1979.46
483.29	1975.46
488.978	1939.12
494.66	1922.12
500.335	1895.12
506.005	1857.79
511.668	1804.46
517.325	1764.46
522.977	1744.46
528.622	1703.46
534.261	1678.12
539.894	1667.12
545.521	1635.79
551.141	1624.46
556.756	1610.46
562.365	1592.12
567.968	1580.79
573.565	1559.46
579.155	1541.79
584.74	1525.79
590.319	1513.46
595.892	1488.79
601.459	1480.46
607.02	1466.12
612.575	1446.12
618.124	1429.12
623.667	1402.12
629.204	1394.12
634.735	1384.12
640.261	1390.79
645.781	1396.79
651.294	1398.12
656.802	1363.46
662.304	1330.46
667.8	1302.79
673.29	1288.79
678.775	1278.12
684.254	1256.79
689.726	1259.12
695.193	1230.12
700.655	1227.79
706.11	1214.46
711.56	1189.12
717.004	1176.46
722.442	1165.79
727.874	1154.79
733.301	1135.12
738.722	1127.79
744.137	1130.46
749.547	1133.12
754.951	1119.79
760.349	1119.79
765.741	1099.46
771.128	1084.79
776.509	1064.46
781.885	1069.79
787.254	1065.12
792.618	1045.46
797.977	1020.79
803.33	1018.46
808.677	999.46
814.019	981.79
819.355	965.79
824.686	948.12
830.011	930.12
835.33	920.79
840.644	915.79
845.952	909.46
851.255	890.46
856.552	872.79
861.844	866.46
867.13	850.12
872.41	838.12
877.686	825.46
882.955	807.79
888.219	792.46
893.478	767.79
898.731	742.46
903.979	720.46
909.221	709.12
914.458	697.79
919.69	689.12
924.916	680.46
930.136	668.12
935.351	669.12
940.561	664.79
945.766	650.79
950.965	644.12
956.158	634.79
961.347	621.79
966.529	611.46
971.707	593.79
976.879	585.79
982.046	570.46
987.208	568.79
992.364	571.46
997.515	563.46
1002.66	574.79
1007.801	565.12
1012.936	573.46
1018.066	577.46
1023.19	570.12
1028.309	571.79
1033.423	569.46
1038.532	566.46
1043.636	559.46
1048.734	556.79
1053.827	541.79
1058.915	535.12
1063.998	531.46
1069.075	524.79
1074.147	526.46
1079.214	533.12
1084.276	531.79
1089.333	529.79
1094.385	531.79
1099.431	534.46
1104.472	532.46
1109.509	524.46
1114.54	515.46
1119.565	500.46
1124.586	492.46
1129.602	488.46
1134.613	488.46
1139.618	484.79
1144.619	482.46
1149.614	485.46
1154.604	484.79
1159.589	485.46
1164.57	488.46
1169.545	484.46
1174.515	485.79
1179.48	487.79
1184.44	481.12
1189.395	466.46
1194.345	471.12
1199.29	468.79
1204.23	472.79
1209.165	468.46
1214.095	468.46
1219.021	472.79
1223.941	480.12
1228.856	477.79
1233.766	483.12
1238.672	477.12
1243.572	472.79
1248.467	459.46
1253.358	458.12
1258.244	451.46
1263.124	439.79
1268	431.12
1272.871	425.79
1277.737	423.12
1282.599	424.12
1287.455	416.79
1292.306	419.79
1297.153	422.12
1301.995	427.12
1306.832	423.46
1311.664	414.46
1316.491	421.12
1321.314	414.46
1326.132	416.46
1330.945	401.79
1335.753	390.12
1340.556	384.79
1345.354	380.46
1350.148	372.12
1354.937	372.46
1359.722	366.46
1364.501	363.12
1369.276	356.79
1374.046	361.12
1378.811	363.79
1383.572	360.46
1388.327	357.12
1393.079	350.79
1397.825	345.12
1402.567	341.46
1407.304	332.12
1412.036	330.79
1416.764	330.12
1421.487	327.46
1426.205	332.79
1430.919	332.46
1435.628	328.12
1440.333	335.79
1445.032	341.46
1449.727	340.46
1454.418	338.79
1459.104	342.46
1463.785	335.12
1468.462	335.46
1473.134	327.46
1477.802	324.79
1482.465	327.79
1487.123	326.46
1491.777	333.12
1496.426	340.46
1501.071	343.79
1505.711	350.12
1510.347	360.46
1514.978	370.46
1519.604	368.46
1524.226	379.46
1528.844	375.12
1533.457	379.79
1538.065	389.12
1542.669	387.12
1547.269	392.12
1551.864	397.12
1556.454	403.12
1561.041	420.12
1565.622	425.46
1570.199	433.79
1574.772	450.79
1579.34	470.12
1583.904	487.46
1588.464	507.79
1593.019	523.12
1597.569	539.79
1602.115	565.46
1606.657	587.12
1611.195	599.12
1615.728	616.79
1620.256	631.12
1624.78	657.46
1629.3	673.12
1633.816	696.79
1638.327	719.46
1642.834	724.46
1647.336	726.79
1651.834	729.79
1656.328	725.46
1660.817	707.12
1665.302	685.46
1669.783	662.46
1674.259	627.46
1678.732	593.46
1683.199	558.79
1687.663	521.46
1692.122	484.46
1696.577	452.79
1701.028	419.79
1705.474	392.12
1709.917	366.12
1714.355	345.46
1718.788	323.46
1723.218	293.12
1727.643	277.79
1732.064	251.79
1736.481	234.12
1740.893	217.79
1745.301	199.79
1749.705	184.79
1754.105	169.12
1758.501	149.79
1762.893	149.12
1767.28	139.46
1771.663	131.12
1776.042	126.79
1780.417	114.46
1784.787	116.46
1789.154	112.46
1793.516	105.79
1797.874	107.12
1802.228	105.46
1806.578	98.46
1810.924	101.79
1815.266	86.12
1819.603	86.79
1823.937	79.46
1828.266	74.79
1832.591	78.12
1836.913	76.12
1841.23	70.79
1845.543	69.46
1849.852	68.46
1854.156	68.79
1858.457	74.12
1862.754	69.79
1867.047	71.46
1871.335	70.12
1875.62	69.12
1879.9	72.12
1884.177	70.12
1888.449	67.79
1892.718	66.79
1896.982	69.46
1901.243	70.12
1905.499	66.12
1909.752	70.46
1914	73.12
1918.245	70.12
1922.485	70.12
1926.722	76.12
1930.954	78.79
1935.183	78.12
1939.408	80.46
1943.628	84.46
1947.845	81.12
1952.058	83.12
1956.267	76.12
1960.472	79.46
1964.673	78.46
1968.87	76.46
1973.063	73.79
1977.252	78.79
1981.438	73.12
1985.619	77.12
1989.797	75.46
1993.971	75.79
1998.14	77.46
2002.306	80.12
2006.469	83.79
2010.627	82.12
2014.781	88.46
2018.932	83.12
2023.078	87.12
2027.221	92.12
2031.36	88.46
2035.495	87.46
2039.627	85.79
2043.754	88.46
2047.878	90.46
2051.998	91.12
2056.114	91.12
2060.226	93.79
2064.334	97.46
2068.439	99.79
2072.54	102.46
2076.637	100.79
2080.73	106.46
2084.82	110.46
2088.906	108.46
2092.988	106.46
2097.066	105.46
2101.14	108.12
2105.211	106.12
2109.278	101.46
2113.342	103.46
2117.401	102.12
2121.457	96.46
2125.509	97.46
2129.558	93.79
2133.602	91.46
2137.643	82.79
2141.681	89.46
2145.714	88.79
2149.744	85.46
2153.77	81.12
2157.793	78.79
2161.812	72.79
2165.827	73.46
2169.838	69.79
2173.846	66.46
2177.851	63.79
2181.851	57.12
2185.848	53.79
2189.841	50.12
2193.831	44.46
2197.817	46.46
2201.799	43.79
2205.778	39.12
2209.753	36.79
2213.725	40.12
2217.693	35.79
2221.657	33.46
2225.618	30.79
2229.575	27.12
2233.529	26.46
2237.479	20.46
2241.425	18.12
2245.368	15.12
2249.307	13.46
2253.243	12.12
2257.175	3.46
2261.104	7.12
2265.029	0.79
2268.95	2.46
2272.868	1.12
2276.783	-4.88
2280.694	-8.88
2284.601	-8.21
2288.505	-10.21
2292.405	-12.88
2296.302	-14.21
2300.195	-16.54
2304.085	-19.54
2307.971	-21.54
2311.854	-24.54
2315.734	-26.54
2319.609	-27.54
2323.482	-30.88
2327.351	-29.88
2331.216	-29.54
2335.078	-31.88
2338.937	-34.54
2342.792	-35.54
2346.643	-35.21
2350.492	-39.88
2354.336	-40.54
2358.178	-41.54
2362.015	-38.88
2365.85	-43.54
2369.681	-39.88
2373.508	-39.54
2377.333	-43.21
2381.153	-42.21
2384.971	-44.54
2388.785	-45.54
2392.595	-43.88
2396.402	-47.21
2400.206	-44.88
2404.007	-51.88
2407.804	-48.88
2411.597	-45.88
2415.388	-47.21
2419.174	-49.21
2422.958	-47.88
2426.738	-51.21
2430.515	-49.21
2434.289	-51.54
2438.059	-52.54
2441.825	-53.54
2445.589	-52.88
2449.349	-54.54
2453.106	-53.21
2456.859	-55.88
2460.61	-55.21
2464.356	-56.21
2468.1	-57.21
2471.84	-56.88
2475.577	-56.21
2479.311	-58.54
2483.041	-57.21
2486.768	-58.21
2490.492	-59.21
2494.213	-59.88
2497.93	-58.54
2501.644	-57.54
2505.355	-58.54
2509.062	-58.88
2512.766	-57.21
2516.467	-56.88
2520.165	-60.21
2523.859	-63.88
2527.551	-59.54
2531.239	-61.21
2534.923	-62.54
2538.605	-61.88
2542.283	-60.88
2545.958	-61.54
2549.63	-64.54
2553.299	-64.54
2556.964	-62.88
2560.626	-65.21
2564.285	-66.88
2567.941	-62.54
2571.594	-65.54
2575.243	-66.88
2578.89	-65.88
2582.533	-64.88
2586.173	-65.88
2589.809	-64.54
2593.443	-66.88
2597.073	-65.21
2600.701	-65.88
2604.325	-68.88
2607.946	-67.54
2611.564	-68.21
2615.178	-67.21
2618.79	-69.21
2622.398	-68.88
2626.004	-68.88
2629.606	-67.88
2633.205	-71.54
2636.801	-69.88
2640.394	-69.21
2643.983	-69.88
2647.57	-70.88
2651.153	-70.21
2654.734	-70.21
2658.311	-71.54
2661.885	-71.88
2665.456	-71.54
2669.025	-66.88
2672.589	-68.88
2676.151	-65.54
2679.71	-68.88
2683.266	-68.54
2686.819	-68.88
2690.368	-69.21
2693.915	-66.88
2697.458	-68.88
2700.999	-68.21
2704.536	-65.88
2708.071	-67.54
2711.602	-67.88
2715.13	-67.54
2718.656	-66.88
2722.178	-65.54
2725.697	-65.21
2729.214	-64.88
2732.727	-63.21
2736.237	-62.21
2739.744	-62.21
2743.249	-60.88
2746.75	-63.21
2750.248	-58.88
2753.743	-60.54
2757.236	-58.54
2760.725	-53.88
2764.211	-56.21
2767.695	-53.21
2771.175	-51.21
2774.652	-53.88
2778.127	-49.21
2781.598	-50.88
2785.067	-51.21
2788.532	-48.21
2791.995	-48.54
2795.455	-49.88
2798.911	-47.54
2802.365	-46.88
2805.816	-42.54
2809.264	-46.54
2812.709	-41.54
2816.151	-36.54
2819.59	-40.21
2823.026	-38.21
2826.46	-36.21
2829.89	-30.54
2833.318	-27.21
2836.742	-25.21
2840.164	-24.88
2843.583	-21.88
2846.999	-20.54
2850.412	-15.88
2853.822	-15.21
2857.229	-12.88
2860.634	-9.21
2864.035	-5.88
2867.434	-2.54
2870.83	1.46
2874.223	6.46
2877.613	2.79
2881	7.12
2884.385	9.12
2887.766	13.46
2891.145	11.79
2894.521	17.12
2897.894	21.12
2901.264	21.79
2904.631	27.12
2907.996	29.12
2911.358	31.79
2914.717	38.79
2918.073	41.79
2921.426	45.12
2924.777	50.12
2928.124	50.46
2931.469	59.46
2934.811	67.79
2938.15	73.79
2941.487	76.46
2944.821	78.12
2948.152	82.12
2951.48	88.46
2954.805	95.12
2958.128	97.79
2961.447	104.79
2964.765	110.12
2968.079	116.46
2971.39	120.79
2974.699	125.79
2978.005	136.46
2981.308	145.79
2984.609	154.12
2987.907	167.46
2991.202	177.79
2994.494	185.46
2997.784	197.12
3001.07	207.46
3004.355	210.46
3007.636	228.12
3010.915	227.79
3014.191	240.46
3017.464	246.12
3020.734	254.46
3024.002	262.79
3027.267	267.12
3030.53	281.12
3033.789	290.46
3037.046	297.12
3040.301	308.12
3043.552	319.12
3046.801	335.12
3050.048	347.79
3053.291	361.46
3056.532	378.79
3059.771	396.12
3063.006	403.79
3066.239	430.46
3069.469	445.46
3072.697	469.79
3075.922	481.46
3079.144	500.12
3082.364	519.12
3085.581	531.79
3088.795	546.46
3092.007	561.12
3095.216	580.12
3098.423	600.46
3101.627	620.12
3104.828	640.46
3108.026	658.12
3111.222	674.12
3114.416	696.79
3117.607	714.46
3120.795	737.79
3123.98	759.12
3127.163	779.46
3130.344	792.79
3133.521	817.46
3136.696	837.12
3139.869	858.46
3143.039	882.12
3146.206	896.12
3149.371	911.79
3152.533	925.12
3155.693	920.79
3158.85	938.12
3162.005	946.79
3165.157	954.12
3168.306	956.79
3171.453	962.12
3174.597	971.12
3177.739	975.46
3180.878	984.79
3184.014	985.46
3187.149	987.12
3190.28	992.12
3193.409	994.79
3196.536	1003.12
3199.659	1015.12
3202.781	1010.12
3205.9	1021.79
3209.016	1026.79
3212.13	1024.46
3215.241	1014.79
3218.35	1009.46
3221.456	1005.79
3224.56	996.12
3227.661	991.46
3230.76	989.46
3233.856	982.12
3236.95	977.46
3240.041	969.46
3243.13	968.46
3246.216	955.12
3249.3	956.46
3252.382	945.46
3255.46	951.12
3258.537	943.46
3261.611	943.46
3264.682	937.12
3267.751	941.46
3270.818	931.46
3273.882	937.12
3276.943	928.79
3280.002	929.12
3283.059	908.46
3286.113	898.12
3289.165	880.12
3292.214	868.46
3295.261	861.12
3298.306	843.46
3301.348	839.12
3304.387	818.79
3307.425	811.79
3310.459	799.12
3313.492	791.12
3316.521	778.79
3319.549	780.46
3322.574	770.46
3325.597	764.46
3328.617	759.12
3331.635	751.79
3334.65	752.79
3337.663	753.79
3340.674	743.79
3343.682	746.12
3346.688	742.12
3349.691	735.46
3352.692	734.46
3355.691	737.46
3358.687	728.79
3361.681	721.46
3364.673	706.12
3367.662	705.46
3370.649	693.12
3373.633	692.46
3376.615	680.46
3379.595	673.79
3382.572	668.12
3385.547	659.46
3388.52	649.79
3391.49	638.79
3394.458	633.46
3397.424	622.79
3400.387	619.79
3403.348	609.12
3406.307	607.46
3409.263	599.79
3412.217	599.46
3415.168	584.79
3418.118	581.79
3421.065	572.79
3424.009	568.79
3426.951	554.12
3429.891	555.12
3432.829	542.79
3435.764	533.12
3438.697	522.46
3441.628	512.79
3444.557	498.46
3447.483	488.12
3450.407	469.79
3453.328	457.46
3456.247	450.79
3459.164	432.79
3462.079	424.12
3464.991	416.46
3467.902	397.79
3470.809	385.46
3473.715	370.79
3476.618	358.79
3479.519	348.12
3482.418	339.79
3485.315	330.79
3488.209	317.46
3491.101	311.12
3493.99	301.46
3496.878	292.12
3499.763	280.12
3502.646	275.46
3505.527	264.12
3508.405	252.12
3511.281	240.12
3514.155	232.79
3517.027	219.79
3519.897	209.46
3522.764	201.12
3525.629	189.12
3528.492	176.46
3531.352	170.12
3534.211	156.12
3537.067	148.46
3539.921	140.46
3542.773	126.12
3545.622	115.79
3548.469	112.46
3551.315	101.12
3554.157	92.12
3556.998	92.79
3559.837	83.46
3562.673	76.46
3565.507	69.46
3568.339	66.79
3571.169	58.79
3573.996	54.79
3576.822	50.79
3579.645	40.12
3582.466	38.79
3585.285	33.46
3588.101	27.46
3590.916	22.12
3593.728	15.46
3596.538	11.46
3599.346	9.79
3602.152	4.46
3604.956	-3.21
3607.757	-6.21
3610.556	-11.21
3613.354	-11.54
3616.149	-14.88
3618.942	-19.21
3621.732	-21.88
3624.521	-26.54
3627.307	-31.21
3630.092	-32.54
3632.874	-37.88
3635.654	-37.21
3638.432	-41.54
3641.208	-43.21
3643.982	-47.21
3646.753	-50.88
3649.523	-52.21
3652.29	-51.88
3655.055	-55.21
3657.818	-58.54
3660.579	-59.88
3663.338	-60.21
3666.095	-63.54
3668.849	-64.54
3671.602	-68.21
3674.352	-70.21
3677.101	-70.54
3679.847	-70.88
3682.591	-74.21
3685.333	-75.88
3688.073	-76.88
3690.811	-78.88
3693.547	-79.54
3696.281	-82.54
3699.013	-84.88
3701.742	-84.88
3704.47	-86.54
3707.195	-85.88
3709.919	-89.54
3712.64	-89.54
3715.359	-90.54
3718.076	-91.21
3720.792	-90.54
3723.505	-95.54
3726.216	-95.54
3728.925	-91.54
3731.632	-93.21
3734.336	-95.21
3737.039	-96.21
3739.74	-97.88
3742.439	-93.21
3745.136	-93.88
3747.83	-96.54
3750.523	-97.88
3753.213	-96.88
3755.902	-97.54
3758.589	-96.54
3761.273	-98.54
3763.956	-101.54
3766.636	-97.54
3769.315	-100.54
3771.991	-101.21
3774.665	-103.88
3777.338	-104.54
3780.008	-102.54
3782.677	-104.21
3785.343	-103.54
3788.007	-104.88
3790.67	-106.88
3793.33	-103.21
3795.989	-105.54
3798.645	-104.88
3801.299	-103.88
3803.952	-103.54
3806.602	-106.21
3809.251	-103.88
3811.897	-106.21
3814.542	-106.21
3817.184	-108.21
3819.825	-104.54
3822.463	-104.21
3825.1	-105.54
3827.735	-105.88
3830.367	-104.88
3832.998	-106.54
3835.627	-107.21
3838.253	-107.88
3840.878	-107.88
3843.501	-108.54
3846.122	-110.21
3848.741	-110.88
3851.358	-109.88
3853.973	-110.88
3856.586	-108.54
3859.197	-107.54
3861.806	-110.88
3864.414	-108.88
3867.019	-108.54
3869.622	-108.88
3872.224	-106.54
3874.823	-103.21
3877.421	-103.54
3880.016	-97.21
3882.61	-93.21
3885.202	-92.21
3887.792	-93.54
3890.38	-98.54
3892.966	-102.88
3895.55	-105.54
3898.132	-104.88
3900.713	-107.88
3903.291	-107.88
3905.868	-111.88
3908.442	-109.21
3911.015	-109.88
3913.586	-111.21
3916.155	-112.88
3918.722	-110.88
3921.287	-109.88
3923.85	-110.54
3926.411	-110.21
3928.971	-110.21
3931.528	-110.54
3934.084	-110.21
3936.638	-110.21
3939.19	-107.88
3941.74	-109.21
3944.288	-111.88
3946.834	-108.54
3949.378	-107.88
3951.921	-109.54
3954.462	-108.88
3957	-107.54
3959.537	-108.21
3962.072	-110.21
3964.606	-109.88
3967.137	-109.54
3969.667	-109.88
3972.194	-109.88
3974.72	-109.88
3977.244	-109.21
3979.766	-106.88
3982.286	-110.54
3984.805	-109.88
3987.321	-109.21
3989.836	-108.88
3992.349	-108.54
3994.86	-107.54
3997.369	-106.21
3999.877	-107.88
4002.382	-108.54
4004.886	-109.88
4007.388	-108.21
4009.888	-107.54
4012.386	-110.21
4014.883	-110.21
4017.377	-110.54
4019.87	-109.88
4022.361	-108.54
4024.85	-107.21
4027.338	-110.21
4029.823	-110.21
4032.307	-110.54
4034.789	-109.88
4037.269	-110.88
4039.747	-110.88
4042.224	-112.21
4044.699	-109.21
4047.172	-111.21
4049.643	-111.21
4052.112	-109.54
4054.58	-107.21
4057.046	-111.21
4059.51	-108.21
4061.972	-110.21
4064.432	-108.21
4066.891	-108.88
4069.348	-106.21
4071.803	-107.54
4074.256	-108.21
4076.708	-110.21
4079.158	-107.54
4081.606	-108.21
4084.052	-108.54
4086.497	-108.54
4088.939	-110.21
4091.38	-110.88
4093.819	-110.21
4096.257	-112.21
4098.693	-110.88
4101.127	-111.88
4103.559	-110.88
4105.989	-69.21
4108.418	-66.88
4110.845	-64.88
4113.27	-59.88
4115.694	-51.54
4118.115	-45.54
4120.535	-108.21
4122.954	-108.54
4125.37	-108.21
4127.785	-108.54
4130.198	-109.88
4132.609	-108.54
4135.019	-112.21
4137.427	-111.88
4139.833	-113.21
4142.237	-112.88
