160.701	-31.88
166.742	-1.54
172.777	91.79
178.805	377.46
184.826	1063.46
190.841	2230.12
196.849	3524.12
202.85	4371.46
208.845	4531.79
214.833	4377.12
220.815	4169.46
226.789	4004.46
232.758	3881.79
238.719	3744.12
244.674	3575.12
250.623	3391.12
256.565	3204.46
262.5	3046.12
268.429	2882.12
274.351	2751.46
280.267	2634.12
286.176	2516.46
292.079	2415.46
297.975	2331.12
303.865	2271.12
309.748	2196.12
315.625	2146.46
321.495	2098.46
327.359	2074.79
333.217	2042.46
339.068	2024.79
344.912	2016.79
350.751	2001.46
356.583	2001.46
362.408	2005.79
368.227	1999.79
374.04	2022.46
379.847	2039.12
385.647	2066.12
391.44	2046.12
397.228	2044.79
403.009	2050.12
408.784	2081.46
414.553	2145.12
420.315	2214.46
426.071	2228.79
431.821	2144.79
437.565	2078.46
443.302	2047.12
449.033	2019.79
454.758	2019.46
460.477	1994.79
466.189	1983.79
471.896	1970.12
477.596	1947.12
483.29	1936.12
488.978	1915.12
494.66	1894.12
500.335	1868.12
506.005	1827.79
511.668	1785.79
517.325	1749.12
522.977	1712.46
528.622	1688.46
534.261	1663.12
539.894	1637.46
545.521	1610.12
551.141	1606.79
556.756	1589.12
562.365	1580.12
567.968	1558.46
573.565	1538.79
579.155	1525.12
584.74	1509.12
590.319	1486.79
595.892	1475.12
601.459	1455.46
607.02	1451.46
612.575	1425.46
618.124	1407.12
623.667	1391.46
629.204	1380.12
634.735	1365.79
640.261	1365.12
645.781	1380.46
651.294	1374.12
656.802	1352.79
662.304	1314.79
667.8	1289.79
673.29	1274.79
678.775	1251.79
684.254	1244.46
689.726	1228.12
695.193	1214.46
700.655	1198.46
706.11	1192.79
711.56	1172.12
717.004	1160.12
722.442	1142.79
727.874	1138.12
733.301	1127.46
738.722	1114.12
744.137	1113.12
749.547	1103.12
754.951	1101.46
760.349	1090.46
765.741	1079.79
771.128	1068.12
776.509	1062.79
781.885	1053.12
787.254	1047.46
792.618	1031.46
797.977	1019.79
803.33	992.46
808.677	988.12
814.019	970.12
819.355	947.79
824.686	939.12
830.011	919.46
835.33	905.12
840.644	896.46
845.952	879.79
851.255	870.79
856.552	863.12
861.844	840.79
867.13	831.12
872.41	813.12
877.686	811.79
882.955	789.79
888.219	770.12
893.478	753.46
898.731	730.12
903.979	718.79
909.221	703.12
914.458	687.12
919.69	683.12
924.916	671.12
930.136	662.12
935.351	658.46
940.561	656.12
945.766	636.79
950.965	639.46
956.158	629.46
961.347	609.46
966.529	606.12
971.707	588.46
976.879	577.79
982.046	568.12
987.208	559.12
992.364	555.79
997.515	551.46
1002.66	565.12
1007.801	559.46
1012.936	563.79
1018.066	562.46
1023.19	568.12
1028.309	560.12
1033.423	563.12
1038.532	556.46
1043.636	546.12
1048.734	541.79
1053.827	539.79
1058.915	527.79
1063.998	526.12
1069.075	516.46
1074.147	515.12
1079.214	516.12
1084.276	516.79
1089.333	523.12
1094.385	531.12
1099.431	524.79
1104.472	520.12
1109.509	512.12
1114.54	504.46
1119.565	500.12
1124.586	490.46
1129.602	487.46
1134.613	477.79
1139.618	469.79
1144.619	482.46
1149.614	473.12
1154.604	484.12
1159.589	478.79
1164.57	482.79
1169.545	475.46
1174.515	478.79
1179.48	474.79
1184.44	474.46
1189.395	467.12
1194.345	458.79
1199.29	454.46
1204.23	460.79
1209.165	468.12
1214.095	458.46
1219.021	461.79
1223.941	474.79
1228.856	474.46
1233.766	473.12
1238.672	469.12
1243.572	470.46
1248.467	461.12
1253.358	456.79
1258.244	445.12
1263.124	432.46
1268	432.12
1272.871	425.79
1277.737	417.12
1282.599	412.79
1287.455	415.46
1292.306	417.12
1297.153	414.46
1301.995	419.12
1306.832	417.79
1311.664	418.79
1316.491	411.12
1321.314	410.79
1326.132	407.46
1330.945	394.79
1335.753	386.79
1340.556	376.12
1345.354	373.12
1350.148	365.46
1354.937	361.79
1359.722	362.79
1364.501	356.46
1369.276	359.46
1374.046	356.12
1378.811	355.12
1383.572	359.79
1388.327	356.46
1393.079	345.79
1397.825	348.12
1402.567	335.79
1407.304	334.46
1412.036	326.12
1416.764	324.79
1421.487	320.12
1426.205	323.12
1430.919	325.46
1435.628	328.46
1440.333	336.79
1445.032	332.12
1449.727	329.79
1454.418	339.46
1459.104	332.46
1463.785	331.12
1468.462	328.12
1473.134	329.12
1477.802	321.79
1482.465	321.12
1487.123	326.46
1491.777	330.46
1496.426	335.12
1501.071	338.46
1505.711	344.12
1510.347	352.79
1514.978	365.46
1519.604	366.79
1524.226	372.46
1528.844	371.46
1533.457	381.79
1538.065	379.46
1542.669	377.46
1547.269	379.79
1551.864	386.46
1556.454	395.46
1561.041	410.12
1565.622	416.12
1570.199	426.46
1574.772	451.79
1579.34	462.12
1583.904	479.46
1588.464	497.79
1593.019	519.46
1597.569	536.46
1602.115	556.12
1606.657	579.12
1611.195	590.79
1615.728	607.46
1620.256	627.12
1624.78	654.46
1629.3	670.12
1633.816	683.79
1638.327	704.12
1642.834	715.46
1647.336	722.46
1651.834	714.79
1656.328	714.12
1660.817	702.46
1665.302	678.79
1669.783	650.79
1674.259	625.46
1678.732	588.46
1683.199	548.46
1687.663	519.12
1692.122	479.46
1696.577	445.79
1701.028	413.12
1705.474	387.46
1709.917	364.46
1714.355	339.46
1718.788	313.46
1723.218	292.12
1727.643	277.12
1732.064	252.46
1736.481	231.12
1740.893	211.79
1745.301	202.79
1749.705	183.79
1754.105	168.79
1758.501	152.79
1762.893	148.46
1767.28	134.79
1771.663	130.12
1776.042	122.79
1780.417	119.79
1784.787	116.79
1789.154	113.79
1793.516	112.46
1797.874	108.12
1802.228	109.46
1806.578	102.46
1810.924	100.12
1815.266	88.79
1819.603	86.12
1823.937	83.46
1828.266	75.79
1832.591	76.79
1836.913	75.12
1841.23	73.46
1845.543	69.79
1849.852	72.12
1854.156	70.79
1858.457	72.46
1862.754	69.12
1867.047	68.46
1871.335	71.46
1875.62	71.12
1879.9	70.46
1884.177	69.12
1888.449	71.46
1892.718	68.79
1896.982	67.79
1901.243	70.79
1905.499	68.12
1909.752	72.12
1914	72.46
1918.245	71.79
1922.485	73.12
1926.722	79.79
1930.954	80.46
1935.183	82.46
1939.408	80.12
1943.628	84.79
1947.845	81.46
1952.058	85.79
1956.267	79.46
1960.472	81.46
1964.673	77.46
1968.87	78.46
1973.063	74.46
1977.252	75.12
1981.438	75.79
1985.619	78.12
1989.797	75.79
1993.971	79.12
1998.14	81.12
2002.306	80.46
2006.469	85.12
2010.627	87.79
2014.781	90.12
2018.932	86.46
2023.078	88.79
2027.221	93.12
2031.36	87.12
2035.495	83.79
2039.627	87.79
2043.754	90.79
2047.878	91.79
2051.998	88.12
2056.114	87.12
2060.226	92.12
2064.334	98.79
2068.439	97.46
2072.54	97.12
2076.637	104.12
2080.73	104.46
2084.82	108.46
2088.906	105.79
2092.988	109.46
2097.066	105.46
2101.14	105.12
2105.211	105.79
2109.278	105.12
2113.342	101.79
2117.401	102.46
2121.457	98.46
2125.509	97.79
2129.558	92.46
2133.602	93.12
2137.643	86.79
2141.681	87.79
2145.714	89.12
2149.744	83.46
2153.77	82.12
2157.793	81.46
2161.812	77.12
2165.827	70.12
2169.838	64.79
2173.846	65.79
2177.851	57.46
2181.851	57.12
2185.848	54.79
2189.841	52.12
2193.831	48.79
2197.817	49.12
2201.799	52.12
2205.778	77.79
2209.753	38.12
2213.725	41.46
2217.693	35.46
2221.657	35.79
2225.618	32.79
2229.575	29.79
2233.529	27.46
2237.479	21.46
2241.425	21.46
2245.368	16.12
2249.307	12.46
2253.243	14.79
2257.175	7.46
2261.104	7.46
2265.029	5.79
2268.95	1.12
2272.868	-2.21
2276.783	-1.54
2280.694	-5.21
2284.601	-7.88
2288.505	-12.88
2292.405	-10.88
2296.302	-14.21
2300.195	-18.21
2304.085	-19.54
2307.971	-18.21
2311.854	-25.88
2315.734	-23.88
2319.609	-26.54
2323.482	-28.88
2327.351	-28.54
2331.216	-25.54
2335.078	-30.21
2338.937	-32.54
2342.792	-34.54
2346.643	-37.21
2350.492	-40.21
2354.336	-37.54
2358.178	-36.21
2362.015	-34.54
2365.85	-40.88
2369.681	-39.21
2373.508	-38.54
2377.333	-42.21
2381.153	-40.21
2384.971	-38.88
2388.785	-44.21
2392.595	-40.88
2396.402	-42.88
2400.206	-44.54
2404.007	-47.88
2407.804	-47.54
2411.597	-43.54
2415.388	-42.88
2419.174	-47.54
2422.958	-49.54
2426.738	-50.21
2430.515	-48.21
2434.289	-47.88
2438.059	-52.54
2441.825	-50.88
2445.589	-48.21
2449.349	-49.88
2453.106	-49.21
2456.859	-50.88
2460.61	-50.88
2464.356	-51.21
2468.1	-52.21
2471.84	-54.21
2475.577	-54.21
2479.311	-55.21
2483.041	-55.21
2486.768	-57.54
2490.492	-57.21
2494.213	-58.54
2497.93	-58.21
2501.644	-55.88
2505.355	-59.88
2509.062	-57.88
2512.766	-56.88
2516.467	-57.88
2520.165	-59.54
2523.859	-59.88
2527.551	-60.54
2531.239	-56.88
2534.923	-58.21
2538.605	-60.88
2542.283	-59.21
2545.958	-59.54
2549.63	-59.21
2553.299	-61.54
2556.964	-61.54
2560.626	-60.21
2564.285	-62.21
2567.941	-61.88
2571.594	-61.21
2575.243	-63.54
2578.89	-63.88
2582.533	-64.21
2586.173	-64.54
2589.809	-65.54
2593.443	-66.21
2597.073	-64.88
2600.701	-65.88
2604.325	-66.54
2607.946	-65.54
2611.564	-68.88
2615.178	-66.54
2618.79	-67.88
2622.398	-68.54
2626.004	-65.54
2629.606	-67.54
2633.205	-68.54
2636.801	-65.88
2640.394	-68.54
2643.983	-66.88
2647.57	-67.21
2651.153	-68.21
2654.734	-67.21
2658.311	-64.88
2661.885	-69.54
2665.456	-68.21
2669.025	-65.21
2672.589	-68.88
2676.151	-66.21
2679.71	-69.88
2683.266	-67.88
2686.819	-63.54
2690.368	-66.88
2693.915	-66.54
2697.458	-66.21
2700.999	-64.54
2704.536	-66.54
2708.071	-63.88
2711.602	-68.21
2715.13	-65.88
2718.656	-63.54
2722.178	-63.54
2725.697	-63.54
2729.214	-63.21
2732.727	-60.88
2736.237	-61.54
2739.744	-59.54
2743.249	-56.88
2746.75	-59.88
2750.248	-56.54
2753.743	-57.88
2757.236	-54.54
2760.725	-54.88
2764.211	-56.21
2767.695	-53.88
2771.175	-50.54
2774.652	-51.88
2778.127	-49.88
2781.598	-49.88
2785.067	-47.88
2788.532	-47.54
2791.995	-45.21
2795.455	-45.88
2798.911	-44.88
2802.365	-41.54
2805.816	-40.54
2809.264	-39.54
2812.709	-38.88
2816.151	-35.88
2819.59	-33.21
2823.026	-34.88
2826.46	-32.21
2829.89	-30.21
2833.318	-24.88
2836.742	-24.54
2840.164	-23.88
2843.583	-24.54
2846.999	-18.88
2850.412	-15.54
2853.822	-17.54
2857.229	-14.21
2860.634	-5.88
2864.035	-6.54
2867.434	-4.54
2870.83	-1.21
2874.223	0.46
2877.613	3.46
2881	7.12
2884.385	9.79
2887.766	15.46
2891.145	16.12
2894.521	16.79
2897.894	19.12
2901.264	21.79
2904.631	27.12
2907.996	28.46
2911.358	31.12
2914.717	38.46
2918.073	40.79
2921.426	44.79
2924.777	50.12
2928.124	52.79
2931.469	60.46
2934.811	63.79
2938.15	66.79
2941.487	74.46
2944.821	78.12
2948.152	79.46
2951.48	85.12
2954.805	90.46
2958.128	93.12
2961.447	100.79
2964.765	103.12
2968.079	111.46
2971.39	119.79
2974.699	126.12
2978.005	132.79
2981.308	145.46
2984.609	152.46
2987.907	162.12
2991.202	167.46
2994.494	179.46
2997.784	191.79
3001.07	201.12
3004.355	207.46
3007.636	217.46
3010.915	227.79
3014.191	235.12
3017.464	242.79
3020.734	251.12
3024.002	261.46
3027.267	266.12
3030.53	277.12
3033.789	278.12
3037.046	290.12
3040.301	302.12
3043.552	316.79
3046.801	321.46
3050.048	344.46
3053.291	352.79
3056.532	366.12
3059.771	381.46
3063.006	401.12
3066.239	422.79
3069.469	430.46
3072.697	453.79
3075.922	467.46
3079.144	490.79
3082.364	506.79
3085.581	523.46
3088.795	544.46
3092.007	560.46
3095.216	568.46
3098.423	587.79
3101.627	612.12
3104.828	628.79
3108.026	644.79
3111.222	664.12
3114.416	683.79
3117.607	696.12
3120.795	711.46
3123.98	736.46
3127.163	762.79
3130.344	781.46
3133.521	802.46
3136.696	822.46
3139.869	841.12
3143.039	854.79
3146.206	870.79
3149.371	885.79
3152.533	899.12
3155.693	908.46
3158.85	923.79
3162.005	929.12
3165.157	935.12
3168.306	938.79
3171.453	942.79
3174.597	945.46
3177.739	954.79
3180.878	948.46
3184.014	963.79
3187.149	973.12
3190.28	977.79
3193.409	980.79
3196.536	979.79
3199.659	986.12
3202.781	985.79
3205.9	993.12
3209.016	998.12
3212.13	1001.79
3215.241	995.46
3218.35	990.12
3221.456	978.79
3224.56	971.46
3227.661	971.79
3230.76	960.79
3233.856	966.46
3236.95	951.79
3240.041	955.79
3243.13	945.79
3246.216	939.79
3249.3	937.46
3252.382	934.12
3255.46	930.79
3258.537	932.12
3261.611	930.46
3264.682	927.12
3267.751	919.46
3270.818	924.12
3273.882	914.46
3276.943	912.79
3280.002	908.79
3283.059	893.79
3286.113	882.79
3289.165	872.79
3292.214	863.79
3295.261	844.46
3298.306	836.79
3301.348	814.12
3304.387	803.46
3307.425	794.79
3310.459	786.79
3313.492	780.12
3316.521	766.12
3319.549	769.79
3322.574	756.79
3325.597	748.12
3328.617	748.12
3331.635	741.12
3334.65	736.79
3337.663	742.12
3340.674	728.46
3343.682	735.12
3346.688	735.79
3349.691	730.79
3352.692	726.12
3355.691	713.46
3358.687	713.46
3361.681	710.12
3364.673	701.79
3367.662	690.12
3370.649	687.79
3373.633	678.12
3376.615	671.12
3379.595	657.12
3382.572	647.12
3385.547	645.79
3388.52	636.79
3391.49	627.12
3394.458	617.46
3397.424	613.46
3400.387	607.79
3403.348	597.79
3406.307	598.12
3409.263	587.79
3412.217	584.79
3415.168	576.79
3418.118	578.12
3421.065	568.46
3424.009	557.79
3426.951	547.79
3429.891	545.12
3432.829	529.79
3435.764	534.79
3438.697	521.12
3441.628	504.79
3444.557	490.79
3447.483	472.46
3450.407	461.12
3453.328	447.12
3456.247	441.12
3459.164	422.46
3462.079	410.46
3464.991	401.46
3467.902	390.79
3470.809	383.46
3473.715	361.79
3476.618	355.79
3479.519	340.46
3482.418	337.79
3485.315	325.46
3488.209	314.12
3491.101	304.46
3493.99	294.79
3496.878	290.12
3499.763	277.12
3502.646	270.12
3505.527	263.12
3508.405	249.79
3511.281	240.12
3514.155	225.46
3517.027	218.46
3519.897	204.46
3522.764	193.79
3525.629	182.12
3528.492	176.79
3531.352	166.12
3534.211	151.12
3537.067	146.12
3539.921	136.12
3542.773	128.79
3545.622	119.12
3548.469	113.46
3551.315	100.46
3554.157	94.79
3556.998	92.46
3559.837	86.12
3562.673	76.79
3565.507	69.12
3568.339	63.79
3571.169	58.79
3573.996	54.46
3576.822	50.46
3579.645	43.79
3582.466	37.12
3585.285	32.79
3588.101	24.79
3590.916	23.79
3593.728	19.12
3596.538	8.46
3599.346	5.79
3602.152	2.12
3604.956	-1.21
3607.757	-1.88
3610.556	-6.21
3613.354	-12.54
3616.149	-15.21
3618.942	-19.21
3621.732	-23.21
3624.521	-24.21
3627.307	-25.54
3630.092	-33.21
3632.874	-32.54
3635.654	-36.54
3638.432	-36.54
3641.208	-41.21
3643.982	-41.88
3646.753	-46.21
3649.523	-48.54
3652.29	-50.21
3655.055	-50.88
3657.818	-54.88
3660.579	-60.54
3663.338	-60.21
3666.095	-61.54
3668.849	-64.88
3671.602	-69.54
3674.352	-70.54
3677.101	-68.88
3679.847	-71.54
3682.591	-71.88
3685.333	-75.21
3688.073	-77.54
3690.811	-78.88
3693.547	-76.54
3696.281	-80.54
3699.013	-82.88
3701.742	-83.21
3704.47	-82.88
3707.195	-84.21
3709.919	-83.21
3712.64	-86.21
3715.359	-88.21
3718.076	-89.21
3720.792	-88.21
3723.505	-91.21
3726.216	-90.88
3728.925	-90.21
3731.632	-94.54
3734.336	-93.21
3737.039	-93.88
3739.74	-94.88
3742.439	-95.21
3745.136	-93.21
3747.83	-96.21
3750.523	-97.21
3753.213	-95.21
3755.902	-96.54
3758.589	-96.54
3761.273	-96.54
3763.956	-97.54
3766.636	-97.21
3769.315	-98.88
3771.991	-100.88
3774.665	-100.54
3777.338	-101.54
3780.008	-100.21
3782.677	-100.21
3785.343	-100.88
3788.007	-100.54
3790.67	-102.88
3793.33	-100.88
3795.989	-102.88
3798.645	-101.88
3801.299	-103.21
3803.952	-102.88
3806.602	-103.54
3809.251	-103.21
3811.897	-102.54
3814.542	-104.88
3817.184	-104.88
3819.825	-104.21
3822.463	-104.88
3825.1	-102.88
3827.735	-104.54
3830.367	-103.21
3832.998	-104.21
3835.627	-104.88
3838.253	-106.54
3840.878	-105.21
3843.501	-105.54
3846.122	-107.21
3848.741	-106.54
3851.358	-106.21
3853.973	-107.54
3856.586	-105.88
3859.197	-106.21
3861.806	-104.88
3864.414	-106.54
3867.019	-107.54
3869.622	-104.88
3872.224	-106.21
3874.823	-100.54
3877.421	-101.21
3880.016	-97.54
3882.61	-92.54
3885.202	-91.88
3887.792	-94.21
3890.38	-98.88
3892.966	-100.21
3895.55	-105.88
3898.132	-105.88
3900.713	-105.54
3903.291	-108.21
3905.868	-107.54
3908.442	-106.88
3911.015	-108.54
3913.586	-109.54
3916.155	-107.21
3918.722	-107.88
3921.287	-106.21
3923.85	-107.88
3926.411	-106.54
3928.971	-105.21
3931.528	-106.88
3934.084	-106.54
3936.638	-105.88
3939.19	-105.88
3941.74	-106.88
3944.288	-106.88
3946.834	-107.88
3949.378	-104.54
3951.921	-107.21
3954.462	-107.54
3957	-107.21
3959.537	-108.21
3962.072	-109.21
3964.606	-106.88
3967.137	-107.54
3969.667	-108.54
3972.194	-108.54
3974.72	-108.21
3977.244	-105.54
3979.766	-105.88
3982.286	-105.88
3984.805	-104.54
3987.321	-106.88
3989.836	-106.54
3992.349	-106.21
3994.86	-104.88
3997.369	-103.88
3999.877	-104.88
4002.382	-106.54
4004.886	-106.88
4007.388	-106.88
4009.888	-107.21
4012.386	-108.88
4014.883	-109.88
4017.377	-109.21
4019.87	-111.21
4022.361	-106.88
4024.85	-109.21
4027.338	-109.21
4029.823	-108.88
4032.307	-108.88
4034.789	-108.88
4037.269	-107.88
4039.747	-108.88
4042.224	-109.54
4044.699	-105.88
4047.172	-108.88
4049.643	-107.21
4052.112	-107.88
4054.58	-105.54
4057.046	-106.21
4059.51	-105.88
4061.972	-106.88
4064.432	-106.21
4066.891	-107.54
4069.348	-104.54
4071.803	-106.21
4074.256	-106.21
4076.708	-109.21
4079.158	-104.88
4081.606	-106.88
4084.052	-106.54
4086.497	-107.21
4088.939	-106.54
4091.38	-108.88
4093.819	-106.54
4096.257	-109.21
4098.693	-109.21
4101.127	-109.54
4103.559	-109.21
4105.989	-69.54
4108.418	-66.88
4110.845	-66.21
4113.27	-60.21
4115.694	-53.21
4118.115	-46.88
4120.535	-107.88
4122.954	-109.88
4125.37	-106.21
4127.785	-105.88
4130.198	-107.21
4132.609	-107.88
4135.019	-109.54
4137.427	-109.54
4139.833	-108.54
4142.237	-108.21
