160.701	-33.17
166.742	0.5
172.777	94.83
178.805	389.83
184.826	1086.17
190.841	2260.83
196.849	3576.17
202.85	4424.5
208.845	4613.5
214.833	4439.5
220.815	4234.83
226.789	4083.5
232.758	3947.17
238.719	3799.5
244.674	3622.5
250.623	3446.5
256.565	3263.83
262.5	3082.17
268.429	2925.83
274.351	2794.17
280.267	2652.5
286.176	2539.83
292.079	2452.83
297.975	2353.83
303.865	2271.5
309.748	2217.5
315.625	2156.83
321.495	2112.5
327.359	2076.5
333.217	2046.83
339.068	2033.5
344.912	2037.17
350.751	2018.83
356.583	2027.5
362.408	2023.83
368.227	2032.5
374.04	2044.17
379.847	2054.5
385.647	2075.83
391.44	2072.17
397.228	2070.17
403.009	2075.83
408.784	2099.83
414.553	2167.83
420.315	2236.83
426.071	2246.17
431.821	2168.83
437.565	2093.5
443.302	2059.17
449.033	2047.5
454.758	2047.17
460.477	2019.83
466.189	1997.83
471.896	1987.5
477.596	1973.83
483.29	1947.5
488.978	1939.5
494.66	1922.83
500.335	1886.83
506.005	1845.17
511.668	1807.83
517.325	1771.83
522.977	1737.5
528.622	1707.83
534.261	1684.5
539.894	1657.83
545.521	1646.83
551.141	1622.83
556.756	1600.83
562.365	1596.17
567.968	1573.17
573.565	1560.5
579.155	1546.5
584.74	1534.5
590.319	1502.83
595.892	1489.5
601.459	1470.5
607.02	1462.83
612.575	1440.17
618.124	1420.5
623.667	1412.17
629.204	1388.83
634.735	1382.5
640.261	1384.83
645.781	1401.17
651.294	1392.83
656.802	1366.17
662.304	1327.5
667.8	1307.17
673.29	1299.17
678.775	1282.17
684.254	1265.5
689.726	1252.83
695.193	1229.83
700.655	1228.83
706.11	1206.5
711.56	1193.83
717.004	1168.17
722.442	1168.17
727.874	1148.83
733.301	1136.17
738.722	1127.5
744.137	1131.5
749.547	1125.5
754.951	1122.17
760.349	1111.17
765.741	1083.83
771.128	1082.5
776.509	1080.17
781.885	1067.83
787.254	1057.17
792.618	1053.17
797.977	1036.17
803.33	1019.17
808.677	995.83
814.019	983.17
819.355	971.5
824.686	947.5
830.011	940.17
835.33	916.83
840.644	915.17
845.952	892.5
851.255	881.83
856.552	875.5
861.844	859.5
867.13	853.5
872.41	837.17
877.686	819.17
882.955	805.5
888.219	784.83
893.478	762.83
898.731	743.83
903.979	721.17
909.221	709.5
914.458	700.17
919.69	692.17
924.916	684.83
930.136	678.17
935.351	671.17
940.561	656.83
945.766	655.17
950.965	652.5
956.158	634.83
961.347	619.5
966.529	606.5
971.707	602.5
976.879	583.5
982.046	578.83
987.208	568.17
992.364	567.17
997.515	568.17
1002.66	573.17
1007.801	568.5
1012.936	578.5
1018.066	572.83
1023.19	577.83
1028.309	579.83
1033.423	567.5
1038.532	563.5
1043.636	550.83
1048.734	554.17
1053.827	537.83
1058.915	530.83
1063.998	533.5
1069.075	529.17
1074.147	529.17
1079.214	527.83
1084.276	529.5
1089.333	535.5
1094.385	541.5
1099.431	528.83
1104.472	529.17
1109.509	526.83
1114.54	514.5
1119.565	502.5
1124.586	501.83
1129.602	495.5
1134.613	486.17
1139.618	484.5
1144.619	485.17
1149.614	485.83
1154.604	491.5
1159.589	483.5
1164.57	491.5
1169.545	496.17
1174.515	486.17
1179.48	486.5
1184.44	481.83
1189.395	477.83
1194.345	469.83
1199.29	473.83
1204.23	474.83
1209.165	470.5
1214.095	470.83
1219.021	468.17
1223.941	482.17
1228.856	479.5
1233.766	482.83
1238.672	473.83
1243.572	476.83
1248.467	470.83
1253.358	462.83
1258.244	455.5
1263.124	442.83
1268	435.83
1272.871	430.83
1277.737	426.5
1282.599	418.83
1287.455	423.5
1292.306	421.83
1297.153	426.5
1301.995	425.17
1306.832	423.83
1311.664	424.5
1316.491	415.17
1321.314	420.83
1326.132	410.17
1330.945	398.17
1335.753	393.5
1340.556	382.83
1345.354	377.17
1350.148	371.83
1354.937	364.83
1359.722	367.17
1364.501	359.83
1369.276	362.83
1374.046	361.83
1378.811	365.17
1383.572	365.5
1388.327	365.17
1393.079	354.17
1397.825	348.17
1402.567	342.17
1407.304	341.5
1412.036	328.5
1416.764	335.83
1421.487	329.83
1426.205	328.5
1430.919	331.17
1435.628	332.5
1440.333	338.5
1445.032	344.83
1449.727	340.83
1454.418	343.17
1459.104	337.83
1463.785	338.5
1468.462	336.5
1473.134	329.5
1477.802	334.5
1482.465	329.17
1487.123	327.83
1491.777	334.17
1496.426	340.83
1501.071	347.5
1505.711	352.17
1510.347	364.83
1514.978	371.17
1519.604	371.5
1524.226	379.17
1528.844	381.17
1533.457	378.17
1538.065	380.83
1542.669	384.83
1547.269	389.17
1551.864	395.17
1556.454	407.5
1561.041	411.17
1565.622	423.5
1570.199	434.5
1574.772	452.17
1579.34	470.17
1583.904	489.83
1588.464	505.17
1593.019	523.83
1597.569	548.83
1602.115	571.83
1606.657	581.83
1611.195	596.83
1615.728	617.5
1620.256	647.5
1624.78	660.17
1629.3	683.83
1633.816	704.83
1638.327	719.83
1642.834	723.17
1647.336	734.5
1651.834	733.83
1656.328	721.5
1660.817	708.83
1665.302	693.5
1669.783	658.5
1674.259	635.5
1678.732	599.83
1683.199	561.5
1687.663	512.83
1692.122	486.17
1696.577	449.17
1701.028	418.5
1705.474	394.5
1709.917	368.17
1714.355	349.17
1718.788	321.17
1723.218	301.83
1727.643	280.83
1732.064	258.17
1736.481	236.5
1740.893	223.17
1745.301	198.83
1749.705	186.83
1754.105	172.5
1758.501	158.83
1762.893	145.83
1767.28	137.83
1771.663	131.5
1776.042	125.5
1780.417	121.83
1784.787	121.5
1789.154	113.5
1793.516	113.83
1797.874	110.17
1802.228	106.5
1806.578	100.83
1810.924	95.83
1815.266	87.17
1819.603	90.17
1823.937	83.17
1828.266	81.17
1832.591	77.83
1836.913	75.83
1841.23	74.83
1845.543	71.17
1849.852	74.83
1854.156	70.83
1858.457	74.17
1862.754	75.17
1867.047	69.83
1871.335	74.83
1875.62	71.83
1879.9	71.5
1884.177	74.17
1888.449	70.83
1892.718	71.17
1896.982	69.17
1901.243	68.17
1905.499	69.5
1909.752	68.83
1914	71.83
1918.245	75.17
1922.485	77.5
1926.722	76.5
1930.954	81.17
1935.183	82.5
1939.408	80.5
1943.628	83.83
1947.845	82.17
1952.058	86.83
1956.267	82.5
1960.472	77.83
1964.673	81.83
1968.87	79.5
1973.063	77.5
1977.252	75.17
1981.438	78.83
1985.619	79.17
1989.797	79.5
1993.971	78.83
1998.14	84.5
2002.306	81.83
2006.469	85.17
2010.627	87.83
2014.781	86.5
2018.932	88.5
2023.078	86.17
2027.221	87.83
2031.36	86.17
2035.495	87.17
2039.627	84.17
2043.754	92.17
2047.878	89.17
2051.998	89.5
2056.114	90.17
2060.226	93.83
2064.334	95.5
2068.439	101.5
2072.54	100.17
2076.637	101.17
2080.73	110.5
2084.82	115.5
2088.906	109.83
2092.988	111.5
2097.066	109.5
2101.14	104.5
2105.211	104.83
2109.278	102.5
2113.342	99.83
2117.401	102.17
2121.457	95.5
2125.509	99.17
2129.558	93.5
2133.602	89.17
2137.643	86.17
2141.681	89.83
2145.714	83.17
2149.744	86.5
2153.77	80.5
2157.793	77.83
2161.812	76.5
2165.827	74.17
2169.838	69.83
2173.846	68.17
2177.851	63.5
2181.851	61.5
2185.848	57.17
2189.841	54.17
2193.831	50.5
2197.817	47.5
2201.799	45.17
2205.778	42.5
2209.753	38.83
2213.725	38.83
2217.693	38.17
2221.657	35.83
2225.618	31.83
2229.575	28.5
2233.529	25.5
2237.479	23.5
2241.425	24.17
2245.368	18.83
2249.307	12.83
2253.243	11.5
2257.175	6.83
2261.104	6.5
2265.029	3.5
2268.95	-0.5
2272.868	-0.83
2276.783	-3.83
2280.694	-6.83
2284.601	-4.5
2288.505	-10.17
2292.405	-9.17
2296.302	-11.5
2300.195	-14.5
2304.085	-19.17
2307.971	-19.17
2311.854	-22.17
2315.734	-25.5
2319.609	-29.5
2323.482	-29.83
2327.351	-30.5
2331.216	-29.5
2335.078	-30.83
2338.937	-32.17
2342.792	-36.5
2346.643	-36.17
2350.492	-39.83
2354.336	-39.83
2358.178	-38.5
2362.015	-38.5
2365.85	-38.83
2369.681	-38.5
2373.508	-38.5
2377.333	-40.83
2381.153	-39.5
2384.971	-40.5
2388.785	-44.17
2392.595	-44.83
2396.402	-42.83
2400.206	-43.5
2404.007	-48.83
2407.804	-46.5
2411.597	-46.17
2415.388	-46.17
2419.174	-47.5
2422.958	-50.5
2426.738	-50.17
2430.515	-52.17
2434.289	-51.17
2438.059	-51.17
2441.825	-53.5
2445.589	-52.83
2449.349	-53.5
2453.106	-52.5
2456.859	-52.5
2460.61	-54.17
2464.356	-57.17
2468.1	-56.83
2471.84	-55.5
2475.577	-57.83
2479.311	-54.83
2483.041	-58.17
2486.768	-58.5
2490.492	-60.17
2494.213	-58.5
2497.93	-56.17
2501.644	-56.17
2505.355	-59.83
2509.062	-59.17
2512.766	-56.83
2516.467	-59.17
2520.165	-57.17
2523.859	-60.5
2527.551	-62.5
2531.239	-61.5
2534.923	-60.17
2538.605	-62.5
2542.283	-62.5
2545.958	-63.5
2549.63	-65.5
2553.299	-65.17
2556.964	-64.5
2560.626	-63.83
2564.285	-64.83
2567.941	-60.83
2571.594	-63.83
2575.243	-64.17
2578.89	-68.5
2582.533	-65.83
2586.173	-64.5
2589.809	-65.5
2593.443	-66.83
2597.073	-67.5
2600.701	-69.17
2604.325	-68.83
2607.946	-67.17
2611.564	-69.17
2615.178	-65.83
2618.79	-70.83
2622.398	-70.83
2626.004	-69.5
2629.606	-66.83
2633.205	-70.17
2636.801	-67.83
2640.394	-69.5
2643.983	-67.83
2647.57	-72.17
2651.153	-71.5
2654.734	-69.17
2658.311	-67.17
2661.885	-70.17
2665.456	-69.5
2669.025	-67.83
2672.589	-69.17
2676.151	-69.17
2679.71	-71.17
2683.266	-68.5
2686.819	-70.5
2690.368	-70.83
2693.915	-69.83
2697.458	-67.83
2700.999	-66.83
2704.536	-66.83
2708.071	-68.17
2711.602	-66.17
2715.13	-66.5
2718.656	-64.83
2722.178	-65.5
2725.697	-66.5
2729.214	-63.17
2732.727	-62.83
2736.237	-61.17
2739.744	-61.17
2743.249	-59.5
2746.75	-59.17
2750.248	-58.5
2753.743	-59.5
2757.236	-56.83
2760.725	-56.17
2764.211	-55.17
2767.695	-56.5
2771.175	-53.17
2774.652	-52.83
2778.127	-50.83
2781.598	-52.5
2785.067	-49.17
2788.532	-49.83
2791.995	-46.83
2795.455	-47.83
2798.911	-47.5
2802.365	-44.83
2805.816	-45.83
2809.264	-44.17
2812.709	-41.17
2816.151	-39.17
2819.59	-36.5
2823.026	-36.17
2826.46	-33.83
2829.89	-30.5
2833.318	-28.17
2836.742	-23.17
2840.164	-24.17
2843.583	-22.83
2846.999	-17.5
2850.412	-15.83
2853.822	-15.17
2857.229	-10.83
2860.634	-10.83
2864.035	-8.17
2867.434	-0.83
2870.83	-3.17
2874.223	4.83
2877.613	2.83
2881	10.17
2884.385	11.83
2887.766	13.17
2891.145	13.17
2894.521	18.5
2897.894	17.5
2901.264	23.83
2904.631	27.5
2907.996	26.5
2911.358	31.5
2914.717	36.83
2918.073	37.17
2921.426	44.17
2924.777	48.17
2928.124	52.17
2931.469	55.5
2934.811	64.83
2938.15	67.83
2941.487	72.83
2944.821	73.83
2948.152	77.83
2951.48	87.83
2954.805	91.83
2958.128	96.83
2961.447	104.5
2964.765	112.5
2968.079	111.5
2971.39	121.17
2974.699	123.5
2978.005	134.5
2981.308	143.5
2984.609	152.17
2987.907	164.83
2991.202	176.5
2994.494	183.17
2997.784	192.83
3001.07	206.83
3004.355	215.5
3007.636	223.83
3010.915	234.5
3014.191	242.17
3017.464	243.83
3020.734	257.5
3024.002	260.5
3027.267	280.17
3030.53	284.17
3033.789	286.83
3037.046	300.17
3040.301	311.17
3043.552	322.83
3046.801	334.5
3050.048	348.83
3053.291	366.83
3056.532	382.17
3059.771	391.83
3063.006	403.17
3066.239	428.17
3069.469	448.83
3072.697	465.17
3075.922	481.83
3079.144	499.5
3082.364	517.83
3085.581	539.17
3088.795	547.17
3092.007	570.5
3095.216	584.5
3098.423	604.17
3101.627	621.83
3104.828	642.83
3108.026	659.83
3111.222	679.83
3114.416	699.5
3117.607	723.5
3120.795	733.83
3123.98	762.5
3127.163	782.5
3130.344	797.83
3133.521	818.83
3136.696	839.5
3139.869	864.5
3143.039	879.5
3146.206	891.83
3149.371	912.5
3152.533	923.83
3155.693	929.17
3158.85	934.83
3162.005	945.17
3165.157	949.83
3168.306	962.83
3171.453	967.83
3174.597	973.83
3177.739	967.17
3180.878	981.83
3184.014	984.5
3187.149	995.83
3190.28	994.17
3193.409	1000.5
3196.536	1008.5
3199.659	1020.17
3202.781	1009.83
3205.9	1024.83
3209.016	1024.83
3212.13	1026.83
3215.241	1020.5
3218.35	1015.5
3221.456	1007.83
3224.56	997.17
3227.661	992.83
3230.76	987.17
3233.856	974.5
3236.95	976.17
3240.041	964.5
3243.13	963.17
3246.216	964.17
3249.3	960.5
3252.382	956.17
3255.46	953.5
3258.537	948.5
3261.611	951.83
3264.682	939.5
3267.751	945.83
3270.818	933.83
3273.882	932.83
3276.943	924.17
3280.002	921.5
3283.059	923.5
3286.113	900.5
3289.165	887.5
3292.214	870.5
3295.261	860.5
3298.306	847.17
3301.348	837.17
3304.387	822.17
3307.425	811.83
3310.459	798.83
3313.492	791.83
3316.521	782.17
3319.549	773.17
3322.574	768.5
3325.597	772.83
3328.617	761.5
3331.635	752.83
3334.65	754.83
3337.663	745.5
3340.674	748.5
3343.682	746.17
3346.688	738.5
3349.691	738.17
3352.692	734.17
3355.691	731.83
3358.687	722.17
3361.681	722.17
3364.673	713.17
3367.662	703.83
3370.649	695.83
3373.633	689.83
3376.615	677.17
3379.595	672.83
3382.572	663.17
3385.547	660.5
3388.52	647.17
3391.49	642.17
3394.458	637.83
3397.424	623.83
3400.387	610.5
3403.348	610.5
3406.307	604.5
3409.263	596.83
3412.217	592.17
3415.168	590.5
3418.118	582.17
3421.065	577.5
3424.009	571.17
3426.951	559.17
3429.891	558.17
3432.829	539.83
3435.764	536.17
3438.697	523.5
3441.628	514.17
3444.557	495.83
3447.483	484.83
3450.407	467.5
3453.328	455.5
3456.247	441.5
3459.164	429.17
3462.079	420.5
3464.991	398.17
3467.902	387.5
3470.809	380.17
3473.715	365.83
3476.618	353.17
3479.519	345.5
3482.418	336.5
3485.315	329.83
3488.209	316.5
3491.101	308.17
3493.99	300.5
3496.878	291.5
3499.763	277.83
3502.646	270.83
3505.527	264.83
3508.405	251.17
3511.281	240.5
3514.155	227.5
3517.027	217.17
3519.897	207.83
3522.764	199.17
3525.629	185.5
3528.492	179.17
3531.352	166.83
3534.211	156.5
3537.067	144.17
3539.921	137.17
3542.773	124.83
3545.622	118.17
3548.469	110.17
3551.315	101.5
3554.157	95.83
3556.998	87.17
3559.837	82.83
3562.673	75.5
3565.507	67.17
3568.339	61.17
3571.169	58.17
3573.996	54.5
3576.822	46.17
3579.645	38.83
3582.466	36.83
3585.285	28.5
3588.101	27.83
3590.916	25.17
3593.728	17.83
3596.538	10.83
3599.346	6.5
3602.152	3.17
3604.956	-3.5
3607.757	-5.5
3610.556	-10.17
3613.354	-13.17
3616.149	-17.17
3618.942	-19.17
3621.732	-23.83
3624.521	-27.83
3627.307	-30.83
3630.092	-33.17
3632.874	-36.5
3635.654	-38.5
3638.432	-41.5
3641.208	-45.17
3643.982	-46.17
3646.753	-51.5
3649.523	-50.83
3652.29	-51.83
3655.055	-53.5
3657.818	-58.83
3660.579	-57.83
3663.338	-62.17
3666.095	-63.17
3668.849	-66.17
3671.602	-69.83
3674.352	-70.5
3677.101	-71.17
3679.847	-75.17
3682.591	-74.5
3685.333	-76.17
3688.073	-76.5
3690.811	-78.83
3693.547	-79.83
3696.281	-83.83
3699.013	-85.17
3701.742	-83.83
3704.47	-89.17
3707.195	-86.83
3709.919	-87.83
3712.64	-89.17
3715.359	-89.83
3718.076	-90.5
3720.792	-90.17
3723.505	-94.5
3726.216	-94.83
3728.925	-91.17
3731.632	-94.17
3734.336	-94.5
3737.039	-96.5
3739.74	-96.17
3742.439	-94.17
3745.136	-94.17
3747.83	-99.17
3750.523	-97.83
3753.213	-98.17
3755.902	-98.5
3758.589	-98.5
3761.273	-98.5
3763.956	-102.5
3766.636	-103.5
3769.315	-104.17
3771.991	-101.5
3774.665	-103.83
3777.338	-104.17
3780.008	-104.83
3782.677	-104.17
3785.343	-104.5
3788.007	-103.17
3790.67	-104.83
3793.33	-103.17
3795.989	-104.83
3798.645	-104.17
3801.299	-103.17
3803.952	-102.5
3806.602	-105.5
3809.251	-103.5
3811.897	-104.5
3814.542	-106.5
3817.184	-106.83
3819.825	-104.83
3822.463	-105.83
3825.1	-107.83
3827.735	-109.5
3830.367	-108.5
3832.998	-107.83
3835.627	-108.83
3838.253	-110.5
3840.878	-109.83
3843.501	-109.5
3846.122	-110.17
3848.741	-109.83
3851.358	-109.83
3853.973	-110.83
3856.586	-108.83
3859.197	-108.5
3861.806	-106.5
3864.414	-108.17
3867.019	-108.17
3869.622	-107.83
3872.224	-105.83
3874.823	-103.17
3877.421	-101.83
3880.016	-97.17
3882.61	-93.5
3885.202	-92.83
3887.792	-95.5
3890.38	-99.83
3892.966	-104.83
3895.55	-108.5
3898.132	-109.83
3900.713	-110.17
3903.291	-110.83
3905.868	-112.17
3908.442	-110.83
3911.015	-110.5
3913.586	-112.83
3916.155	-111.83
3918.722	-110.5
3921.287	-108.5
3923.85	-109.5
3926.411	-110.5
3928.971	-109.5
3931.528	-110.83
3934.084	-108.5
3936.638	-108.17
3939.19	-107.5
3941.74	-108.5
3944.288	-109.83
3946.834	-107.83
3949.378	-109.17
3951.921	-110.17
3954.462	-109.83
3957	-109.5
3959.537	-109.83
3962.072	-110.83
3964.606	-110.17
3967.137	-111.17
3969.667	-111.5
3972.194	-112.17
3974.72	-110.83
3977.244	-108.17
3979.766	-109.5
3982.286	-110.17
3984.805	-108.83
3987.321	-109.17
3989.836	-109.17
3992.349	-110.17
3994.86	-106.83
3997.369	-105.17
3999.877	-107.5
4002.382	-109.17
4004.886	-109.5
4007.388	-108.17
4009.888	-107.83
4012.386	-108.17
4014.883	-109.83
4017.377	-109.83
4019.87	-111.5
4022.361	-108.83
4024.85	-110.83
4027.338	-111.17
4029.823	-111.17
4032.307	-112.5
4034.789	-111.5
4037.269	-111.83
4039.747	-111.83
4042.224	-112.5
4044.699	-110.83
4047.172	-110.17
4049.643	-111.17
4052.112	-108.83
4054.58	-107.17
4057.046	-109.83
4059.51	-106.83
4061.972	-107.83
4064.432	-107.5
4066.891	-107.5
4069.348	-106.83
4071.803	-106.5
4074.256	-107.83
4076.708	-107.5
4079.158	-107.17
4081.606	-108.5
4084.052	-107.5
4086.497	-109.17
4088.939	-108.17
4091.38	-110.83
4093.819	-109.5
4096.257	-112.17
4098.693	-111.83
4101.127	-111.83
4103.559	-112.83
4105.989	-69.17
4108.418	-65.83
4110.845	-66.83
4113.27	-60.17
4115.694	-50.83
4118.115	-45.5
4120.535	-110.83
4122.954	-111.17
4125.37	-108.83
4127.785	-111.17
4130.198	-111.5
4132.609	-110.17
4135.019	-112.5
4137.427	-112.83
4139.833	-114.17
4142.237	-112.5
