160.701	-32.5
166.742	0.83
172.777	95.5
178.805	380.17
184.826	1063.17
190.841	2201.17
196.849	3470.83
202.85	4289.5
208.845	4461.17
214.833	4274.83
220.815	4096.83
226.789	3935.5
232.758	3809.83
238.719	3662.17
244.674	3500.5
250.623	3333.83
256.565	3154.5
262.5	2979.5
268.429	2825.17
274.351	2677.83
280.267	2560.17
286.176	2442.5
292.079	2364.17
297.975	2277.83
303.865	2205.17
309.748	2131.83
315.625	2084.17
321.495	2048.17
327.359	2005.5
333.217	1981.83
339.068	1969.83
344.912	1954.17
350.751	1943.5
356.583	1927.83
362.408	1949.83
368.227	1943.5
374.04	1970.83
379.847	1981.83
385.647	2002.5
391.44	1999.17
397.228	1990.17
403.009	2000.83
408.784	2033.83
414.553	2098.5
420.315	2158.17
426.071	2164.17
431.821	2093.83
437.565	2020.17
443.302	1992.17
449.033	1983.83
454.758	1956.5
460.477	1959.5
466.189	1928.17
471.896	1910.5
477.596	1889.83
483.29	1884.83
488.978	1865.17
494.66	1851.17
500.335	1823.17
506.005	1781.83
511.668	1740.5
517.325	1700.83
522.977	1672.17
528.622	1645.5
534.261	1620.17
539.894	1599.83
545.521	1577.83
551.141	1568.5
556.756	1546.83
562.365	1536.5
567.968	1521.5
573.565	1487.5
579.155	1479.83
584.74	1468.5
590.319	1449.17
595.892	1438.83
601.459	1418.17
607.02	1409.5
612.575	1385.83
618.124	1365.17
623.667	1352.17
629.204	1342.5
634.735	1332.17
640.261	1328.17
645.781	1354.17
651.294	1345.17
656.802	1309.17
662.304	1289.83
667.8	1254.5
673.29	1238.5
678.775	1226.5
684.254	1218.5
689.726	1200.17
695.193	1193.83
700.655	1169.5
706.11	1158.17
711.56	1145.17
717.004	1135.83
722.442	1126.5
727.874	1108.17
733.301	1096.5
738.722	1089.5
744.137	1083.5
749.547	1083.17
754.951	1074.83
760.349	1068.5
765.741	1049.17
771.128	1040.83
776.509	1031.17
781.885	1032.83
787.254	1017.5
792.618	1006.17
797.977	1000.17
803.33	978.5
808.677	964.17
814.019	944.83
819.355	926.17
824.686	911.5
830.011	897.5
835.33	887.83
840.644	879.83
845.952	864.5
851.255	864.83
856.552	841.83
861.844	817.17
867.13	811.83
872.41	798.17
877.686	793.5
882.955	773.17
888.219	749.5
893.478	729.83
898.731	711.17
903.979	696.17
909.221	677.17
914.458	669.83
919.69	661.83
924.916	655.5
930.136	646.5
935.351	642.5
940.561	638.83
945.766	627.5
950.965	615.17
956.158	611.83
961.347	606.5
966.529	584.5
971.707	568.5
976.879	557.83
982.046	547.83
987.208	539.5
992.364	545.5
997.515	544.83
1002.66	538.83
1007.801	543.17
1012.936	544.17
1018.066	548.83
1023.19	550.5
1028.309	547.5
1033.423	546.5
1038.532	542.5
1043.636	532.5
1048.734	526.83
1053.827	516.5
1058.915	508.5
1063.998	511.5
1069.075	509.5
1074.147	507.17
1079.214	501.17
1084.276	498.17
1089.333	511.5
1094.385	510.5
1099.431	515.5
1104.472	505.5
1109.509	496.83
1114.54	494.5
1119.565	485.83
1124.586	477.83
1129.602	470.5
1134.613	462.17
1139.618	465.17
1144.619	462.83
1149.614	467.5
1154.604	467.17
1159.589	466.83
1164.57	467.5
1169.545	470.17
1174.515	465.5
1179.48	462.83
1184.44	458.17
1189.395	455.17
1194.345	448.17
1199.29	439.83
1204.23	445.17
1209.165	447.5
1214.095	452.5
1219.021	449.5
1223.941	457.5
1228.856	450.5
1233.766	456.83
1238.672	458.5
1243.572	448.5
1248.467	449.17
1253.358	440.17
1258.244	430.5
1263.124	423.83
1268	412.5
1272.871	408.5
1277.737	402.17
1282.599	403.5
1287.455	399.5
1292.306	406.5
1297.153	404.83
1301.995	401.83
1306.832	399.17
1311.664	400.83
1316.491	402.5
1321.314	402.5
1326.132	393.83
1330.945	384.83
1335.753	374.83
1340.556	371.17
1345.354	360.17
1350.148	356.17
1354.937	352.17
1359.722	348.83
1364.501	344.17
1369.276	347.17
1374.046	345.17
1378.811	341.5
1383.572	349.83
1388.327	345.5
1393.079	339.17
1397.825	329.17
1402.567	324.17
1407.304	319.83
1412.036	314.17
1416.764	314.5
1421.487	311.17
1426.205	317.5
1430.919	314.17
1435.628	315.5
1440.333	321.5
1445.032	323.5
1449.727	325.17
1454.418	325.17
1459.104	324.5
1463.785	323.17
1468.462	318.83
1473.134	315.17
1477.802	313.5
1482.465	312.83
1487.123	314.5
1491.777	319.83
1496.426	325.83
1501.071	332.5
1505.711	341.5
1510.347	346.17
1514.978	356.5
1519.604	357.17
1524.226	363.5
1528.844	366.83
1533.457	368.17
1538.065	369.83
1542.669	368.83
1547.269	372.17
1551.864	379.83
1556.454	387.5
1561.041	401.5
1565.622	406.5
1570.199	420.17
1574.772	436.83
1579.34	449.5
1583.904	466.83
1588.464	489.17
1593.019	506.17
1597.569	523.83
1602.115	547.83
1606.657	560.83
1611.195	571.83
1615.728	596.17
1620.256	615.83
1624.78	631.17
1629.3	653.83
1633.816	673.5
1638.327	687.17
1642.834	694.83
1647.336	704.83
1651.834	703.83
1656.328	695.17
1660.817	681.17
1665.302	660.17
1669.783	642.5
1674.259	603.83
1678.732	578.83
1683.199	543.83
1687.663	503.17
1692.122	467.5
1696.577	433.83
1701.028	408.5
1705.474	378.17
1709.917	356.5
1714.355	336.83
1718.788	310.83
1723.218	285.5
1727.643	271.17
1732.064	246.17
1736.481	229.17
1740.893	215.17
1745.301	190.5
1749.705	176.83
1754.105	165.83
1758.501	150.83
1762.893	143.17
1767.28	123.83
1771.663	123.17
1776.042	120.5
1780.417	109.83
1784.787	109.17
1789.154	112.17
1793.516	104.5
1797.874	101.5
1802.228	102.83
1806.578	97.83
1810.924	98.5
1815.266	85.17
1819.603	83.83
1823.937	82.17
1828.266	75.17
1832.591	72.83
1836.913	70.83
1841.23	71.5
1845.543	68.5
1849.852	67.5
1854.156	70.17
1858.457	67.83
1862.754	64.17
1867.047	67.5
1871.335	67.83
1875.62	67.83
1879.9	67.83
1884.177	66.5
1888.449	64.83
1892.718	67.83
1896.982	66.17
1901.243	65.17
1905.499	65.5
1909.752	68.17
1914	70.17
1918.245	68.17
1922.485	72.17
1926.722	74.5
1930.954	80.83
1935.183	80.5
1939.408	79.83
1943.628	81.83
1947.845	81.5
1952.058	79.5
1956.267	78.83
1960.472	75.17
1964.673	76.17
1968.87	73.17
1973.063	73.83
1977.252	76.5
1981.438	71.83
1985.619	76.17
1989.797	74.83
1993.971	74.83
1998.14	80.17
2002.306	78.17
2006.469	80.83
2010.627	78.17
2014.781	82.83
2018.932	87.5
2023.078	85.5
2027.221	87.5
2031.36	83.83
2035.495	87.17
2039.627	86.83
2043.754	87.83
2047.878	90.5
2051.998	85.83
2056.114	89.5
2060.226	91.5
2064.334	92.5
2068.439	95.17
2072.54	97.5
2076.637	95.17
2080.73	101.5
2084.82	105.5
2088.906	104.17
2092.988	104.5
2097.066	103.5
2101.14	106.5
2105.211	104.83
2109.278	95.83
2113.342	99.5
2117.401	94.83
2121.457	96.83
2125.509	94.83
2129.558	91.83
2133.602	93.17
2137.643	88.17
2141.681	87.5
2145.714	83.17
2149.744	81.17
2153.77	82.17
2157.793	78.83
2161.812	73.17
2165.827	68.17
2169.838	69.5
2173.846	63.17
2177.851	59.83
2181.851	53.83
2185.848	52.17
2189.841	47.17
2193.831	45.5
2197.817	45.83
2201.799	40.83
2205.778	42.17
2209.753	34.83
2213.725	35.83
2217.693	37.5
2221.657	31.83
2225.618	31.83
2229.575	27.17
2233.529	25.17
2237.479	22.83
2241.425	21.5
2245.368	16.83
2249.307	14.17
2253.243	8.17
2257.175	5.5
2261.104	6.17
2265.029	1.5
2268.95	-2.83
2272.868	-1.5
2276.783	-6.17
2280.694	-7.5
2284.601	-12.5
2288.505	-12.83
2292.405	-12.83
2296.302	-16.17
2300.195	-17.83
2304.085	-22.5
2307.971	-18.17
2311.854	-25.17
2315.734	-24.83
2319.609	-25.83
2323.482	-28.83
2327.351	-32.5
2331.216	-29.17
2335.078	-29.17
2338.937	-33.5
2342.792	-36.5
2346.643	-37.17
2350.492	-38.17
2354.336	-38.5
2358.178	-41.83
2362.015	-40.83
2365.85	-43.17
2369.681	-39.5
2373.508	-41.5
2377.333	-42.83
2381.153	-41.83
2384.971	-43.5
2388.785	-45.83
2392.595	-44.83
2396.402	-44.83
2400.206	-47.17
2404.007	-47.17
2407.804	-46.83
2411.597	-45.83
2415.388	-44.83
2419.174	-47.83
2422.958	-48.5
2426.738	-50.5
2430.515	-49.5
2434.289	-54.17
2438.059	-53.5
2441.825	-53.5
2445.589	-52.5
2449.349	-53.83
2453.106	-53.83
2456.859	-54.5
2460.61	-54.17
2464.356	-56.17
2468.1	-56.17
2471.84	-58.17
2475.577	-56.83
2479.311	-55.83
2483.041	-56.83
2486.768	-59.17
2490.492	-58.83
2494.213	-59.17
2497.93	-58.83
2501.644	-56.83
2505.355	-58.5
2509.062	-58.83
2512.766	-58.83
2516.467	-60.5
2520.165	-59.5
2523.859	-62.83
2527.551	-60.83
2531.239	-61.83
2534.923	-62.83
2538.605	-60.5
2542.283	-63.17
2545.958	-60.17
2549.63	-65.5
2553.299	-62.83
2556.964	-63.83
2560.626	-63.5
2564.285	-63.5
2567.941	-63.5
2571.594	-64.17
2575.243	-62.17
2578.89	-65.83
2582.533	-63.5
2586.173	-65.17
2589.809	-65.83
2593.443	-64.5
2597.073	-66.17
2600.701	-65.83
2604.325	-66.83
2607.946	-65.5
2611.564	-69.5
2615.178	-68.83
2618.79	-71.83
2622.398	-68.83
2626.004	-67.83
2629.606	-69.17
2633.205	-71.17
2636.801	-72.83
2640.394	-69.5
2643.983	-69.17
2647.57	-71.83
2651.153	-67.83
2654.734	-68.83
2658.311	-69.17
2661.885	-70.17
2665.456	-68.5
2669.025	-66.17
2672.589	-66.83
2676.151	-64.5
2679.71	-67.17
2683.266	-68.17
2686.819	-70.5
2690.368	-68.17
2693.915	-70.5
2697.458	-65.83
2700.999	-66.5
2704.536	-69.83
2708.071	-65.5
2711.602	-69.5
2715.13	-67.5
2718.656	-66.83
2722.178	-63.83
2725.697	-66.83
2729.214	-66.17
2732.727	-62.83
2736.237	-61.5
2739.744	-59.17
2743.249	-59.5
2746.75	-60.17
2750.248	-58.5
2753.743	-57.5
2757.236	-54.83
2760.725	-54.83
2764.211	-56.5
2767.695	-54.5
2771.175	-52.83
2774.652	-52.83
2778.127	-51.17
2781.598	-53.83
2785.067	-50.5
2788.532	-49.5
2791.995	-46.83
2795.455	-50.5
2798.911	-47.5
2802.365	-45.5
2805.816	-42.83
2809.264	-41.83
2812.709	-40.5
2816.151	-37.5
2819.59	-39.5
2823.026	-34.17
2826.46	-34.83
2829.89	-29.5
2833.318	-28.83
2836.742	-27.17
2840.164	-24.5
2843.583	-23.5
2846.999	-18.83
2850.412	-14.5
2853.822	-16.17
2857.229	-15.5
2860.634	-11.17
2864.035	-9.5
2867.434	-4.83
2870.83	-3.83
2874.223	-0.17
2877.613	1.17
2881	7.17
2884.385	7.17
2887.766	8.17
2891.145	14.83
2894.521	16.5
2897.894	18.17
2901.264	21.5
2904.631	25.5
2907.996	27.83
2911.358	31.83
2914.717	34.5
2918.073	37.5
2921.426	42.83
2924.777	46.5
2928.124	46.83
2931.469	55.17
2934.811	58.83
2938.15	65.5
2941.487	70.17
2944.821	70.5
2948.152	74.83
2951.48	79.83
2954.805	83.83
2958.128	93.17
2961.447	99.83
2964.765	106.17
2968.079	110.83
2971.39	115.83
2974.699	124.5
2978.005	133.5
2981.308	143.83
2984.609	148.5
2987.907	160.17
2991.202	168.83
2994.494	178.83
2997.784	188.83
3001.07	198.5
3004.355	208.17
3007.636	216.17
3010.915	225.5
3014.191	233.83
3017.464	236.5
3020.734	250.83
3024.002	252.83
3027.267	261.83
3030.53	271.83
3033.789	273.17
3037.046	293.17
3040.301	301.17
3043.552	314.17
3046.801	324.83
3050.048	337.17
3053.291	353.17
3056.532	366.5
3059.771	385.83
3063.006	397.83
3066.239	418.5
3069.469	431.83
3072.697	448.5
3075.922	460.83
3079.144	484.83
3082.364	499.5
3085.581	511.5
3088.795	533.5
3092.007	549.17
3095.216	565.17
3098.423	582.5
3101.627	598.5
3104.828	618.5
3108.026	636.83
3111.222	652.83
3114.416	671.83
3117.607	692.5
3120.795	714.17
3123.98	719.5
3127.163	752.5
3130.344	767.83
3133.521	794.5
3136.696	815.17
3139.869	836.17
3143.039	850.5
3146.206	864.83
3149.371	880.17
3152.533	892.17
3155.693	901.83
3158.85	908.83
3162.005	918.5
3165.157	925.5
3168.306	928.5
3171.453	928.17
3174.597	935.83
3177.739	945.83
3180.878	947.83
3184.014	954.83
3187.149	954.5
3190.28	962.5
3193.409	973.83
3196.536	976.17
3199.659	976.83
3202.781	981.83
3205.9	993.17
3209.016	984.17
3212.13	994.17
3215.241	990.83
3218.35	975.83
3221.456	970.83
3224.56	968.5
3227.661	963.83
3230.76	956.17
3233.856	957.83
3236.95	944.83
3240.041	941.5
3243.13	938.5
3246.216	927.83
3249.3	924.83
3252.382	925.17
3255.46	926.5
3258.537	916.83
3261.611	919.83
3264.682	918.17
3267.751	914.83
3270.818	914.5
3273.882	905.17
3276.943	894.5
3280.002	894.83
3283.059	889.17
3286.113	871.83
3289.165	861.83
3292.214	856.5
3295.261	840.83
3298.306	827.83
3301.348	813.83
3304.387	797.83
3307.425	778.83
3310.459	780.17
3313.492	763.5
3316.521	754.83
3319.549	755.5
3322.574	740.83
3325.597	738.83
3328.617	733.17
3331.635	728.5
3334.65	733.5
3337.663	719.83
3340.674	716.83
3343.682	713.5
3346.688	720.83
3349.691	712.5
3352.692	716.5
3355.691	706.5
3358.687	703.5
3361.681	697.17
3364.673	687.5
3367.662	685.17
3370.649	671.17
3373.633	658.5
3376.615	655.5
3379.595	649.83
3382.572	640.17
3385.547	635.5
3388.52	628.83
3391.49	619.5
3394.458	610.83
3397.424	607.5
3400.387	598.83
3403.348	590.83
3406.307	587.83
3409.263	579.83
3412.217	574.5
3415.168	562.5
3418.118	565.17
3421.065	558.17
3424.009	552.17
3426.951	536.5
3429.891	532.83
3432.829	525.5
3435.764	516.17
3438.697	500.17
3441.628	491.5
3444.557	481.17
3447.483	466.83
3450.407	457.5
3453.328	441.17
3456.247	433.17
3459.164	416.83
3462.079	406.5
3464.991	390.83
3467.902	384.5
3470.809	371.5
3473.715	356.5
3476.618	345.17
3479.519	340.83
3482.418	330.5
3485.315	316.83
3488.209	308.5
3491.101	301.17
3493.99	288.83
3496.878	281.17
3499.763	271.5
3502.646	260.5
3505.527	256.17
3508.405	246.17
3511.281	231.83
3514.155	223.83
3517.027	208.5
3519.897	205.5
3522.764	191.17
3525.629	177.83
3528.492	165.17
3531.352	163.83
3534.211	149.17
3537.067	139.17
3539.921	132.17
3542.773	122.17
3545.622	114.5
3548.469	103.83
3551.315	96.83
3554.157	90.17
3556.998	82.5
3559.837	81.17
3562.673	70.83
3565.507	64.5
3568.339	60.17
3571.169	56.17
3573.996	49.5
3576.822	41.83
3579.645	40.83
3582.466	34.5
3585.285	27.83
3588.101	24.5
3590.916	21.17
3593.728	12.5
3596.538	9.17
3599.346	2.83
3602.152	2.83
3604.956	-4.5
3607.757	-2.83
3610.556	-12.5
3613.354	-17.17
3616.149	-20.17
3618.942	-22.17
3621.732	-23.17
3624.521	-25.83
3627.307	-28.83
3630.092	-33.5
3632.874	-35.83
3635.654	-35.5
3638.432	-40.83
3641.208	-44.17
3643.982	-47.5
3646.753	-50.83
3649.523	-50.83
3652.29	-51.5
3655.055	-54.83
3657.818	-56.5
3660.579	-60.5
3663.338	-62.17
3666.095	-64.83
3668.849	-67.83
3671.602	-70.17
3674.352	-69.5
3677.101	-70.5
3679.847	-72.5
3682.591	-72.17
3685.333	-76.5
3688.073	-77.5
3690.811	-78.5
3693.547	-78.17
3696.281	-80.17
3699.013	-81.17
3701.742	-83.5
3704.47	-83.17
3707.195	-84.17
3709.919	-85.5
3712.64	-86.83
3715.359	-86.83
3718.076	-89.17
3720.792	-89.83
3723.505	-92.17
3726.216	-93.17
3728.925	-93.83
3731.632	-93.83
3734.336	-95.5
3737.039	-96.5
3739.74	-95.5
3742.439	-94.5
3745.136	-96.83
3747.83	-97.83
3750.523	-94.83
3753.213	-94.83
3755.902	-96.5
3758.589	-96.17
3761.273	-96.5
3763.956	-100.17
3766.636	-97.83
3769.315	-99.5
3771.991	-96.83
3774.665	-98.83
3777.338	-100.5
3780.008	-100.17
3782.677	-99.5
3785.343	-101.17
3788.007	-102.17
3790.67	-104.5
3793.33	-102.5
3795.989	-104.5
3798.645	-102.83
3801.299	-105.5
3803.952	-103.17
3806.602	-104.5
3809.251	-104.17
3811.897	-104.17
3814.542	-105.83
3817.184	-105.5
3819.825	-104.83
3822.463	-103.83
3825.1	-104.83
3827.735	-105.17
3830.367	-104.83
3832.998	-103.5
3835.627	-105.5
3838.253	-104.5
3840.878	-105.17
3843.501	-105.5
3846.122	-107.5
3848.741	-105.5
3851.358	-106.83
3853.973	-107.17
3856.586	-106.17
3859.197	-106.83
3861.806	-108.17
3864.414	-109.17
3867.019	-107.83
3869.622	-105.5
3872.224	-106.5
3874.823	-102.5
3877.421	-100.5
3880.016	-95.5
3882.61	-92.83
3885.202	-92.5
3887.792	-92.17
3890.38	-96.83
3892.966	-100.83
3895.55	-103.83
3898.132	-106.17
3900.713	-104.17
3903.291	-107.17
3905.868	-107.5
3908.442	-105.17
3911.015	-106.17
3913.586	-108.5
3916.155	-107.83
3918.722	-107.5
3921.287	-107.83
3923.85	-108.5
3926.411	-108.5
3928.971	-106.83
3931.528	-109.17
3934.084	-108.5
3936.638	-108.5
3939.19	-108.17
3941.74	-107.83
3944.288	-108.83
3946.834	-107.5
3949.378	-105.83
3951.921	-107.5
3954.462	-106.83
3957	-105.5
3959.537	-105.17
3962.072	-106.83
3964.606	-106.5
3967.137	-106.17
3969.667	-106.83
3972.194	-108.5
3974.72	-108.17
3977.244	-105.5
3979.766	-106.5
3982.286	-108.17
3984.805	-108.17
3987.321	-108.83
3989.836	-108.17
3992.349	-108.5
3994.86	-105.17
3997.369	-105.5
3999.877	-107.5
4002.382	-108.83
4004.886	-106.5
4007.388	-106.83
4009.888	-106.5
4012.386	-107.83
4014.883	-107.5
4017.377	-107.83
4019.87	-108.17
4022.361	-105.83
4024.85	-106.5
4027.338	-108.17
4029.823	-108.83
4032.307	-109.17
4034.789	-108.83
4037.269	-107.5
4039.747	-107.83
4042.224	-110.17
4044.699	-108.5
4047.172	-110.83
4049.643	-109.5
4052.112	-107.83
4054.58	-108.17
4057.046	-108.5
4059.51	-108.83
4061.972	-108.5
4064.432	-106.83
4066.891	-104.17
4069.348	-105.17
4071.803	-105.5
4074.256	-106.17
4076.708	-107.17
4079.158	-105.17
4081.606	-103.83
4084.052	-103.17
4086.497	-106.5
4088.939	-105.5
4091.38	-106.83
4093.819	-106.5
4096.257	-108.5
4098.693	-108.83
4101.127	-109.5
4103.559	-109.5
4105.989	-67.83
4108.418	-64.17
4110.845	-64.17
4113.27	-57.83
4115.694	-50.17
4118.115	-46.17
4120.535	-109.5
4122.954	-108.83
4125.37	-107.17
4127.785	-106.83
4130.198	-108.83
4132.609	-107.5
4135.019	-111.83
4137.427	-111.5
4139.833	-110.17
4142.237	-110.5
