160.701	556.79
166.742	734.46
172.777	1261.12
178.805	2927.46
184.826	7138.46
190.841	14759.79
196.849	24031.12
202.85	30790.12
208.845	32862.12
214.833	32020.46
220.815	30796.12
226.789	29910.12
232.758	29056.46
238.719	28189.79
244.674	27166.12
250.623	26129.12
256.565	24923.46
262.5	23823.12
268.429	22829.12
274.351	21927.46
280.267	21136.79
286.176	20486.79
292.079	19864.12
297.975	19254.79
303.865	18763.79
309.748	18369.46
315.625	17982.12
321.495	17660.46
327.359	17453.12
333.217	17299.46
339.068	17182.46
344.912	17104.12
350.751	17052.46
356.583	16995.46
362.408	16975.12
368.227	17041.12
374.04	17171.79
379.847	17320.12
385.647	17525.12
391.44	17482.12
397.228	17382.46
403.009	17442.12
408.784	17644.79
414.553	18104.79
420.315	18689.12
426.071	18805.46
431.821	18254.12
437.565	17661.12
443.302	17411.79
449.033	17243.12
454.758	17197.12
460.477	17067.46
466.189	16968.12
471.896	16824.79
477.596	16743.79
483.29	16632.12
488.978	16544.79
494.66	16417.79
500.335	16196.13
506.005	15944.79
511.668	15603.79
517.325	15314.13
522.977	15090.12
528.622	14849.46
534.261	14702.46
539.894	14553.12
545.521	14410.46
551.141	14283.46
556.756	14194.46
562.365	14100.79
567.968	13981.13
573.565	13885.12
579.155	13815.46
584.74	13716.46
590.319	13592.46
595.892	13473.79
601.459	13337.12
607.02	13274.12
612.575	13123.12
618.124	12960.12
623.667	12808.79
629.204	12733.79
634.735	12679.46
640.261	12693.12
645.781	12799.46
651.294	12792.46
656.802	12626.46
662.304	12346.46
667.8	12174.12
673.29	12078.12
678.775	12005.12
684.254	11927.79
689.726	11829.12
695.193	11724.46
700.655	11637.12
706.11	11513.12
711.56	11409.46
717.004	11337.79
722.442	11228.12
727.874	11190.79
733.301	11138.12
738.722	11067.79
744.137	11044.79
749.547	11019.12
754.951	10983.79
760.349	10948.79
765.741	10831.46
771.128	10710.46
776.509	10705.79
781.885	10666.79
787.254	10606.46
792.618	10515.46
797.977	10429.46
803.33	10324.79
808.677	10227.46
814.019	10094.12
819.355	9969.79
824.686	9858.79
830.011	9796.46
835.33	9691.79
840.644	9594.79
845.952	9543.12
851.255	9471.46
856.552	9420.12
861.844	9310.12
867.13	9245.12
872.41	9144.46
877.686	9043.79
882.955	8900.46
888.219	8770.79
893.478	8644.12
898.731	8520.12
903.979	8360.46
909.221	8281.79
914.458	8173.79
919.69	8141.13
924.916	8120.12
930.136	8077.12
935.351	8056.46
940.561	8038.12
945.766	7968.13
950.965	7934.46
956.158	7859.12
961.347	7739.79
966.529	7639.12
971.707	7519.46
976.879	7416.46
982.046	7325.46
987.208	7273.13
992.364	7280.79
997.515	7295.46
1002.66	7319.12
1007.801	7349.13
1012.936	7404.46
1018.066	7433.79
1023.19	7477.13
1028.309	7481.12
1033.423	7447.12
1038.532	7392.79
1043.636	7338.12
1048.734	7259.79
1053.827	7184.79
1058.915	7121.79
1063.998	7059.46
1069.075	7016.79
1074.147	7035.13
1079.214	7058.46
1084.276	7081.46
1089.333	7103.79
1094.385	7132.79
1099.431	7167.46
1104.472	7162.46
1109.509	7115.46
1114.54	7036.46
1119.565	6966.46
1124.586	6862.79
1129.602	6791.12
1134.613	6747.12
1139.618	6722.46
1144.619	6734.12
1149.614	6740.46
1154.604	6767.12
1159.589	6783.79
1164.57	6798.12
1169.545	6805.79
1174.515	6825.46
1179.48	6786.79
1184.44	6758.79
1189.395	6688.46
1194.345	6648.12
1199.29	6616.12
1204.23	6633.79
1209.165	6629.46
1214.095	6676.79
1219.021	6722.79
1223.941	6764.79
1228.856	6781.79
1233.766	6796.79
1238.672	6815.12
1243.572	6796.46
1248.467	6763.12
1253.358	6664.46
1258.244	6577.13
1263.124	6474.79
1268	6383.46
1272.871	6304.46
1277.737	6260.79
1282.599	6250.12
1287.455	6240.46
1292.306	6248.46
1297.153	6302.46
1301.995	6334.12
1306.832	6374.46
1311.664	6376.12
1316.491	6379.79
1321.314	6351.46
1326.132	6302.79
1330.945	6226.13
1335.753	6182.12
1340.556	6115.12
1345.354	6057.13
1350.148	5999.79
1354.937	5935.12
1359.722	5873.79
1364.501	5799.13
1369.276	5712.12
1374.046	5676.46
1378.811	5651.46
1383.572	5591.46
1388.327	5553.79
1393.079	5525.79
1397.825	5481.46
1402.567	5440.46
1407.304	5428.12
1412.036	5394.46
1416.764	5384.79
1421.487	5393.79
1426.205	5424.79
1430.919	5466.46
1435.628	5515.12
1440.333	5563.79
1445.032	5603.79
1449.727	5640.46
1454.418	5643.79
1459.104	5636.46
1463.785	5611.46
1468.462	5568.12
1473.134	5535.79
1477.802	5533.79
1482.465	5500.12
1487.123	5508.12
1491.777	5525.46
1496.426	5582.46
1501.071	5611.79
1505.711	5657.12
1510.347	5676.12
1514.978	5722.12
1519.604	5706.12
1524.226	5712.12
1528.844	5692.46
1533.457	5674.79
1538.065	5639.12
1542.669	5650.12
1547.269	5636.79
1551.864	5675.12
1556.454	5711.46
1561.041	5787.46
1565.622	5859.13
1570.199	5960.79
1574.772	6077.12
1579.34	6211.79
1583.904	6356.79
1588.464	6495.46
1593.019	6618.46
1597.569	6749.46
1602.115	6857.79
1606.657	6950.46
1611.195	7076.46
1615.728	7167.12
1620.256	7307.46
1624.78	7448.13
1629.3	7600.79
1633.816	7738.46
1638.327	7828.46
1642.834	7947.46
1647.336	8026.46
1651.834	8041.79
1656.328	8012.13
1660.817	7950.12
1665.302	7820.79
1669.783	7638.46
1674.259	7425.12
1678.732	7187.46
1683.199	6956.13
1687.663	6698.46
1692.122	6424.79
1696.577	6127.12
1701.028	5818.46
1705.474	5540.12
1709.917	5287.46
1714.355	5092.12
1718.788	4916.46
1723.218	4821.46
1727.643	4676.79
1732.064	4568.46
1736.481	4419.12
1740.893	4271.79
1745.301	4130.46
1749.705	3988.12
1754.105	3879.46
1758.501	3759.46
1762.893	3661.79
1767.28	3606.46
1771.663	3573.46
1776.042	3525.12
1780.417	3517.46
1784.787	3511.79
1789.154	3504.13
1793.516	3460.12
1797.874	3402.79
1802.228	3330.46
1806.578	3257.46
1810.924	3186.12
1815.266	3131.79
1819.603	3076.79
1823.937	3053.79
1828.266	3036.12
1832.591	3024.46
1836.913	3020.12
1841.23	3017.12
1845.543	3014.13
1849.852	3024.79
1854.156	3049.12
1858.457	3066.46
1862.754	3084.79
1867.047	3087.46
1871.335	3093.46
1875.62	3106.79
1879.9	3127.46
1884.177	3117.46
1888.449	3114.46
1892.718	3112.46
1896.982	3095.79
1901.243	3099.12
1905.499	3099.79
1909.752	3079.12
1914	3096.12
1918.245	3093.46
1922.485	3110.79
1926.722	3137.46
1930.954	3130.12
1935.183	3126.79
1939.408	3132.46
1943.628	3113.12
1947.845	3080.79
1952.058	3055.12
1956.267	3013.46
1960.472	2983.46
1964.673	2929.79
1968.87	2907.79
1973.063	2862.12
1977.252	2851.13
1981.438	2830.79
1985.619	2846.12
1989.797	2849.79
1993.971	2855.79
1998.14	2870.79
2002.306	2897.79
2006.469	2903.46
2010.627	2918.46
2014.781	2923.13
2018.932	2946.12
2023.078	2949.79
2027.221	2952.46
2031.36	2921.46
2035.495	2917.46
2039.627	2904.79
2043.754	2903.13
2047.878	2901.79
2051.998	2910.46
2056.114	2943.46
2060.226	2946.12
2064.334	2977.46
2068.439	3012.46
2072.54	3033.46
2076.637	3048.46
2080.73	3060.46
2084.82	3090.46
2088.906	3083.79
2092.988	3081.12
2097.066	3065.12
2101.14	3023.46
2105.211	3003.46
2109.278	2972.79
2113.342	2930.12
2117.401	2899.46
2121.457	2873.46
2125.509	2851.46
2129.558	2824.12
2133.602	2811.12
2137.643	2794.79
2141.681	2771.79
2145.714	2763.79
2149.744	2733.79
2153.77	2735.46
2157.793	2704.79
2161.812	2682.79
2165.827	2638.79
2169.838	2607.46
2173.846	2565.46
2177.851	2528.12
2181.851	2487.79
2185.848	2441.46
2189.841	2434.79
2193.831	2402.79
2197.817	2393.46
2201.799	2371.12
2205.778	2358.79
2209.753	2332.13
2213.725	2325.79
2217.693	2309.79
2221.657	2285.46
2225.618	2288.79
2229.575	2257.79
2233.529	2238.46
2237.479	2183.13
2241.425	2170.79
2245.368	2149.79
2249.307	2108.12
2253.243	2094.13
2257.175	2041.13
2261.104	2026.79
2265.029	1978.46
2268.95	1948.79
2272.868	1925.79
2276.783	1894.79
2280.694	1858.12
2284.601	1841.46
2288.505	1821.12
2292.405	1801.12
2296.302	1785.79
2300.195	1746.12
2304.085	1728.12
2307.971	1701.46
2311.854	1673.79
2315.734	1650.12
2319.609	1618.46
2323.482	1610.46
2327.351	1589.46
2331.216	1593.79
2335.078	1584.13
2338.937	1564.13
2342.792	1544.46
2346.643	1532.12
2350.492	1532.46
2354.336	1538.79
2358.178	1540.46
2362.015	1542.13
2365.85	1539.46
2369.681	1530.12
2373.508	1533.46
2377.333	1530.79
2381.153	1533.79
2384.971	1527.79
2388.785	1508.79
2392.595	1510.46
2396.402	1484.79
2400.206	1493.79
2404.007	1480.79
2407.804	1472.79
2411.597	1467.46
2415.388	1456.79
2419.174	1455.46
2422.958	1455.79
2426.738	1445.12
2430.515	1442.12
2434.289	1424.79
2438.059	1423.46
2441.825	1413.13
2445.589	1412.46
2449.349	1397.79
2453.106	1376.12
2456.859	1382.12
2460.61	1367.46
2464.356	1350.46
2468.1	1346.12
2471.84	1335.46
2475.577	1330.13
2479.311	1328.79
2483.041	1328.46
2486.768	1330.12
2490.492	1324.46
2494.213	1318.46
2497.93	1324.79
2501.644	1317.12
2505.355	1314.46
2509.062	1312.46
2512.766	1331.46
2516.467	1315.13
2520.165	1294.46
2523.859	1293.12
2527.551	1286.46
2531.239	1294.12
2534.923	1284.12
2538.605	1266.13
2542.283	1262.79
2545.958	1255.12
2549.63	1257.79
2553.299	1254.46
2556.964	1247.13
2560.626	1234.46
2564.285	1228.12
2567.941	1229.13
2571.594	1209.79
2575.243	1193.79
2578.89	1193.13
2582.533	1188.12
2586.173	1174.79
2589.809	1144.12
2593.443	1143.79
2597.073	1127.79
2600.701	1127.79
2604.325	1109.79
2607.946	1113.46
2611.564	1099.46
2615.178	1106.12
2618.79	1098.46
2622.398	1089.79
2626.004	1092.79
2629.606	1081.12
2633.205	1080.79
2636.801	1067.12
2640.394	1059.12
2643.983	1056.79
2647.57	1052.12
2651.153	1037.13
2654.734	1029.46
2658.311	1024.79
2661.885	1027.79
2665.456	1026.12
2669.025	1021.12
2672.589	1013.79
2676.151	1008.79
2679.71	1012.79
2683.266	1007.46
2686.819	999.46
2690.368	998.12
2693.915	993.12
2697.458	992.46
2700.999	977.79
2704.536	978.46
2708.071	972.46
2711.602	971.79
2715.13	969.12
2718.656	966.46
2722.178	968.12
2725.697	977.46
2729.214	984.46
2732.727	1000.46
2736.237	1013.46
2739.744	1018.12
2743.249	1016.79
2746.75	1013.46
2750.248	1017.13
2753.743	1016.46
2757.236	1007.46
2760.725	1000.12
2764.211	989.13
2767.695	992.12
2771.175	991.79
2774.652	988.79
2778.127	989.79
2781.598	984.12
2785.067	991.13
2788.532	1009.79
2791.995	1021.12
2795.455	1030.79
2798.911	1056.46
2802.365	1061.46
2805.816	1074.79
2809.264	1089.46
2812.709	1100.46
2816.151	1109.79
2819.59	1135.12
2823.026	1132.79
2826.46	1147.13
2829.89	1152.79
2833.318	1165.46
2836.742	1179.46
2840.164	1170.79
2843.583	1196.79
2846.999	1217.46
2850.412	1232.79
2853.822	1249.12
2857.229	1263.46
2860.634	1285.46
2864.035	1296.46
2867.434	1317.79
2870.83	1330.46
2874.223	1359.46
2877.613	1359.79
2881	1366.79
2884.385	1385.79
2887.766	1396.46
2891.145	1406.46
2894.521	1416.46
2897.894	1446.79
2901.264	1452.79
2904.631	1473.46
2907.996	1500.79
2911.358	1521.13
2914.717	1537.79
2918.073	1564.12
2921.426	1595.13
2924.777	1622.12
2928.124	1651.12
2931.469	1693.12
2934.811	1724.12
2938.15	1776.79
2941.487	1805.12
2944.821	1838.12
2948.152	1868.46
2951.48	1898.46
2954.805	1933.46
2958.128	1980.79
2961.447	2015.79
2964.765	2077.79
2968.079	2113.12
2971.39	2160.13
2974.699	2217.12
2978.005	2278.12
2981.308	2345.46
2984.609	2404.12
2987.907	2475.12
2991.202	2537.12
2994.494	2617.12
2997.784	2674.12
3001.07	2741.79
3004.355	2806.13
3007.636	2863.12
3010.915	2925.79
3014.191	2973.79
3017.464	3024.46
3020.734	3075.12
3024.002	3134.46
3027.267	3189.46
3030.53	3252.46
3033.789	3319.12
3037.046	3401.46
3040.301	3485.79
3043.552	3583.46
3046.801	3668.13
3050.048	3756.13
3053.291	3885.79
3056.532	3981.46
3059.771	4112.46
3063.006	4241.79
3066.239	4368.12
3069.469	4497.46
3072.697	4646.46
3075.922	4755.46
3079.144	4892.79
3082.364	5017.12
3085.581	5150.12
3088.795	5246.12
3092.007	5383.12
3095.216	5504.79
3098.423	5634.79
3101.627	5765.79
3104.828	5907.12
3108.026	6036.12
3111.222	6174.12
3114.416	6310.12
3117.607	6465.12
3120.795	6614.46
3123.98	6771.46
3127.163	6921.12
3130.344	7062.79
3133.521	7230.13
3136.696	7386.12
3139.869	7546.13
3143.039	7643.12
3146.206	7767.12
3149.371	7874.46
3152.533	7940.79
3155.693	7999.46
3158.85	8076.79
3162.005	8136.46
3165.157	8167.79
3168.306	8203.46
3171.453	8220.12
3174.597	8264.46
3177.739	8316.12
3180.878	8320.12
3184.014	8370.79
3187.149	8393.46
3190.28	8429.46
3193.409	8433.79
3196.536	8503.79
3199.659	8517.12
3202.781	8551.46
3205.9	8578.12
3209.016	8587.79
3212.13	8590.79
3215.241	8578.46
3218.35	8547.12
3221.456	8501.12
3224.56	8438.46
3227.661	8388.12
3230.76	8344.12
3233.856	8299.12
3236.95	8234.46
3240.041	8207.46
3243.13	8162.12
3246.216	8137.46
3249.3	8073.79
3252.382	8073.12
3255.46	8047.46
3258.537	8046.79
3261.611	8000.79
3264.682	7970.13
3267.751	7933.46
3270.818	7915.12
3273.882	7856.46
3276.943	7799.79
3280.002	7732.12
3283.059	7657.79
3286.113	7567.79
3289.165	7484.79
3292.214	7390.79
3295.261	7270.12
3298.306	7178.79
3301.348	7063.12
3304.387	6994.12
3307.425	6895.46
3310.459	6817.12
3313.492	6731.46
3316.521	6648.79
3319.549	6599.46
3322.574	6547.46
3325.597	6508.79
3328.617	6472.12
3331.635	6432.12
3334.65	6431.46
3337.663	6402.13
3340.674	6389.79
3343.682	6344.79
3346.688	6366.79
3349.691	6335.79
3352.692	6321.12
3355.691	6281.79
3358.687	6248.46
3361.681	6195.12
3364.673	6136.46
3367.662	6065.46
3370.649	5991.12
3373.633	5938.79
3376.615	5891.12
3379.595	5821.46
3382.572	5762.79
3385.547	5703.13
3388.52	5641.12
3391.49	5582.46
3394.458	5522.79
3397.424	5474.46
3400.387	5422.46
3403.348	5379.79
3406.307	5341.12
3409.263	5316.79
3412.217	5262.12
3415.168	5217.46
3418.118	5200.79
3421.065	5112.46
3424.009	5070.79
3426.951	5031.12
3429.891	4962.79
3432.829	4887.12
3435.764	4816.79
3438.697	4731.12
3441.628	4639.12
3444.557	4550.12
3447.483	4457.46
3450.407	4369.79
3453.328	4270.12
3456.247	4181.79
3459.164	4077.46
3462.079	3994.12
3464.991	3881.12
3467.902	3805.13
3470.809	3725.79
3473.715	3628.46
3476.618	3552.46
3479.519	3472.79
3482.418	3399.79
3485.315	3322.12
3488.209	3268.13
3491.101	3197.79
3493.99	3121.79
3496.878	3050.79
3499.763	3000.46
3502.646	2926.79
3505.527	2851.12
3508.405	2762.79
3511.281	2698.79
3514.155	2604.13
3517.027	2511.46
3519.897	2441.46
3522.764	2369.46
3525.629	2277.13
3528.492	2194.79
3531.352	2123.79
3534.211	2046.13
3537.067	1975.79
3539.921	1895.13
3542.773	1831.46
3545.622	1760.12
3548.469	1698.79
3551.315	1639.46
3554.157	1587.13
3556.998	1525.12
3559.837	1498.13
3562.673	1444.46
3565.507	1413.79
3568.339	1359.46
3571.169	1321.46
3573.996	1273.79
3576.822	1239.13
3579.645	1193.79
3582.466	1151.12
3585.285	1106.46
3588.101	1071.79
3590.916	1031.79
3593.728	998.79
3596.538	964.46
3599.346	927.46
3602.152	892.46
3604.956	854.79
3607.757	823.79
3610.556	788.46
3613.354	762.46
3616.149	736.46
3618.942	711.79
3621.732	687.12
3624.521	665.13
3627.307	649.13
3630.092	632.79
3632.874	610.12
3635.654	579.12
3638.432	573.79
3641.208	545.13
3643.982	526.12
3646.753	507.13
3649.523	487.79
3652.29	469.79
3655.055	447.79
3657.818	433.46
3660.579	416.46
3663.338	400.79
3666.095	383.46
3668.849	364.79
3671.602	352.12
3674.352	334.46
3677.101	319.79
3679.847	302.46
3682.591	292.12
3685.333	278.79
3688.073	269.46
3690.811	262.46
3693.547	256.46
3696.281	242.46
3699.013	232.79
3701.742	228.79
3704.47	221.12
3707.195	210.46
3709.919	198.46
3712.64	188.46
3715.359	189.12
3718.076	182.79
3720.792	168.46
3723.505	171.12
3726.216	160.79
3728.925	155.79
3731.632	148.79
3734.336	145.46
3737.039	139.13
3739.74	131.13
3742.439	126.79
3745.136	124.79
3747.83	122.79
3750.523	120.79
3753.213	115.46
3755.902	115.46
3758.589	107.12
3761.273	105.46
3763.956	108.13
3766.636	101.79
3769.315	96.79
3771.991	93.13
3774.665	88.12
3777.338	89.46
3780.008	88.79
3782.677	86.46
3785.343	84.12
3788.007	78.79
3790.67	79.46
3793.33	77.12
3795.989	73.79
3798.645	74.79
3801.299	68.79
3803.952	68.46
3806.602	64.46
3809.251	68.46
3811.897	64.46
3814.542	64.46
3817.184	61.46
3819.825	61.46
3822.463	61.12
3825.1	57.46
3827.735	58.79
3830.367	53.12
3832.998	54.79
3835.627	54.12
3838.253	54.79
3840.878	47.46
3843.501	51.12
3846.122	49.79
3848.741	42.79
3851.358	45.79
3853.973	49.13
3856.586	45.46
3859.197	45.13
3861.806	45.79
3864.414	40.13
3867.019	48.79
3869.622	48.13
3872.224	56.79
3874.823	69.79
3877.421	88.46
3880.016	106.12
3882.61	127.79
3885.202	139.13
3887.792	115.12
3890.38	83.79
3892.966	33.13
3895.55	28.46
3898.132	39.46
3900.713	33.12
3903.291	33.79
3905.868	31.46
3908.442	32.13
3911.015	29.12
3913.586	32.46
3916.155	30.12
3918.722	25.79
3921.287	25.46
3923.85	23.12
3926.411	26.79
3928.971	22.12
3931.528	22.46
3934.084	21.46
3936.638	21.79
3939.19	22.79
3941.74	22.79
3944.288	22.79
3946.834	23.12
3949.378	22.46
3951.921	22.79
3954.462	20.46
3957	30.12
3959.537	29.46
3962.072	29.46
3964.606	28.79
3967.137	28.79
3969.667	25.12
3972.194	27.46
3974.72	28.79
3977.244	35.13
3979.766	36.46
3982.286	34.13
3984.805	40.46
3987.321	42.12
3989.836	40.12
3992.349	43.79
3994.86	39.79
3997.369	35.79
3999.877	36.79
4002.382	35.79
4004.886	39.12
4007.388	36.46
4009.888	36.79
4012.386	33.79
4014.883	35.46
4017.377	31.13
4019.87	32.12
4022.361	36.46
4024.85	31.79
4027.338	33.46
4029.823	32.12
4032.307	30.79
4034.789	29.46
4037.269	31.46
4039.747	30.46
4042.224	30.13
4044.699	30.79
4047.172	27.79
4049.643	31.79
4052.112	30.46
4054.58	26.12
4057.046	30.79
4059.51	26.12
4061.972	28.79
4064.432	29.46
4066.891	28.79
4069.348	28.46
4071.803	27.12
4074.256	29.79
4076.708	28.79
4079.158	30.12
4081.606	29.12
4084.052	25.46
4086.497	28.46
4088.939	30.13
4091.38	31.79
4093.819	32.79
4096.257	2.79
4098.693	-0.88
4101.127	-2.21
4103.559	0.46
4105.989	315.13
4108.418	323.79
4110.845	358.46
4113.27	381.12
4115.694	416.46
4118.115	479.79
4120.535	30.12
4122.954	29.12
4125.37	27.79
4127.785	26.12
4130.198	28.12
4132.609	29.46
4135.019	-3.88
4137.427	0.46
4139.833	1.79
4142.237	1.46
