160.701	604.83
166.742	792.5
172.777	1341.17
178.805	3107.5
184.826	7560.17
190.841	15668.17
196.849	25583.17
202.85	32788.5
208.845	35048.17
214.833	34071.17
220.815	32695.5
226.789	31754.5
232.758	30825.17
238.719	29881.5
244.674	28786.5
250.623	27566.83
256.565	26319.83
262.5	25097.5
268.429	23964.17
274.351	23061.5
280.267	22136.5
286.176	21401.83
292.079	20710.17
297.975	20090.5
303.865	19534.5
309.748	19053.17
315.625	18664.17
321.495	18352.83
327.359	18108.17
333.217	17939.83
339.068	17823.83
344.912	17724.17
350.751	17658.5
356.583	17626.17
362.408	17631.5
368.227	17671.83
374.04	17816.17
379.847	17980.83
385.647	18176.5
391.44	18141.5
397.228	18043.83
403.009	18111.5
408.784	18357.83
414.553	18861.5
420.315	19466.17
426.071	19616.17
431.821	19020.17
437.565	18385.83
443.302	18142.83
449.033	17933.5
454.758	17865.5
460.477	17715.83
466.189	17599.17
471.896	17510.5
477.596	17380.5
483.29	17267.83
488.978	17140.17
494.66	17094.5
500.335	16814.17
506.005	16530.5
511.668	16184.83
517.325	15815.17
522.977	15560.5
528.622	15335.17
534.261	15140.5
539.894	14953.5
545.521	14822.5
551.141	14717.17
556.756	14576.5
562.365	14486.83
567.968	14390.5
573.565	14298.17
579.155	14201.5
584.74	14058.17
590.319	13952.5
595.892	13825.83
601.459	13724.5
607.02	13627.83
612.575	13451.5
618.124	13300.83
623.667	13164.83
629.204	13057.17
634.735	12982.17
640.261	13022.17
645.781	13112.5
651.294	13165.83
656.802	12984.5
662.304	12664.83
667.8	12479.17
673.29	12365.83
678.775	12281.83
684.254	12191.17
689.726	12093.17
695.193	11983.83
700.655	11893.5
706.11	11761.5
711.56	11663.5
717.004	11570.83
722.442	11483.17
727.874	11370.83
733.301	11322.5
738.722	11260.17
744.137	11214.83
749.547	11209.83
754.951	11210.17
760.349	11134.5
765.741	11048.17
771.128	10955.83
776.509	10923.17
781.885	10891.17
787.254	10812.17
792.618	10738.17
797.977	10634.17
803.33	10521.17
808.677	10406.5
814.019	10263.83
819.355	10124.17
824.686	10024.5
830.011	9897.17
835.33	9846.17
840.644	9753.5
845.952	9672.17
851.255	9598.5
856.552	9519.5
861.844	9428.17
867.13	9335.5
872.41	9236.5
877.686	9137.5
882.955	8977.5
888.219	8829.83
893.478	8707.17
898.731	8573.17
903.979	8423.5
909.221	8352.17
914.458	8238.83
919.69	8211.5
924.916	8165.17
930.136	8130.17
935.351	8092.17
940.561	8062.5
945.766	8011.83
950.965	7952.83
956.158	7878.83
961.347	7768.17
966.529	7652.5
971.707	7533.83
976.879	7433.17
982.046	7348.17
987.208	7277.17
992.364	7268.83
997.515	7307.5
1002.66	7326.17
1007.801	7364.17
1012.936	7411.83
1018.066	7456.17
1023.19	7476.5
1028.309	7498.5
1033.423	7455.17
1038.532	7418.83
1043.636	7369.83
1048.734	7273.5
1053.827	7187.17
1058.915	7120.83
1063.998	7075.83
1069.075	7047.17
1074.147	7036.5
1079.214	7054.5
1084.276	7098.83
1089.333	7113.17
1094.385	7143.5
1099.431	7186.83
1104.472	7170.5
1109.509	7130.17
1114.54	7036.5
1119.565	6955.17
1124.586	6861.5
1129.602	6802.5
1134.613	6744.17
1139.618	6743.5
1144.619	6740.83
1149.614	6763.17
1154.604	6766.5
1159.589	6796.17
1164.57	6825.83
1169.545	6832.5
1174.515	6840.5
1179.48	6815.17
1184.44	6768.5
1189.395	6695.17
1194.345	6679.83
1199.29	6636.83
1204.23	6636.17
1209.165	6663.17
1214.095	6666.17
1219.021	6719.83
1223.941	6772.5
1228.856	6812.5
1233.766	6809.83
1238.672	6823.5
1243.572	6792.17
1248.467	6760.83
1253.358	6677.17
1258.244	6573.17
1263.124	6480.5
1268	6393.83
1272.871	6344.5
1277.737	6279.83
1282.599	6255.83
1287.455	6238.5
1292.306	6246.83
1297.153	6297.83
1301.995	6326.5
1306.832	6363.83
1311.664	6367.17
1316.491	6393.5
1321.314	6372.83
1326.132	6321.17
1330.945	6291.83
1335.753	6238.17
1340.556	6210.5
1345.354	6157.5
1350.148	6126.5
1354.937	6087.83
1359.722	6016.17
1364.501	5950.5
1369.276	5838.83
1374.046	5757.5
1378.811	5660.5
1383.572	5597.83
1388.327	5553.83
1393.079	5488.5
1397.825	5479.17
1402.567	5454.83
1407.304	5424.83
1412.036	5417.17
1416.764	5433.17
1421.487	5434.17
1426.205	5443.17
1430.919	5479.17
1435.628	5531.5
1440.333	5601.17
1445.032	5655.17
1449.727	5679.83
1454.418	5721.5
1459.104	5727.17
1463.785	5704.17
1468.462	5705.83
1473.134	5688.17
1477.802	5669.5
1482.465	5671.17
1487.123	5674.17
1491.777	5742.83
1496.426	5775.83
1501.071	5835.83
1505.711	5880.17
1510.347	5904.17
1514.978	5929.5
1519.604	5941.5
1524.226	5921.17
1528.844	5872.5
1533.457	5833.5
1538.065	5814.5
1542.669	5785.83
1547.269	5782.83
1551.864	5794.5
1556.454	5873.5
1561.041	5947.83
1565.622	6028.5
1570.199	6111.83
1574.772	6249.17
1579.34	6411.17
1583.904	6564.83
1588.464	6715.5
1593.019	6874.5
1597.569	7017.5
1602.115	7121.5
1606.657	7231.5
1611.195	7374.5
1615.728	7489.5
1620.256	7624.17
1624.78	7806.5
1629.3	7955.83
1633.816	8116.83
1638.327	8270.5
1642.834	8388.83
1647.336	8463.17
1651.834	8494.83
1656.328	8476.17
1660.817	8428.17
1665.302	8306.83
1669.783	8109.17
1674.259	7906.5
1678.732	7670.83
1683.199	7412.83
1687.663	7187.17
1692.122	6899.83
1696.577	6585.5
1701.028	6272.5
1705.474	5933.5
1709.917	5638.5
1714.355	5396.5
1718.788	5203.83
1723.218	5055.17
1727.643	4919.17
1732.064	4780.17
1736.481	4622.5
1740.893	4468.5
1745.301	4323.5
1749.705	4169.5
1754.105	4029.5
1758.501	3930.5
1762.893	3844.5
1767.28	3782.83
1771.663	3739.17
1776.042	3723.17
1780.417	3732.5
1784.787	3740.5
1789.154	3736.5
1793.516	3688.5
1797.874	3615.83
1802.228	3553.17
1806.578	3445.5
1810.924	3345.5
1815.266	3258.5
1819.603	3199.17
1823.937	3153.5
1828.266	3131.5
1832.591	3153.17
1836.913	3126.83
1841.23	3130.83
1845.543	3149.17
1849.852	3155.83
1854.156	3171.17
1858.457	3201.83
1862.754	3218.17
1867.047	3241.17
1871.335	3250.17
1875.62	3277.5
1879.9	3295.17
1884.177	3308.83
1888.449	3304.5
1892.718	3317.83
1896.982	3307.17
1901.243	3303.17
1905.499	3327.17
1909.752	3326.83
1914	3334.17
1918.245	3360.17
1922.485	3393.17
1926.722	3388.5
1930.954	3396.17
1935.183	3406.5
1939.408	3396.83
1943.628	3373.5
1947.845	3327.5
1952.058	3301.83
1956.267	3251.5
1960.472	3190.5
1964.673	3141.83
1968.87	3092.5
1973.063	3064.17
1977.252	3030.17
1981.438	3026.17
1985.619	3014.17
1989.797	3017.17
1993.971	3037.83
1998.14	3055.83
2002.306	3078.5
2006.469	3088.5
2010.627	3114.5
2014.781	3121.5
2018.932	3154.17
2023.078	3161.17
2027.221	3148.83
2031.36	3131.5
2035.495	3134.17
2039.627	3136.83
2043.754	3124.5
2047.878	3143.5
2051.998	3166.17
2056.114	3180.83
2060.226	3216.5
2064.334	3259.5
2068.439	3281.83
2072.54	3304.83
2076.637	3345.83
2080.73	3374.83
2084.82	3389.5
2088.906	3382.5
2092.988	3372.5
2097.066	3371.5
2101.14	3322.17
2105.211	3281.17
2109.278	3244.17
2113.342	3206.5
2117.401	3174.83
2121.457	3133.5
2125.509	3094.83
2129.558	3067.5
2133.602	3060.17
2137.643	3027.83
2141.681	2997.83
2145.714	2983.5
2149.744	2965.83
2153.77	2931.5
2157.793	2919.5
2161.812	2887.83
2165.827	2841.5
2169.838	2808.17
2173.846	2760.17
2177.851	2711.83
2181.851	2678.83
2185.848	2645.5
2189.841	2602.83
2193.831	2580.83
2197.817	2579.83
2201.799	2556.17
2205.778	2530.5
2209.753	2506.17
2213.725	2507.17
2217.693	2480.5
2221.657	2482.83
2225.618	2460.5
2229.575	2432.83
2233.529	2413.83
2237.479	2366.17
2241.425	2322.83
2245.368	2298.17
2249.307	2267.83
2253.243	2231.17
2257.175	2188.17
2261.104	2158.83
2265.029	2132.5
2268.95	2088.17
2272.868	2062.83
2276.783	2033.5
2280.694	2002.5
2284.601	1980.5
2288.505	1945.83
2292.405	1940.17
2296.302	1898.5
2300.195	1861.83
2304.085	1836.17
2307.971	1817.83
2311.854	1774.5
2315.734	1749.83
2319.609	1712.5
2323.482	1688.17
2327.351	1682.5
2331.216	1692.17
2335.078	1676.5
2338.937	1652.17
2342.792	1622.83
2346.643	1611.5
2350.492	1615.83
2354.336	1610.5
2358.178	1610.17
2362.015	1603.83
2365.85	1611.83
2369.681	1612.5
2373.508	1621.17
2377.333	1611.5
2381.153	1606.5
2384.971	1598.83
2388.785	1583.5
2392.595	1575.83
2396.402	1555.83
2400.206	1561.5
2404.007	1545.83
2407.804	1541.17
2411.597	1531.5
2415.388	1537.17
2419.174	1531.83
2422.958	1518.17
2426.738	1523.5
2430.515	1505.5
2434.289	1505.83
2438.059	1498.5
2441.825	1491.5
2445.589	1473.17
2449.349	1474.17
2453.106	1461.17
2456.859	1437.83
2460.61	1441.5
2464.356	1423.83
2468.1	1421.17
2471.84	1412.83
2475.577	1411.83
2479.311	1400.5
2483.041	1402.83
2486.768	1420.17
2490.492	1413.83
2494.213	1411.83
2497.93	1413.17
2501.644	1414.5
2505.355	1405.5
2509.062	1398.17
2512.766	1392.17
2516.467	1402.17
2520.165	1395.5
2523.859	1390.83
2527.551	1388.5
2531.239	1381.5
2534.923	1376.83
2538.605	1366.17
2542.283	1364.17
2545.958	1365.83
2549.63	1361.5
2553.299	1348.5
2556.964	1348.83
2560.626	1329.17
2564.285	1329.5
2567.941	1321.17
2571.594	1305.83
2575.243	1305.5
2578.89	1280.5
2582.533	1279.17
2586.173	1258.17
2589.809	1230.5
2593.443	1231.5
2597.073	1216.17
2600.701	1203.17
2604.325	1199.17
2607.946	1186.17
2611.564	1190.17
2615.178	1178.5
2618.79	1169.5
2622.398	1163.5
2626.004	1155.5
2629.606	1138.83
2633.205	1137.83
2636.801	1132.17
2640.394	1121.5
2643.983	1114.5
2647.57	1115.5
2651.153	1098.17
2654.734	1089.5
2658.311	1090.17
2661.885	1082.83
2665.456	1079.83
2669.025	1083.83
2672.589	1077.17
2676.151	1069.83
2679.71	1073.83
2683.266	1071.83
2686.819	1062.5
2690.368	1069.5
2693.915	1061.83
2697.458	1058.83
2700.999	1055.17
2704.536	1043.83
2708.071	1047.5
2711.602	1047.17
2715.13	1047.5
2718.656	1049.5
2722.178	1054.5
2725.697	1068.5
2729.214	1078.83
2732.727	1093.5
2736.237	1109.5
2739.744	1119.17
2743.249	1123.17
2746.75	1129.83
2750.248	1129.17
2753.743	1126.17
2757.236	1107.5
2760.725	1104.83
2764.211	1087.83
2767.695	1089.17
2771.175	1081.5
2774.652	1083.83
2778.127	1083.5
2781.598	1076.17
2785.067	1085.83
2788.532	1103.83
2791.995	1122.5
2795.455	1127.83
2798.911	1150.17
2802.365	1169.5
2805.816	1182.83
2809.264	1196.17
2812.709	1209.17
2816.151	1226.17
2819.59	1238.83
2823.026	1249.83
2826.46	1261.17
2829.89	1270.5
2833.318	1284.83
2836.742	1303.17
2840.164	1299.83
2843.583	1324.17
2846.999	1332.17
2850.412	1355.17
2853.822	1378.83
2857.229	1396.5
2860.634	1401.5
2864.035	1426.17
2867.434	1441.5
2870.83	1462.5
2874.223	1482.83
2877.613	1491.5
2881	1511.5
2884.385	1523.5
2887.766	1528.83
2891.145	1531.5
2894.521	1569.5
2897.894	1575.83
2901.264	1596.5
2904.631	1610.83
2907.996	1630.17
2911.358	1662.83
2914.717	1684.83
2918.073	1716.17
2921.426	1755.17
2924.777	1784.17
2928.124	1811.5
2931.469	1861.17
2934.811	1896.5
2938.15	1936.83
2941.487	1984.17
2944.821	2011.5
2948.152	2062.83
2951.48	2102.83
2954.805	2146.5
2958.128	2188.17
2961.447	2233.17
2964.765	2287.5
2968.079	2339.83
2971.39	2411.83
2974.699	2453.5
2978.005	2527.5
2981.308	2600.5
2984.609	2682.83
2987.907	2739.5
2991.202	2842.17
2994.494	2900.17
2997.784	2975.83
3001.07	3047.17
3004.355	3121.5
3007.636	3199.5
3010.915	3236.17
3014.191	3312.17
3017.464	3352.83
3020.734	3406.17
3024.002	3476.83
3027.267	3536.83
3030.53	3604.83
3033.789	3678.17
3037.046	3753.5
3040.301	3852.5
3043.552	3950.5
3046.801	4059.17
3050.048	4169.17
3053.291	4287.83
3056.532	4405.17
3059.771	4540.83
3063.006	4682.5
3066.239	4833.83
3069.469	4968.5
3072.697	5135.5
3075.922	5277.5
3079.144	5409.5
3082.364	5553.17
3085.581	5688.5
3088.795	5817.17
3092.007	5979.17
3095.216	6123.17
3098.423	6266.5
3101.627	6409.17
3104.828	6545.17
3108.026	6698.17
3111.222	6865.5
3114.416	7011.83
3117.607	7184.5
3120.795	7354.5
3123.98	7512.5
3127.163	7709.5
3130.344	7861.17
3133.521	8041.17
3136.696	8222.5
3139.869	8368.17
3143.039	8523.17
3146.206	8672.5
3149.371	8761.83
3152.533	8881.83
3155.693	8932.83
3158.85	8997.17
3162.005	9016.17
3165.157	9090.83
3168.306	9137.17
3171.453	9173.17
3174.597	9218.83
3177.739	9256.17
3180.878	9289.17
3184.014	9308.17
3187.149	9343.17
3190.28	9408.17
3193.409	9429.5
3196.536	9470.17
3199.659	9505.17
3202.781	9573.17
3205.9	9609.17
3209.016	9615.5
3212.13	9611.5
3215.241	9611.5
3218.35	9552.83
3221.456	9510.5
3224.56	9460.5
3227.661	9397.83
3230.76	9342.83
3233.856	9310.83
3236.95	9233.5
3240.041	9202.83
3243.13	9163.17
3246.216	9095.83
3249.3	9092.5
3252.382	9054.5
3255.46	8994.17
3258.537	8994.5
3261.611	8981.17
3264.682	8930.83
3267.751	8900.83
3270.818	8882.17
3273.882	8826.5
3276.943	8782.83
3280.002	8695.5
3283.059	8603.5
3286.113	8471.17
3289.165	8382.17
3292.214	8247.5
3295.261	8136.5
3298.306	8019.17
3301.348	7920.17
3304.387	7773.83
3307.425	7717.5
3310.459	7590.17
3313.492	7533.5
3316.521	7446.83
3319.549	7379.83
3322.574	7317.83
3325.597	7268.5
3328.617	7233.83
3331.635	7195.83
3334.65	7154.5
3337.663	7124.17
3340.674	7095.17
3343.682	7084.83
3346.688	7073.83
3349.691	7060.83
3352.692	7032.83
3355.691	7021.5
3358.687	6961.17
3361.681	6903.5
3364.673	6852.17
3367.662	6760.17
3370.649	6698.83
3373.633	6639.5
3376.615	6547.5
3379.595	6496.83
3382.572	6417.5
3385.547	6360.83
3388.52	6291.5
3391.49	6228.17
3394.458	6165.5
3397.424	6093.83
3400.387	6053.83
3403.348	6013.83
3406.307	5963.5
3409.263	5900.17
3412.217	5852.17
3415.168	5812.83
3418.118	5762.5
3421.065	5719.17
3424.009	5658.17
3426.951	5611.5
3429.891	5555.83
3432.829	5455.83
3435.764	5370.17
3438.697	5290.17
3441.628	5196.5
3444.557	5095.5
3447.483	4990.5
3450.407	4886.83
3453.328	4790.17
3456.247	4685.83
3459.164	4575.5
3462.079	4459.17
3464.991	4357.83
3467.902	4273.17
3470.809	4181.83
3473.715	4071.83
3476.618	3986.5
3479.519	3898.83
3482.418	3826.17
3485.315	3742.83
3488.209	3660.83
3491.101	3591.83
3493.99	3513.5
3496.878	3447.5
3499.763	3363.5
3502.646	3281.17
3505.527	3203.83
3508.405	3114.17
3511.281	3036.17
3514.155	2941.83
3517.027	2841.17
3519.897	2740.83
3522.764	2657.5
3525.629	2565.5
3528.492	2449.5
3531.352	2382.5
3534.211	2294.17
3537.067	2212.17
3539.921	2122.83
3542.773	2056.83
3545.622	1968.17
3548.469	1910.5
3551.315	1847.17
3554.157	1789.83
3556.998	1727.5
3559.837	1676.5
3562.673	1616.83
3565.507	1576.5
3568.339	1530.17
3571.169	1470.83
3573.996	1417.5
3576.822	1390.17
3579.645	1335.17
3582.466	1290.5
3585.285	1239.5
3588.101	1193.17
3590.916	1162.5
3593.728	1115.83
3596.538	1080.5
3599.346	1038.17
3602.152	987.83
3604.956	960.17
3607.757	925.83
3610.556	884.17
3613.354	855.5
3616.149	821.17
3618.942	792.83
3621.732	765.17
3624.521	740.83
3627.307	721.5
3630.092	697.83
3632.874	673.17
3635.654	655.83
3638.432	630.83
3641.208	616.5
3643.982	588.5
3646.753	574.17
3649.523	536.83
3652.29	521.83
3655.055	502.17
3657.818	477.5
3660.579	459.83
3663.338	445.83
3666.095	430.5
3668.849	404.5
3671.602	389.83
3674.352	374.17
3677.101	356.83
3679.847	338.5
3682.591	324.83
3685.333	316.17
3688.073	295.83
3690.811	285.5
3693.547	277.5
3696.281	267.5
3699.013	252.83
3701.742	248.17
3704.47	237.17
3707.195	226.17
3709.919	219.17
3712.64	208.5
3715.359	204.83
3718.076	194.83
3720.792	186.5
3723.505	183.5
3726.216	176.17
3728.925	171.5
3731.632	164.17
3734.336	159.5
3737.039	156.83
3739.74	141.83
3742.439	144.17
3745.136	138.5
3747.83	133.5
3750.523	128.17
3753.213	121.83
3755.902	121.17
3758.589	118.5
3761.273	116.17
3763.956	113.17
3766.636	110.17
3769.315	106.83
3771.991	104.17
3774.665	97.5
3777.338	97.83
3780.008	94.17
3782.677	94.17
3785.343	86.5
3788.007	79.83
3790.67	86.17
3793.33	82.17
3795.989	79.17
3798.645	80.17
3801.299	79.5
3803.952	71.17
3806.602	71.83
3809.251	71.83
3811.897	71.17
3814.542	71.5
3817.184	67.5
3819.825	67.17
3822.463	65.83
3825.1	62.5
3827.735	65.83
3830.367	60.17
3832.998	57.17
3835.627	60.17
3838.253	58.83
3840.878	53.83
3843.501	50.83
3846.122	52.83
3848.741	52.83
3851.358	54.83
3853.973	55.17
3856.586	51.17
3859.197	46.83
3861.806	46.5
3864.414	46.17
3867.019	52.83
3869.622	52.17
3872.224	63.5
3874.823	84.17
3877.421	106.5
3880.016	137.83
3882.61	171.5
3885.202	188.83
3887.792	155.5
3890.38	108.83
3892.966	45.5
3895.55	42.5
3898.132	40.5
3900.713	37.5
3903.291	33.83
3905.868	34.17
3908.442	35.5
3911.015	35.5
3913.586	35.5
3916.155	30.5
3918.722	27.83
3921.287	31.5
3923.85	29.83
3926.411	31.5
3928.971	30.17
3931.528	26.17
3934.084	20.17
3936.638	23.17
3939.19	28.17
3941.74	24.83
3944.288	25.17
3946.834	27.5
3949.378	23.17
3951.921	26.83
3954.462	26.5
3957	28.17
3959.537	30.5
3962.072	30.5
3964.606	32.17
3967.137	29.83
3969.667	28.83
3972.194	28.17
3974.72	27.83
3977.244	34.83
3979.766	35.17
3982.286	34.5
3984.805	39.17
3987.321	39.5
3989.836	38.83
3992.349	46.17
3994.86	42.5
3997.369	41.17
3999.877	41.17
4002.382	35.17
4004.886	40.83
4007.388	38.17
4009.888	37.5
4012.386	35.83
4014.883	39.5
4017.377	38.83
4019.87	34.83
4022.361	38.5
4024.85	33.5
4027.338	34.83
4029.823	33.17
4032.307	31.83
4034.789	34.5
4037.269	36.17
4039.747	30.83
4042.224	26.5
4044.699	30.17
4047.172	26.83
4049.643	31.17
4052.112	30.83
4054.58	30.17
4057.046	28.5
4059.51	31.17
4061.972	26.83
4064.432	26.5
4066.891	29.5
4069.348	33.5
4071.803	29.17
4074.256	33.83
4076.708	28.5
4079.158	28.83
4081.606	30.17
4084.052	28.17
4086.497	30.83
4088.939	29.83
4091.38	33.17
4093.819	32.83
4096.257	4.83
4098.693	0.5
4101.127	-1.17
4103.559	1.17
4105.989	365.17
4108.418	371.17
4110.845	404.83
4113.27	426.83
4115.694	462.83
4118.115	521.5
4120.535	29.83
4122.954	30.17
4125.37	31.17
4127.785	30.5
4130.198	28.83
4132.609	29.83
4135.019	-4.17
4137.427	-0.17
4139.833	-0.17
4142.237	-0.83
