160.701	563.79
166.742	741.12
172.777	1245.12
178.805	2862.79
184.826	6877.12
190.841	14250.46
196.849	23230.79
202.85	29779.46
208.845	31781.13
214.833	30962.46
220.815	29709.79
226.789	28825.13
232.758	28048.12
238.719	27186.46
244.674	26250.46
250.623	25169.46
256.565	24085.79
262.5	22988.79
268.429	22020.12
274.351	21183.79
280.267	20406.79
286.176	19733.79
292.079	19164.12
297.975	18636.12
303.865	18127.13
309.748	17717.12
315.625	17359.46
321.495	17062.12
327.359	16839.46
333.217	16676.46
339.068	16579.13
344.912	16510.46
350.751	16442.79
356.583	16448.79
362.408	16403.46
368.227	16464.12
374.04	16583.46
379.847	16754.12
385.647	16986.46
391.44	16903.46
397.228	16811.79
403.009	16833.12
408.784	17052.13
414.553	17564.46
420.315	18124.12
426.071	18240.12
431.821	17676.46
437.565	17083.46
443.302	16831.79
449.033	16706.46
454.758	16611.46
460.477	16497.13
466.189	16375.79
471.896	16269.46
477.596	16141.79
483.29	16031.46
488.978	15975.12
494.66	15852.12
500.335	15632.46
506.005	15373.12
511.668	15071.79
517.325	14755.79
522.977	14539.12
528.622	14305.12
534.261	14141.12
539.894	13994.12
545.521	13860.79
551.141	13743.79
556.756	13648.12
562.365	13570.79
567.968	13454.79
573.565	13352.79
579.155	13300.12
584.74	13196.12
590.319	13081.46
595.892	12987.79
601.459	12881.12
607.02	12754.46
612.575	12610.46
618.124	12476.46
623.667	12351.46
629.204	12232.46
634.735	12205.79
640.261	12220.12
645.781	12324.12
651.294	12336.12
656.802	12168.12
662.304	11901.12
667.8	11715.12
673.29	11605.79
678.775	11515.79
684.254	11444.46
689.726	11383.12
695.193	11251.79
700.655	11174.12
706.11	11079.46
711.56	10990.46
717.004	10882.46
722.442	10832.46
727.874	10768.12
733.301	10760.12
738.722	10704.46
744.137	10645.79
749.547	10608.79
754.951	10574.46
760.349	10518.79
765.741	10426.12
771.128	10330.79
776.509	10289.46
781.885	10258.46
787.254	10199.12
792.618	10111.46
797.977	10016.12
803.33	9928.79
808.677	9802.46
814.019	9664.12
819.355	9554.46
824.686	9469.12
830.011	9337.46
835.33	9283.79
840.644	9214.46
845.952	9146.79
851.255	9075.79
856.552	9022.12
861.844	8929.12
867.13	8853.12
872.41	8758.12
877.686	8635.12
882.955	8521.79
888.219	8362.46
893.478	8274.12
898.731	8117.12
903.979	8005.79
909.221	7903.79
914.458	7827.46
919.69	7763.46
924.916	7746.46
930.136	7729.46
935.351	7679.79
940.561	7669.79
945.766	7629.79
950.965	7573.79
956.158	7472.12
961.347	7405.46
966.529	7302.12
971.707	7182.46
976.879	7080.12
982.046	7018.12
987.208	6945.46
992.364	6925.79
997.515	6941.46
1002.66	6992.79
1007.801	7018.46
1012.936	7050.12
1018.066	7074.46
1023.19	7129.46
1028.309	7123.79
1033.423	7104.46
1038.532	7047.79
1043.636	6997.79
1048.734	6927.79
1053.827	6835.79
1058.915	6759.46
1063.998	6739.79
1069.075	6710.12
1074.147	6716.12
1079.214	6732.79
1084.276	6749.79
1089.333	6787.46
1094.385	6808.12
1099.431	6836.12
1104.472	6833.79
1109.509	6779.12
1114.54	6701.46
1119.565	6643.46
1124.586	6540.12
1129.602	6483.12
1134.613	6423.46
1139.618	6423.12
1144.619	6403.79
1149.614	6428.79
1154.604	6457.12
1159.589	6485.79
1164.57	6490.12
1169.545	6511.79
1174.515	6493.79
1179.48	6469.12
1184.44	6443.12
1189.395	6381.46
1194.345	6362.79
1199.29	6310.46
1204.23	6322.12
1209.165	6343.12
1214.095	6387.79
1219.021	6406.79
1223.941	6461.46
1228.856	6470.79
1233.766	6514.12
1238.672	6489.12
1243.572	6458.46
1248.467	6431.46
1253.358	6364.79
1258.244	6281.12
1263.124	6181.46
1268	6085.12
1272.871	6015.46
1277.737	5962.79
1282.599	5955.46
1287.455	5935.79
1292.306	5981.79
1297.153	5994.79
1301.995	6054.46
1306.832	6067.79
1311.664	6097.79
1316.491	6063.79
1321.314	6045.12
1326.132	5958.79
1330.945	5929.79
1335.753	5860.79
1340.556	5791.12
1345.354	5733.46
1350.148	5697.46
1354.937	5635.79
1359.722	5576.13
1364.501	5516.46
1369.276	5444.79
1374.046	5430.46
1378.811	5383.79
1383.572	5352.12
1388.327	5325.79
1393.079	5280.79
1397.825	5234.12
1402.567	5195.12
1407.304	5170.12
1412.036	5153.46
1416.764	5130.12
1421.487	5140.79
1426.205	5162.13
1430.919	5190.79
1435.628	5227.79
1440.333	5310.46
1445.032	5325.46
1449.727	5366.46
1454.418	5358.13
1459.104	5357.12
1463.785	5317.79
1468.462	5288.13
1473.134	5253.46
1477.802	5219.12
1482.465	5201.13
1487.123	5191.13
1491.777	5220.79
1496.426	5257.79
1501.071	5290.46
1505.711	5334.12
1510.347	5374.46
1514.978	5413.79
1519.604	5412.79
1524.226	5416.79
1528.844	5390.12
1533.457	5375.79
1538.065	5374.46
1542.669	5351.79
1547.269	5368.46
1551.864	5397.12
1556.454	5447.12
1561.041	5537.46
1565.622	5614.46
1570.199	5693.79
1574.772	5807.46
1579.34	5946.12
1583.904	6083.46
1588.464	6234.12
1593.019	6337.46
1597.569	6464.12
1602.115	6565.79
1606.657	6671.12
1611.195	6767.46
1615.728	6870.79
1620.256	7004.79
1624.78	7121.46
1629.3	7283.12
1633.816	7413.12
1638.327	7523.79
1642.834	7616.79
1647.336	7680.46
1651.834	7706.12
1656.328	7684.46
1660.817	7603.46
1665.302	7488.12
1669.783	7295.12
1674.259	7090.46
1678.732	6830.79
1683.199	6614.79
1687.663	6372.12
1692.122	6099.46
1696.577	5791.79
1701.028	5528.79
1705.474	5263.12
1709.917	5027.46
1714.355	4826.12
1718.788	4655.79
1723.218	4551.46
1727.643	4431.79
1732.064	4315.13
1736.481	4171.12
1740.893	4030.46
1745.301	3885.79
1749.705	3779.46
1754.105	3648.79
1758.501	3557.13
1762.893	3461.13
1767.28	3398.12
1771.663	3359.13
1776.042	3344.79
1780.417	3297.79
1784.787	3292.46
1789.154	3262.79
1793.516	3241.13
1797.874	3191.12
1802.228	3136.46
1806.578	3053.46
1810.924	2983.46
1815.266	2968.46
1819.603	2894.79
1823.937	2861.79
1828.266	2844.13
1832.591	2845.12
1836.913	2830.46
1841.23	2837.79
1845.543	2828.12
1849.852	2850.12
1854.156	2838.46
1858.457	2853.13
1862.754	2878.46
1867.047	2888.12
1871.335	2908.46
1875.62	2897.12
1879.9	2903.46
1884.177	2897.46
1888.449	2911.79
1892.718	2883.79
1896.982	2873.79
1901.243	2873.46
1905.499	2860.46
1909.752	2866.46
1914	2861.79
1918.245	2874.79
1922.485	2882.46
1926.722	2889.12
1930.954	2910.12
1935.183	2901.79
1939.408	2896.79
1943.628	2896.46
1947.845	2864.46
1952.058	2843.46
1956.267	2808.12
1960.472	2780.46
1964.673	2733.46
1968.87	2700.13
1973.063	2673.12
1977.252	2662.12
1981.438	2666.79
1985.619	2660.46
1989.797	2680.46
1993.971	2686.12
1998.14	2693.79
2002.306	2727.79
2006.469	2747.79
2010.627	2755.12
2014.781	2761.46
2018.932	2777.13
2023.078	2780.79
2027.221	2768.46
2031.36	2761.46
2035.495	2752.46
2039.627	2751.13
2043.754	2748.79
2047.878	2750.79
2051.998	2754.12
2056.114	2778.46
2060.226	2788.46
2064.334	2806.79
2068.439	2832.79
2072.54	2849.13
2076.637	2883.79
2080.73	2888.46
2084.82	2907.46
2088.906	2891.46
2092.988	2903.79
2097.066	2865.79
2101.14	2846.12
2105.211	2822.12
2109.278	2801.79
2113.342	2764.12
2117.401	2746.12
2121.457	2720.79
2125.509	2700.12
2129.558	2688.79
2133.602	2657.12
2137.643	2651.13
2141.681	2630.79
2145.714	2617.12
2149.744	2600.79
2153.77	2583.12
2157.793	2560.46
2161.812	2538.12
2165.827	2501.46
2169.838	2451.13
2173.846	2431.13
2177.851	2384.13
2181.851	2360.79
2185.848	2325.79
2189.841	2303.12
2193.831	2278.12
2197.817	2261.79
2201.799	2236.46
2205.778	2237.46
2209.753	2210.46
2213.725	2196.13
2217.693	2178.79
2221.657	2170.13
2225.618	2153.46
2229.575	2147.13
2233.529	2103.79
2237.479	2085.79
2241.425	2052.46
2245.368	2020.79
2249.307	1988.79
2253.243	1963.12
2257.175	1927.12
2261.104	1901.12
2265.029	1862.13
2268.95	1845.46
2272.868	1816.12
2276.783	1790.12
2280.694	1767.46
2284.601	1753.46
2288.505	1715.13
2292.405	1697.46
2296.302	1682.12
2300.195	1665.46
2304.085	1633.46
2307.971	1594.79
2311.854	1582.46
2315.734	1554.79
2319.609	1532.79
2323.482	1500.12
2327.351	1503.12
2331.216	1508.79
2335.078	1496.79
2338.937	1476.46
2342.792	1456.46
2346.643	1442.79
2350.492	1436.79
2354.336	1436.79
2358.178	1443.12
2362.015	1447.12
2365.85	1436.46
2369.681	1442.46
2373.508	1436.12
2377.333	1434.12
2381.153	1437.12
2384.971	1428.12
2388.785	1424.79
2392.595	1408.79
2396.402	1402.46
2400.206	1397.12
2404.007	1386.12
2407.804	1387.79
2411.597	1373.79
2415.388	1370.46
2419.174	1359.79
2422.958	1361.12
2426.738	1348.46
2430.515	1344.46
2434.289	1335.12
2438.059	1336.12
2441.825	1332.46
2445.589	1314.79
2449.349	1307.12
2453.106	1293.79
2456.859	1288.46
2460.61	1272.46
2464.356	1269.46
2468.1	1257.12
2471.84	1243.79
2475.577	1250.46
2479.311	1239.46
2483.041	1233.79
2486.768	1242.46
2490.492	1240.79
2494.213	1244.79
2497.93	1229.79
2501.644	1247.79
2505.355	1230.79
2509.062	1216.46
2512.766	1213.79
2516.467	1217.12
2520.165	1210.12
2523.859	1201.12
2527.551	1202.12
2531.239	1192.79
2534.923	1182.46
2538.605	1188.12
2542.283	1175.79
2545.958	1173.79
2549.63	1168.46
2553.299	1164.79
2556.964	1151.12
2560.626	1149.79
2564.285	1143.12
2567.941	1132.46
2571.594	1122.79
2575.243	1119.79
2578.89	1092.46
2582.533	1099.12
2586.173	1085.79
2589.809	1074.79
2593.443	1059.12
2597.073	1052.79
2600.701	1041.12
2604.325	1045.12
2607.946	1033.79
2611.564	1028.79
2615.178	1027.12
2618.79	1021.79
2622.398	1022.46
2626.004	1005.46
2629.606	1002.46
2633.205	1000.12
2636.801	998.12
2640.394	984.12
2643.983	978.46
2647.57	976.12
2651.153	967.12
2654.734	955.79
2658.311	952.46
2661.885	952.79
2665.456	953.46
2669.025	943.46
2672.589	945.12
2676.151	941.79
2679.71	944.12
2683.266	941.12
2686.819	936.46
2690.368	930.46
2693.915	928.12
2697.458	929.79
2700.999	922.46
2704.536	911.79
2708.071	921.12
2711.602	910.12
2715.13	910.46
2718.656	907.46
2722.178	911.46
2725.697	928.79
2729.214	928.46
2732.727	939.79
2736.237	940.79
2739.744	956.79
2743.249	962.46
2746.75	957.46
2750.248	970.12
2753.743	965.46
2757.236	958.12
2760.725	952.12
2764.211	944.46
2767.695	944.12
2771.175	934.46
2774.652	929.46
2778.127	937.12
2781.598	946.79
2785.067	951.12
2788.532	965.79
2791.995	977.79
2795.455	990.79
2798.911	995.12
2802.365	1019.12
2805.816	1017.12
2809.264	1038.46
2812.709	1036.46
2816.151	1057.46
2819.59	1067.46
2823.026	1084.12
2826.46	1089.46
2829.89	1101.46
2833.318	1117.46
2836.742	1123.12
2840.164	1137.12
2843.583	1156.12
2846.999	1170.46
2850.412	1177.46
2853.822	1196.46
2857.229	1218.79
2860.634	1229.12
2864.035	1244.79
2867.434	1254.46
2870.83	1280.79
2874.223	1298.79
2877.613	1306.79
2881	1315.12
2884.385	1335.46
2887.766	1351.79
2891.145	1358.12
2894.521	1368.79
2897.894	1389.79
2901.264	1409.12
2904.631	1414.12
2907.996	1451.46
2911.358	1468.46
2914.717	1483.12
2918.073	1516.46
2921.426	1544.46
2924.777	1571.12
2928.124	1618.46
2931.469	1646.79
2934.811	1678.79
2938.15	1713.79
2941.487	1749.13
2944.821	1788.79
2948.152	1815.13
2951.48	1850.79
2954.805	1886.12
2958.128	1928.46
2961.447	1961.46
2964.765	2018.46
2968.079	2049.79
2971.39	2114.46
2974.699	2163.46
2978.005	2230.13
2981.308	2282.13
2984.609	2346.46
2987.907	2424.46
2991.202	2467.46
2994.494	2549.12
2997.784	2617.46
3001.07	2686.79
3004.355	2753.46
3007.636	2821.13
3010.915	2854.46
3014.191	2916.13
3017.464	2985.46
3020.734	3019.79
3024.002	3082.12
3027.267	3128.46
3030.53	3196.79
3033.789	3274.79
3037.046	3320.46
3040.301	3397.46
3043.552	3501.46
3046.801	3588.12
3050.048	3680.79
3053.291	3789.79
3056.532	3910.79
3059.771	4020.79
3063.006	4142.12
3066.239	4269.12
3069.469	4393.79
3072.697	4540.12
3075.922	4662.46
3079.144	4771.12
3082.364	4883.12
3085.581	5013.46
3088.795	5133.12
3092.007	5255.79
3095.216	5388.12
3098.423	5503.46
3101.627	5625.12
3104.828	5760.79
3108.026	5887.46
3111.222	6027.79
3114.416	6158.79
3117.607	6295.79
3120.795	6432.12
3123.98	6592.46
3127.163	6757.46
3130.344	6891.12
3133.521	7035.46
3136.696	7202.12
3139.869	7334.46
3143.039	7462.12
3146.206	7565.12
3149.371	7656.12
3152.533	7768.79
3155.693	7829.46
3158.85	7878.46
3162.005	7935.79
3165.157	8001.46
3168.306	8025.12
3171.453	8065.12
3174.597	8082.79
3177.739	8130.12
3180.878	8173.79
3184.014	8194.46
3187.149	8239.12
3190.28	8285.46
3193.409	8283.12
3196.536	8323.46
3199.659	8386.79
3202.781	8418.46
3205.9	8454.79
3209.016	8471.79
3212.13	8458.79
3215.241	8458.79
3218.35	8423.46
3221.456	8375.12
3224.56	8352.79
3227.661	8284.46
3230.76	8226.12
3233.856	8186.12
3236.95	8146.79
3240.041	8078.46
3243.13	8061.12
3246.216	7999.46
3249.3	7976.12
3252.382	7940.12
3255.46	7927.79
3258.537	7918.46
3261.611	7874.79
3264.682	7847.12
3267.751	7822.79
3270.818	7809.12
3273.882	7747.12
3276.943	7699.12
3280.002	7650.12
3283.059	7584.46
3286.113	7485.79
3289.165	7394.46
3292.214	7295.12
3295.261	7196.12
3298.306	7095.46
3301.348	6995.79
3304.387	6907.12
3307.425	6802.12
3310.459	6719.46
3313.492	6684.79
3316.521	6590.79
3319.549	6524.12
3322.574	6465.46
3325.597	6445.12
3328.617	6402.12
3331.635	6355.79
3334.65	6350.46
3337.663	6323.79
3340.674	6294.12
3343.682	6280.46
3346.688	6263.79
3349.691	6239.46
3352.692	6243.79
3355.691	6212.46
3358.687	6168.79
3361.681	6094.12
3364.673	6066.46
3367.662	6005.46
3370.649	5914.79
3373.633	5847.79
3376.615	5791.46
3379.595	5756.46
3382.572	5677.79
3385.547	5624.46
3388.52	5586.79
3391.49	5500.79
3394.458	5450.12
3397.424	5407.79
3400.387	5344.79
3403.348	5298.79
3406.307	5270.79
3409.263	5219.13
3412.217	5184.46
3415.168	5136.79
3418.118	5089.46
3421.065	5064.79
3424.009	4996.79
3426.951	4964.12
3429.891	4896.13
3432.829	4817.13
3435.764	4747.12
3438.697	4669.12
3441.628	4582.79
3444.557	4485.79
3447.483	4407.79
3450.407	4313.13
3453.328	4214.46
3456.247	4114.46
3459.164	4031.13
3462.079	3951.46
3464.991	3828.46
3467.902	3749.79
3470.809	3673.13
3473.715	3589.13
3476.618	3502.79
3479.519	3444.79
3482.418	3369.12
3485.315	3291.79
3488.209	3229.12
3491.101	3162.12
3493.99	3095.13
3496.878	3034.12
3499.763	2940.46
3502.646	2894.79
3505.527	2826.46
3508.405	2739.46
3511.281	2667.46
3514.155	2579.12
3517.027	2505.12
3519.897	2412.79
3522.764	2329.79
3525.629	2262.46
3528.492	2174.46
3531.352	2097.79
3534.211	2034.46
3537.067	1954.12
3539.921	1868.79
3542.773	1806.46
3545.622	1738.46
3548.469	1683.12
3551.315	1626.79
3554.157	1566.12
3556.998	1524.46
3559.837	1473.12
3562.673	1433.12
3565.507	1390.46
3568.339	1343.79
3571.169	1307.79
3573.996	1263.46
3576.822	1220.12
3579.645	1176.12
3582.466	1140.12
3585.285	1098.79
3588.101	1058.46
3590.916	1015.79
3593.728	996.12
3596.538	955.79
3599.346	912.12
3602.152	888.46
3604.956	857.12
3607.757	818.79
3610.556	790.79
3613.354	768.12
3616.149	738.79
3618.942	704.79
3621.732	682.12
3624.521	659.12
3627.307	642.46
3630.092	625.46
3632.874	604.79
3635.654	584.79
3638.432	564.46
3641.208	549.79
3643.982	523.79
3646.753	511.12
3649.523	483.12
3652.29	473.46
3655.055	445.79
3657.818	429.12
3660.579	416.46
3663.338	398.46
3666.095	379.79
3668.849	365.46
3671.602	350.46
3674.352	334.79
3677.101	319.79
3679.847	300.79
3682.591	291.79
3685.333	278.12
3688.073	270.12
3690.811	259.79
3693.547	246.12
3696.281	240.46
3699.013	230.12
3701.742	220.46
3704.47	217.12
3707.195	204.12
3709.919	198.12
3712.64	192.12
3715.359	183.12
3718.076	177.46
3720.792	167.12
3723.505	162.46
3726.216	156.12
3728.925	149.79
3731.632	148.79
3734.336	143.46
3737.039	137.46
3739.74	128.79
3742.439	126.79
3745.136	115.12
3747.83	118.79
3750.523	118.46
3753.213	92.12
3755.902	113.12
3758.589	104.46
3761.273	101.79
3763.956	101.79
3766.636	97.46
3769.315	98.79
3771.991	90.46
3774.665	88.79
3777.338	81.12
3780.008	88.12
3782.677	86.46
3785.343	84.79
3788.007	74.12
3790.67	77.79
3793.33	75.79
3795.989	71.79
3798.645	68.79
3801.299	72.12
3803.952	68.46
3806.602	60.79
3809.251	64.12
3811.897	60.12
3814.542	63.12
3817.184	59.79
3819.825	61.79
3822.463	59.46
3825.1	53.46
3827.735	53.46
3830.367	56.12
3832.998	52.46
3835.627	56.79
3838.253	51.46
3840.878	50.12
3843.501	48.46
3846.122	47.79
3848.741	46.12
3851.358	46.46
3853.973	51.46
3856.586	45.46
3859.197	47.46
3861.806	44.12
3864.414	43.46
3867.019	47.79
3869.622	48.79
3872.224	62.46
3874.823	79.79
3877.421	102.79
3880.016	131.46
3882.61	167.12
3885.202	182.46
3887.792	151.46
3890.38	102.12
3892.966	44.46
3895.55	38.12
3898.132	37.46
3900.713	34.12
3903.291	33.12
3905.868	33.46
3908.442	32.46
3911.015	31.79
3913.586	30.46
3916.155	31.12
3918.722	25.46
3921.287	26.79
3923.85	25.79
3926.411	27.46
3928.971	23.79
3931.528	23.46
3934.084	26.46
3936.638	24.46
3939.19	23.46
3941.74	21.79
3944.288	27.79
3946.834	24.46
3949.378	24.12
3951.921	25.46
3954.462	22.79
3957	30.79
3959.537	31.12
3962.072	32.12
3964.606	29.79
3967.137	27.46
3969.667	27.79
3972.194	28.79
3974.72	28.46
3977.244	35.12
3979.766	36.79
3982.286	35.12
3984.805	38.12
3987.321	39.79
3989.836	40.46
3992.349	41.12
3994.86	44.12
3997.369	36.79
3999.877	39.79
4002.382	37.79
4004.886	38.46
4007.388	37.46
4009.888	37.46
4012.386	36.12
4014.883	34.12
4017.377	33.79
4019.87	32.12
4022.361	33.79
4024.85	27.12
4027.338	32.79
4029.823	35.12
4032.307	31.46
4034.789	29.46
4037.269	31.46
4039.747	27.79
4042.224	30.12
4044.699	30.12
4047.172	21.79
4049.643	28.12
4052.112	32.46
4054.58	26.46
4057.046	27.79
4059.51	29.46
4061.972	24.79
4064.432	26.46
4066.891	30.46
4069.348	28.46
4071.803	30.46
4074.256	30.12
4076.708	28.46
4079.158	29.12
4081.606	27.12
4084.052	30.12
4086.497	34.46
4088.939	28.79
4091.38	30.46
4093.819	32.79
4096.257	3.79
4098.693	-0.88
4101.127	-1.21
4103.559	1.79
4105.989	345.46
4108.418	352.46
4110.845	375.79
4113.27	404.12
4115.694	435.46
4118.115	489.79
4120.535	29.46
4122.954	27.12
4125.37	27.12
4127.785	25.12
4130.198	26.46
4132.609	30.12
4135.019	-2.21
4137.427	-0.88
4139.833	-1.54
4142.237	1.12
