160.701	491.83
166.742	660.5
172.777	1141.5
178.805	2656.5
184.826	6515.83
190.841	13548.83
196.849	22169.83
202.85	28417.5
208.845	30357.17
214.833	29550.5
220.815	28350.17
226.789	27492.17
232.758	26731.5
238.719	25936.5
244.674	24973.17
250.623	23900.83
256.565	22861.5
262.5	21805.17
268.429	20868.5
274.351	20032.5
280.267	19256.5
286.176	18601.5
292.079	18050.17
297.975	17455.17
303.865	17014.5
309.748	16602.17
315.625	16276.83
321.495	16003.5
327.359	15756.83
333.217	15636.5
339.068	15546.5
344.912	15497.83
350.751	15408.17
356.583	15377.83
362.408	15351.83
368.227	15407.17
374.04	15486.5
379.847	15668.17
385.647	15806.5
391.44	15820.17
397.228	15694.17
403.009	15774.17
408.784	15952.17
414.553	16404.83
420.315	17033.5
426.071	17140.17
431.821	16562.83
437.565	15990.83
443.302	15734.83
449.033	15599.83
454.758	15481.17
460.477	15382.17
466.189	15301.5
471.896	15153.5
477.596	15058.83
483.29	14948.83
488.978	14858.17
494.66	14755.17
500.335	14582.17
506.005	14303.17
511.668	14027.5
517.325	13747.83
522.977	13480.17
528.622	13295.83
534.261	13128.5
539.894	12977.5
545.521	12840.5
551.141	12758.17
556.756	12645.17
562.365	12545.17
567.968	12442.83
573.565	12360.83
579.155	12290.83
584.74	12186.17
590.319	12067.5
595.892	11972.83
601.459	11876.83
607.02	11781.17
612.575	11613.83
618.124	11489.83
623.667	11369.83
629.204	11292.17
634.735	11228.17
640.261	11268.17
645.781	11359.83
651.294	11422.83
656.802	11222.17
662.304	10962.17
667.8	10777.17
673.29	10686.83
678.775	10594.5
684.254	10507.83
689.726	10433.83
695.193	10340.83
700.655	10243.83
706.11	10138.5
711.56	10045.5
717.004	9971.17
722.442	9872.83
727.874	9800.17
733.301	9742.83
738.722	9705.83
744.137	9652.5
749.547	9654.83
754.951	9649.17
760.349	9603.83
765.741	9501.17
771.128	9418.5
776.509	9360.83
781.885	9333.83
787.254	9281.5
792.618	9211.17
797.977	9137.17
803.33	9005.17
808.677	8930.5
814.019	8807.5
819.355	8668.83
824.686	8571.5
830.011	8483.83
835.33	8412.5
840.644	8326.17
845.952	8287.17
851.255	8216.17
856.552	8150.5
861.844	8057.5
867.13	7972.17
872.41	7909.17
877.686	7780.83
882.955	7675.83
888.219	7538.17
893.478	7426.83
898.731	7299.17
903.979	7167.17
909.221	7093.5
914.458	7015.17
919.69	6989.83
924.916	6954.83
930.136	6918.83
935.351	6871.5
940.561	6862.5
945.766	6800.83
950.965	6746.83
956.158	6668.5
961.347	6587.17
966.529	6494.83
971.707	6405.17
976.879	6304.5
982.046	6213.83
987.208	6188.17
992.364	6150.83
997.515	6175.83
1002.66	6199.83
1007.801	6227.83
1012.936	6263.5
1018.066	6304.5
1023.19	6314.17
1028.309	6317.5
1033.423	6280.83
1038.532	6260.17
1043.636	6184.83
1048.734	6127.83
1053.827	6031.83
1058.915	6003.5
1063.998	5958.17
1069.075	5922.5
1074.147	5926.83
1079.214	5964.17
1084.276	5960.83
1089.333	6004.17
1094.385	6008.17
1099.431	6037.5
1104.472	6009.83
1109.509	5996.83
1114.54	5926.83
1119.565	5843.5
1124.586	5787.83
1129.602	5720.17
1134.613	5676.5
1139.618	5653.83
1144.619	5647.83
1149.614	5653.83
1154.604	5690.17
1159.589	5686.83
1164.57	5703.17
1169.545	5725.5
1174.515	5739.83
1179.48	5704.5
1184.44	5666.17
1189.395	5626.83
1194.345	5588.5
1199.29	5576.83
1204.23	5577.83
1209.165	5569.17
1214.095	5601.5
1219.021	5625.83
1223.941	5680.5
1228.856	5703.17
1233.766	5701.83
1238.672	5715.5
1243.572	5685.5
1248.467	5655.5
1253.358	5591.5
1258.244	5521.17
1263.124	5405.5
1268	5342.17
1272.871	5281.83
1277.737	5234.17
1282.599	5217.17
1287.455	5215.83
1292.306	5225.17
1297.153	5272.5
1301.995	5297.5
1306.832	5308.17
1311.664	5351.17
1316.491	5335.17
1321.314	5294.5
1326.132	5264.83
1330.945	5207.17
1335.753	5148.83
1340.556	5103.5
1345.354	5054.5
1350.148	4988.83
1354.937	4955.83
1359.722	4895.83
1364.501	4850.83
1369.276	4798.5
1374.046	4758.83
1378.811	4734.5
1383.572	4697.17
1388.327	4675.17
1393.079	4621.17
1397.825	4618.83
1402.567	4558.5
1407.304	4523.5
1412.036	4510.17
1416.764	4509.5
1421.487	4512.17
1426.205	4536.83
1430.919	4566.17
1435.628	4605.5
1440.333	4638.17
1445.032	4660.17
1449.727	4710.17
1454.418	4703.17
1459.104	4702.5
1463.785	4698.17
1468.462	4658.5
1473.134	4646.5
1477.802	4634.83
1482.465	4627.83
1487.123	4651.5
1491.777	4650.5
1496.426	4702.17
1501.071	4753.5
1505.711	4808.5
1510.347	4838.83
1514.978	4855.17
1519.604	4879.17
1524.226	4871.83
1528.844	4866.83
1533.457	4816.5
1538.065	4821.5
1542.669	4820.83
1547.269	4823.83
1551.864	4841.5
1556.454	4890.17
1561.041	4951.83
1565.622	5031.83
1570.199	5083.83
1574.772	5203.17
1579.34	5337.83
1583.904	5457.17
1588.464	5603.17
1593.019	5715.5
1597.569	5836.83
1602.115	5932.5
1606.657	6024.5
1611.195	6126.17
1615.728	6241.83
1620.256	6372.5
1624.78	6503.17
1629.3	6631.5
1633.816	6750.83
1638.327	6884.83
1642.834	6985.17
1647.336	7043.83
1651.834	7062.83
1656.328	7046.17
1660.817	6973.17
1665.302	6858.17
1669.783	6711.5
1674.259	6503.83
1678.732	6284.5
1683.199	6068.17
1687.663	5816.17
1692.122	5574.5
1696.577	5305.83
1701.028	5073.5
1705.474	4819.83
1709.917	4620.5
1714.355	4444.83
1718.788	4276.83
1723.218	4163.5
1727.643	4049.17
1732.064	3916.17
1736.481	3791.83
1740.893	3649.83
1745.301	3522.17
1749.705	3409.83
1754.105	3294.83
1758.501	3190.83
1762.893	3126.5
1767.28	3059.17
1771.663	3017.5
1776.042	2990.83
1780.417	2990.5
1784.787	2988.83
1789.154	2975.5
1793.516	2947.17
1797.874	2918.17
1802.228	2857.83
1806.578	2786.17
1810.924	2712.5
1815.266	2648.5
1819.603	2607.17
1823.937	2579.17
1828.266	2554.5
1832.591	2530.17
1836.913	2538.83
1841.23	2533.17
1845.543	2520.5
1849.852	2535.17
1854.156	2543.17
1858.457	2544.5
1862.754	2568.83
1867.047	2578.17
1871.335	2586.5
1875.62	2591.17
1879.9	2593.5
1884.177	2611.17
1888.449	2602.17
1892.718	2610.5
1896.982	2604.83
1901.243	2606.17
1905.499	2604.5
1909.752	2606.83
1914	2628.17
1918.245	2639.17
1922.485	2651.17
1926.722	2686.17
1930.954	2692.5
1935.183	2694.5
1939.408	2695.17
1943.628	2684.83
1947.845	2657.83
1952.058	2645.17
1956.267	2600.83
1960.472	2555.83
1964.673	2524.83
1968.87	2489.83
1973.063	2462.5
1977.252	2436.5
1981.438	2428.17
1985.619	2429.83
1989.797	2421.83
1993.971	2440.5
1998.14	2457.83
2002.306	2463.17
2006.469	2489.5
2010.627	2484.17
2014.781	2509.83
2018.932	2527.17
2023.078	2524.83
2027.221	2526.5
2031.36	2499.17
2035.495	2490.5
2039.627	2494.17
2043.754	2499.17
2047.878	2504.17
2051.998	2505.83
2056.114	2522.17
2060.226	2550.83
2064.334	2569.83
2068.439	2588.5
2072.54	2612.5
2076.637	2638.17
2080.73	2654.5
2084.82	2660.5
2088.906	2684.83
2092.988	2674.83
2097.066	2636.5
2101.14	2627.5
2105.211	2598.83
2109.278	2595.5
2113.342	2546.17
2117.401	2524.5
2121.457	2507.17
2125.509	2482.83
2129.558	2455.83
2133.602	2446.83
2137.643	2415.83
2141.681	2408.5
2145.714	2396.83
2149.744	2372.83
2153.77	2357.83
2157.793	2347.83
2161.812	2320.5
2165.827	2276.83
2169.838	2248.17
2173.846	2220.17
2177.851	2191.17
2181.851	2154.17
2185.848	2127.83
2189.841	2095.5
2193.831	2070.5
2197.817	2056.83
2201.799	2037.17
2205.778	2036.5
2209.753	2024.5
2213.725	2005.83
2217.693	1998.83
2221.657	1990.17
2225.618	1968.5
2229.575	1947.5
2233.529	1927.5
2237.479	1890.5
2241.425	1866.17
2245.368	1853.17
2249.307	1826.17
2253.243	1790.83
2257.175	1759.5
2261.104	1738.17
2265.029	1698.17
2268.95	1693.5
2272.868	1657.83
2276.783	1634.17
2280.694	1599.5
2284.601	1592.5
2288.505	1559.83
2292.405	1540.17
2296.302	1527.17
2300.195	1501.17
2304.085	1488.5
2307.971	1455.17
2311.854	1432.5
2315.734	1413.17
2319.609	1383.5
2323.482	1368.5
2327.351	1356.17
2331.216	1363.83
2335.078	1365.17
2338.937	1342.83
2342.792	1308.5
2346.643	1288.5
2350.492	1298.83
2354.336	1306.17
2358.178	1300.17
2362.015	1300.17
2365.85	1302.17
2369.681	1293.17
2373.508	1294.5
2377.333	1300.17
2381.153	1289.17
2384.971	1286.5
2388.785	1284.5
2392.595	1273.83
2396.402	1267.17
2400.206	1246.83
2404.007	1250.83
2407.804	1253.5
2411.597	1236.5
2415.388	1228.17
2419.174	1224.83
2422.958	1218.17
2426.738	1216.17
2430.515	1218.5
2434.289	1203.83
2438.059	1199.83
2441.825	1194.5
2445.589	1185.17
2449.349	1174.83
2453.106	1165.17
2456.859	1147.17
2460.61	1151.83
2464.356	1138.5
2468.1	1132.5
2471.84	1118.17
2475.577	1115.83
2479.311	1115.17
2483.041	1109.17
2486.768	1117.5
2490.492	1118.83
2494.213	1121.17
2497.93	1116.17
2501.644	1115.5
2505.355	1105.5
2509.062	1107.83
2512.766	1096.17
2516.467	1098.5
2520.165	1098.83
2523.859	1095.17
2527.551	1082.83
2531.239	1071.83
2534.923	1078.83
2538.605	1073.83
2542.283	1059.5
2545.958	1059.83
2549.63	1052.17
2553.299	1053.17
2556.964	1047.5
2560.626	1041.5
2564.285	1033.17
2567.941	1028.5
2571.594	1019.83
2575.243	1008.83
2578.89	998.17
2582.533	996.5
2586.173	982.17
2589.809	969.83
2593.443	960.17
2597.073	950.17
2600.701	946.5
2604.325	936.83
2607.946	939.17
2611.564	932.5
2615.178	923.5
2618.79	926.5
2622.398	929.17
2626.004	920.17
2629.606	898.83
2633.205	896.17
2636.801	895.83
2640.394	883.83
2643.983	882.17
2647.57	874.17
2651.153	873.5
2654.734	869.83
2658.311	854.17
2661.885	855.83
2665.456	858.83
2669.025	851.5
2672.589	849.5
2676.151	848.5
2679.71	845.83
2683.266	851.17
2686.819	839.17
2690.368	840.17
2693.915	833.83
2697.458	831.17
2700.999	833.5
2704.536	828.5
2708.071	824.5
2711.602	821.83
2715.13	822.83
2718.656	824.83
2722.178	828.83
2725.697	835.5
2729.214	845.83
2732.727	849.5
2736.237	862.83
2739.744	872.17
2743.249	884.17
2746.75	879.83
2750.248	886.83
2753.743	871.17
2757.236	871.5
2760.725	876.17
2764.211	870.5
2767.695	858.17
2771.175	863.83
2774.652	860.83
2778.127	865.83
2781.598	865.5
2785.067	868.5
2788.532	886.17
2791.995	898.17
2795.455	908.5
2798.911	925.17
2802.365	934.17
2805.816	947.83
2809.264	960.17
2812.709	960.5
2816.151	977.83
2819.59	988.83
2823.026	1001.17
2826.46	1018.17
2829.89	1017.5
2833.318	1032.83
2836.742	1039.5
2840.164	1045.5
2843.583	1058.5
2846.999	1076.17
2850.412	1091.17
2853.822	1111.5
2857.229	1121.5
2860.634	1139.17
2864.035	1154.5
2867.434	1176.17
2870.83	1192.83
2874.223	1207.17
2877.613	1216.17
2881	1234.5
2884.385	1239.5
2887.766	1252.17
2891.145	1252.5
2894.521	1270.17
2897.894	1297.17
2901.264	1301.17
2904.631	1321.83
2907.996	1344.5
2911.358	1361.83
2914.717	1387.5
2918.073	1417.5
2921.426	1445.17
2924.777	1464.17
2928.124	1500.17
2931.469	1526.83
2934.811	1557.5
2938.15	1596.5
2941.487	1635.17
2944.821	1667.5
2948.152	1702.5
2951.48	1725.5
2954.805	1763.83
2958.128	1788.17
2961.447	1832.17
2964.765	1880.83
2968.079	1917.83
2971.39	1967.17
2974.699	2016.5
2978.005	2064.17
2981.308	2127.5
2984.609	2194.83
2987.907	2249.17
2991.202	2307.5
2994.494	2367.83
2997.784	2421.5
3001.07	2501.5
3004.355	2556.83
3007.636	2616.83
3010.915	2669.83
3014.191	2726.17
3017.464	2777.17
3020.734	2819.83
3024.002	2864.83
3027.267	2930.83
3030.53	2981.17
3033.789	3043.83
3037.046	3117.83
3040.301	3200.5
3043.552	3298.17
3046.801	3366.83
3050.048	3465.17
3053.291	3582.5
3056.532	3679.17
3059.771	3783.83
3063.006	3892.17
3066.239	4032.17
3069.469	4159.17
3072.697	4249.5
3075.922	4381.17
3079.144	4507.83
3082.364	4620.5
3085.581	4732.5
3088.795	4849.17
3092.007	4960.17
3095.216	5066.5
3098.423	5188.5
3101.627	5300.83
3104.828	5427.83
3108.026	5541.17
3111.222	5654.5
3114.416	5789.83
3117.607	5920.17
3120.795	6076.5
3123.98	6217.83
3127.163	6362.17
3130.344	6502.5
3133.521	6637.17
3136.696	6809.83
3139.869	6938.5
3143.039	7029.5
3146.206	7132.17
3149.371	7224.5
3152.533	7308.5
3155.693	7355.5
3158.85	7426.17
3162.005	7448.83
3165.157	7519.17
3168.306	7552.17
3171.453	7582.83
3174.597	7618.83
3177.739	7659.83
3180.878	7651.5
3184.014	7693.5
3187.149	7746.5
3190.28	7765.5
3193.409	7782.5
3196.536	7848.17
3199.659	7868.5
3202.781	7886.17
3205.9	7902.83
3209.016	7922.83
3212.13	7930.83
3215.241	7894.83
3218.35	7864.83
3221.456	7835.5
3224.56	7776.5
3227.661	7727.5
3230.76	7668.83
3233.856	7619.5
3236.95	7550.83
3240.041	7527.5
3243.13	7465.5
3246.216	7424.17
3249.3	7400.5
3252.382	7367.17
3255.46	7337.83
3258.537	7369.5
3261.611	7313.17
3264.682	7276.83
3267.751	7261.17
3270.818	7238.17
3273.882	7184.83
3276.943	7159.17
3280.002	7097.17
3283.059	7041.83
3286.113	6958.17
3289.165	6869.17
3292.214	6790.17
3295.261	6689.83
3298.306	6591.17
3301.348	6516.83
3304.387	6437.17
3307.425	6366.17
3310.459	6298.83
3313.492	6234.83
3316.521	6162.5
3319.549	6117.5
3322.574	6072.5
3325.597	6047.17
3328.617	6009.83
3331.635	5985.83
3334.65	5953.5
3337.663	5935.83
3340.674	5916.5
3343.682	5890.83
3346.688	5898.5
3349.691	5879.5
3352.692	5839.17
3355.691	5830.5
3358.687	5790.17
3361.681	5740.83
3364.673	5698.5
3367.662	5641.83
3370.649	5573.17
3373.633	5503.17
3376.615	5444.5
3379.595	5382.5
3382.572	5333.83
3385.547	5279.5
3388.52	5211.83
3391.49	5183.17
3394.458	5110.83
3397.424	5063.5
3400.387	5016.83
3403.348	4971.17
3406.307	4937.17
3409.263	4891.17
3412.217	4868.5
3415.168	4825.5
3418.118	4800.83
3421.065	4727.83
3424.009	4680.17
3426.951	4636.17
3429.891	4572.5
3432.829	4521.83
3435.764	4460.83
3438.697	4365.17
3441.628	4287.83
3444.557	4194.83
3447.483	4105.5
3450.407	4036.17
3453.328	3930.5
3456.247	3843.83
3459.164	3759.5
3462.079	3671.5
3464.991	3577.5
3467.902	3492.83
3470.809	3413.5
3473.715	3345.83
3476.618	3264.5
3479.519	3186.5
3482.418	3121.5
3485.315	3066.83
3488.209	2990.5
3491.101	2933.83
3493.99	2871.17
3496.878	2804.17
3499.763	2740.83
3502.646	2682.83
3505.527	2616.5
3508.405	2537.5
3511.281	2471.17
3514.155	2384.17
3517.027	2320.5
3519.897	2243.17
3522.764	2170.17
3525.629	2095.5
3528.492	2014.83
3531.352	1937.83
3534.211	1871.83
3537.067	1801.5
3539.921	1732.83
3542.773	1677.83
3545.622	1606.17
3548.469	1552.17
3551.315	1498.83
3554.157	1451.17
3556.998	1407.17
3559.837	1370.17
3562.673	1337.5
3565.507	1285.17
3568.339	1245.83
3571.169	1216.83
3573.996	1171.5
3576.822	1127.5
3579.645	1091.5
3582.466	1051.5
3585.285	1013.17
3588.101	977.83
3590.916	946.17
3593.728	912.83
3596.538	882.5
3599.346	844.17
3602.152	810.5
3604.956	788.83
3607.757	761.83
3610.556	720.5
3613.354	704.83
3616.149	682.83
3618.942	653.83
3621.732	632.5
3624.521	613.83
3627.307	592.17
3630.092	575.17
3632.874	559.5
3635.654	534.83
3638.432	524.83
3641.208	503.83
3643.982	486.17
3646.753	469.17
3649.523	445.17
3652.29	432.17
3655.055	419.5
3657.818	399.5
3660.579	387.5
3663.338	366.17
3666.095	357.83
3668.849	334.83
3671.602	323.5
3674.352	310.83
3677.101	296.17
3679.847	283.83
3682.591	270.5
3685.333	256.17
3688.073	249.83
3690.811	242.83
3693.547	236.83
3696.281	225.17
3699.013	214.83
3701.742	203.83
3704.47	203.83
3707.195	191.83
3709.919	184.83
3712.64	176.5
3715.359	170.17
3718.076	167.83
3720.792	156.17
3723.505	156.17
3726.216	146.83
3728.925	139.83
3731.632	139.5
3734.336	137.17
3737.039	125.17
3739.74	122.5
3742.439	117.17
3745.136	114.17
3747.83	110.83
3750.523	106.83
3753.213	100.17
3755.902	102.17
3758.589	97.17
3761.273	99.17
3763.956	90.17
3766.636	90.17
3769.315	91.5
3771.991	85.83
3774.665	81.5
3777.338	76.17
3780.008	78.83
3782.677	81.5
3785.343	77.17
3788.007	69.17
3790.67	73.17
3793.33	71.17
3795.989	65.17
3798.645	68.5
3801.299	64.5
3803.952	61.5
3806.602	58.83
3809.251	65.17
3811.897	56.83
3814.542	60.5
3817.184	56.5
3819.825	50.17
3822.463	52.5
3825.1	54.17
3827.735	52.17
3830.367	52.5
3832.998	47.83
3835.627	52.17
3838.253	45.17
3840.878	43.5
3843.501	44.5
3846.122	44.83
3848.741	40.83
3851.358	43.17
3853.973	44.17
3856.586	42.5
3859.197	40.83
3861.806	34.5
3864.414	37.5
3867.019	40.83
3869.622	39.5
3872.224	48.17
3874.823	55.5
3877.421	70.5
3880.016	85.5
3882.61	104.83
3885.202	113.83
3887.792	99.5
3890.38	71.17
3892.966	24.83
3895.55	26.83
3898.132	32.5
3900.713	27.17
3903.291	26.83
3905.868	30.17
3908.442	27.5
3911.015	28.5
3913.586	28.83
3916.155	28.5
3918.722	26.17
3921.287	25.17
3923.85	26.5
3926.411	23.83
3928.971	23.17
3931.528	20.5
3934.084	15.17
3936.638	18.17
3939.19	19.5
3941.74	22.5
3944.288	20.5
3946.834	19.83
3949.378	18.83
3951.921	19.83
3954.462	19.83
3957	26.5
3959.537	23.17
3962.072	24.5
3964.606	24.17
3967.137	23.5
3969.667	21.17
3972.194	21.5
3974.72	25.17
3977.244	29.83
3979.766	31.83
3982.286	29.83
3984.805	32.17
3987.321	33.17
3989.836	37.17
3992.349	39.5
3994.86	36.17
3997.369	35.17
3999.877	36.5
4002.382	32.17
4004.886	31.17
4007.388	34.17
4009.888	36.17
4012.386	30.17
4014.883	31.17
4017.377	30.5
4019.87	31.83
4022.361	31.17
4024.85	27.83
4027.338	28.5
4029.823	29.83
4032.307	27.5
4034.789	28.17
4037.269	30.83
4039.747	27.83
4042.224	21.83
4044.699	26.83
4047.172	24.17
4049.643	24.17
4052.112	25.17
4054.58	25.17
4057.046	24.17
4059.51	25.5
4061.972	21.5
4064.432	26.5
4066.891	25.83
4069.348	24.17
4071.803	27.17
4074.256	25.5
4076.708	23.83
4079.158	23.5
4081.606	23.17
4084.052	26.5
4086.497	24.17
4088.939	24.5
4091.38	27.83
4093.819	28.5
4096.257	3.5
4098.693	-1.5
4101.127	-1.83
4103.559	0.17
4105.989	276.5
4108.418	277.17
4110.845	304.5
4113.27	333.5
4115.694	359.83
4118.115	418.17
4120.535	27.17
4122.954	25.83
4125.37	24.83
4127.785	21.83
4130.198	24.5
4132.609	26.5
4135.019	-1.83
4137.427	1.5
4139.833	-0.17
4142.237	0.17
