160.701	491.33
166.742	659
172.777	1145.67
178.805	2671.33
184.826	6555
190.841	13522
196.849	22046.67
202.85	28315.33
208.845	30165
214.833	29357
220.815	28139
226.789	27336.67
232.758	26555.67
238.719	25745.33
244.674	24796
250.623	23770.33
256.565	22712.67
262.5	21672.33
268.429	20710.33
274.351	19880
280.267	19174.67
286.176	18512
292.079	17972.67
297.975	17438
303.865	16959.33
309.748	16550
315.625	16188
321.495	15923.67
327.359	15691.67
333.217	15536.33
339.068	15440.33
344.912	15369.67
350.751	15304.33
356.583	15309.33
362.408	15262.33
368.227	15333.33
374.04	15442
379.847	15621
385.647	15764.33
391.44	15750.33
397.228	15684
403.009	15700.67
408.784	15900.67
414.553	16352.67
420.315	16897.67
426.071	17002.33
431.821	16474
437.565	15896.33
443.302	15667.67
449.033	15534
454.758	15426
460.477	15334
466.189	15248
471.896	15136
477.596	15007.33
483.29	14931.67
488.978	14836
494.66	14709
500.335	14510.33
506.005	14276
511.668	13977.67
517.325	13688
522.977	13466
528.622	13260.33
534.261	13100
539.894	12951.33
545.521	12836.33
551.141	12737.67
556.756	12649.67
562.365	12564
567.968	12454.67
573.565	12384.33
579.155	12308
584.74	12187
590.319	12096.67
595.892	11953
601.459	11893.33
607.02	11764.33
612.575	11646.67
618.124	11518.67
623.667	11377
629.204	11304.33
634.735	11255
640.261	11255.67
645.781	11343.67
651.294	11384
656.802	11211.33
662.304	10959.33
667.8	10798
673.29	10707.33
678.775	10614.33
684.254	10518
689.726	10460.33
695.193	10405.67
700.655	10272
706.11	10187.67
711.56	10104
717.004	10028.67
722.442	9956.67
727.874	9925
733.301	9896
738.722	9884.33
744.137	9813
749.547	9771.33
754.951	9749.67
760.349	9670.33
765.741	9579.33
771.128	9501.67
776.509	9449
781.885	9428.33
787.254	9389.67
792.618	9300.33
797.977	9215.33
803.33	9095.67
808.677	9017.33
814.019	8889.33
819.355	8760.33
824.686	8670
830.011	8573
835.33	8507.67
840.644	8428.33
845.952	8377
851.255	8315.67
856.552	8248
861.844	8158
867.13	8093.67
872.41	8002.67
877.686	7907.67
882.955	7793.67
888.219	7646.33
893.478	7535
898.731	7403.33
903.979	7289.67
909.221	7201
914.458	7149.67
919.69	7073
924.916	7080.67
930.136	7023.67
935.351	7010
940.561	6981
945.766	6934.33
950.965	6874
956.158	6820.33
961.347	6724
966.529	6636.33
971.707	6531.67
976.879	6428.33
982.046	6356.33
987.208	6333
992.364	6287
997.515	6322.33
1002.66	6329
1007.801	6362.67
1012.936	6428.67
1018.066	6444
1023.19	6467.33
1028.309	6487
1033.423	6434.33
1038.532	6421
1043.636	6348.67
1048.734	6290.67
1053.827	6211.67
1058.915	6156
1063.998	6102.33
1069.075	6110.67
1074.147	6076.67
1079.214	6109.67
1084.276	6128.67
1089.333	6162.33
1094.385	6169.33
1099.431	6197.67
1104.472	6188
1109.509	6170
1114.54	6090
1119.565	6023.33
1124.586	5928.33
1129.602	5879.67
1134.613	5830.33
1139.618	5821
1144.619	5813.67
1149.614	5845
1154.604	5855
1159.589	5861
1164.57	5886
1169.545	5907
1174.515	5917
1179.48	5862.33
1184.44	5849.67
1189.395	5782.33
1194.345	5761.33
1199.29	5732
1204.23	5743.67
1209.165	5756.67
1214.095	5786.67
1219.021	5825
1223.941	5871.33
1228.856	5892
1233.766	5914.33
1238.672	5893.67
1243.572	5876.33
1248.467	5840.67
1253.358	5767.67
1258.244	5676.67
1263.124	5594.67
1268	5520
1272.871	5456
1277.737	5416
1282.599	5402
1287.455	5400.33
1292.306	5429.33
1297.153	5457
1301.995	5514
1306.832	5525
1311.664	5540
1316.491	5528.33
1321.314	5518.67
1326.132	5466.33
1330.945	5423.33
1335.753	5391.67
1340.556	5373.67
1345.354	5344.33
1350.148	5306.67
1354.937	5286
1359.722	5230
1364.501	5174.67
1369.276	5163.33
1374.046	5093.67
1378.811	5088
1383.572	5011
1388.327	4974.33
1393.079	4897.33
1397.825	4838
1402.567	4770.33
1407.304	4730
1412.036	4695
1416.764	4694
1421.487	4721.67
1426.205	4737
1430.919	4751.33
1435.628	4805
1440.333	4859.67
1445.032	4874.33
1449.727	4941.67
1454.418	4947
1459.104	4972
1463.785	4968.67
1468.462	4964.33
1473.134	4945.33
1477.802	4962.67
1482.465	4984
1487.123	5001.67
1491.777	5043.67
1496.426	5101.67
1501.071	5141.33
1505.711	5222.33
1510.347	5250.33
1514.978	5295.67
1519.604	5307.67
1524.226	5315.67
1528.844	5256
1533.457	5233
1538.065	5195
1542.669	5183.67
1547.269	5166
1551.864	5157.33
1556.454	5208.67
1561.041	5257.33
1565.622	5308.67
1570.199	5370.67
1574.772	5467.67
1579.34	5599
1583.904	5741
1588.464	5877
1593.019	5952
1597.569	6078.33
1602.115	6181.33
1606.657	6280.33
1611.195	6379.67
1615.728	6491.33
1620.256	6618
1624.78	6745
1629.3	6887
1633.816	7028.67
1638.327	7133.67
1642.834	7253.67
1647.336	7331
1651.834	7336.67
1656.328	7332
1660.817	7292.33
1665.302	7179.67
1669.783	7023.33
1674.259	6853.33
1678.732	6648
1683.199	6468.33
1687.663	6245.67
1692.122	6033.67
1696.577	5768.33
1701.028	5524.67
1705.474	5284
1709.917	5056
1714.355	4852
1718.788	4680.33
1723.218	4547.33
1727.643	4392.67
1732.064	4267
1736.481	4148.67
1740.893	3988.67
1745.301	3863.33
1749.705	3729.67
1754.105	3632
1758.501	3532.67
1762.893	3460.67
1767.28	3407.67
1771.663	3386
1776.042	3383.33
1780.417	3391
1784.787	3416.67
1789.154	3429
1793.516	3432.67
1797.874	3389
1802.228	3332.67
1806.578	3246
1810.924	3155
1815.266	3117.33
1819.603	3017.33
1823.937	2965.33
1828.266	2913
1832.591	2896.33
1836.913	2893.33
1841.23	2869.33
1845.543	2878.67
1849.852	2883.33
1854.156	2889.67
1858.457	2912
1862.754	2920.67
1867.047	2959.67
1871.335	2973.33
1875.62	2972
1879.9	3005.33
1884.177	3013
1888.449	3019
1892.718	3033.33
1896.982	3028.33
1901.243	3040.67
1905.499	3060.67
1909.752	3064
1914	3084.33
1918.245	3100.67
1922.485	3146.67
1926.722	3158.67
1930.954	3174
1935.183	3183.33
1939.408	3187.33
1943.628	3172.33
1947.845	3143.33
1952.058	3111.33
1956.267	3046
1960.472	2999.67
1964.673	2940.67
1968.87	2884.67
1973.063	2851.33
1977.252	2812.67
1981.438	2804.67
1985.619	2800.67
1989.797	2781.33
1993.971	2792
1998.14	2789.67
2002.306	2810.33
2006.469	2822.67
2010.627	2833
2014.781	2835.33
2018.932	2852.67
2023.078	2845.67
2027.221	2853
2031.36	2832
2035.495	2823
2039.627	2824
2043.754	2818.67
2047.878	2827.67
2051.998	2835.67
2056.114	2873.33
2060.226	2886
2064.334	2909
2068.439	2956.33
2072.54	2972.67
2076.637	3012
2080.73	3038.33
2084.82	3042.33
2088.906	3062.67
2092.988	3039
2097.066	3018.33
2101.14	2998
2105.211	2972
2109.278	2933.67
2113.342	2896.33
2117.401	2851
2121.457	2827.67
2125.509	2799
2129.558	2778
2133.602	2747.67
2137.643	2723.33
2141.681	2700.33
2145.714	2683.67
2149.744	2666.67
2153.77	2638.67
2157.793	2615.33
2161.812	2576.33
2165.827	2544.67
2169.838	2505.33
2173.846	2467.33
2177.851	2431.33
2181.851	2391.67
2185.848	2352
2189.841	2337.33
2193.831	2313.67
2197.817	2287.33
2201.799	2276.33
2205.778	2258
2209.753	2249
2213.725	2231.67
2217.693	2211
2221.657	2189
2225.618	2188.67
2229.575	2157.67
2233.529	2135.33
2237.479	2090.33
2241.425	2073.33
2245.368	2046
2249.307	2017.33
2253.243	1992
2257.175	1945.33
2261.104	1921.67
2265.029	1891.67
2268.95	1866.67
2272.868	1829.67
2276.783	1801.67
2280.694	1783.67
2284.601	1748.67
2288.505	1735.67
2292.405	1721.33
2296.302	1685
2300.195	1656.67
2304.085	1631.33
2307.971	1596.33
2311.854	1579.67
2315.734	1552.33
2319.609	1524
2323.482	1491
2327.351	1484
2331.216	1489
2335.078	1481
2338.937	1454.67
2342.792	1430.33
2346.643	1409.33
2350.492	1416
2354.336	1411
2358.178	1410
2362.015	1404.33
2365.85	1398
2369.681	1408.67
2373.508	1390.67
2377.333	1386
2381.153	1387.33
2384.971	1377.33
2388.785	1369.67
2392.595	1358.67
2396.402	1350.33
2400.206	1346.33
2404.007	1346.33
2407.804	1337.67
2411.597	1324
2415.388	1323
2419.174	1318.33
2422.958	1310.33
2426.738	1293
2430.515	1292.33
2434.289	1285.33
2438.059	1287.33
2441.825	1284.67
2445.589	1273.33
2449.349	1262
2453.106	1252.67
2456.859	1244.67
2460.61	1241.67
2464.356	1227
2468.1	1221.33
2471.84	1216
2475.577	1210.67
2479.311	1208.67
2483.041	1209.67
2486.768	1211.33
2490.492	1211.33
2494.213	1218.33
2497.93	1213.67
2501.644	1216.33
2505.355	1208.33
2509.062	1211.67
2512.766	1212.33
2516.467	1208
2520.165	1207
2523.859	1205.33
2527.551	1199
2531.239	1195.33
2534.923	1192.67
2538.605	1197.67
2542.283	1188.33
2545.958	1174.33
2549.63	1174.67
2553.299	1173.67
2556.964	1175
2560.626	1159.67
2564.285	1158.33
2567.941	1150.33
2571.594	1142.67
2575.243	1132.33
2578.89	1118.33
2582.533	1106.67
2586.173	1101.33
2589.809	1092
2593.443	1088.67
2597.073	1066.67
2600.701	1050.67
2604.325	1046.67
2607.946	1041.67
2611.564	1041
2615.178	1026
2618.79	1021
2622.398	1011
2626.004	1009
2629.606	996.33
2633.205	988.67
2636.801	982
2640.394	975
2643.983	962
2647.57	963
2651.153	957.33
2654.734	952.33
2658.311	939.67
2661.885	946.33
2665.456	936.33
2669.025	935.67
2672.589	930
2676.151	932.67
2679.71	928
2683.266	925.33
2686.819	914
2690.368	922
2693.915	899
2697.458	909
2700.999	904.67
2704.536	892.67
2708.071	894.67
2711.602	893.33
2715.13	897.67
2718.656	902.67
2722.178	910.33
2725.697	909.33
2729.214	928.33
2732.727	945
2736.237	950.67
2739.744	965
2743.249	973
2746.75	969.33
2750.248	978.33
2753.743	970.67
2757.236	966.67
2760.725	960
2764.211	942.67
2767.695	947.33
2771.175	939.33
2774.652	941
2778.127	941
2781.598	941.33
2785.067	948
2788.532	956.33
2791.995	962
2795.455	970
2798.911	984.33
2802.365	1005.33
2805.816	1017.67
2809.264	1031.67
2812.709	1040
2816.151	1046.33
2819.59	1061
2823.026	1068.67
2826.46	1076.33
2829.89	1090.33
2833.318	1095.67
2836.742	1102.67
2840.164	1116
2843.583	1122.33
2846.999	1143
2850.412	1159.33
2853.822	1169.67
2857.229	1185.33
2860.634	1196
2864.035	1204
2867.434	1233.67
2870.83	1246.67
2874.223	1258.67
2877.613	1269.33
2881	1277.67
2884.385	1297.33
2887.766	1299.67
2891.145	1311.33
2894.521	1325
2897.894	1349
2901.264	1353.67
2904.631	1368
2907.996	1389.33
2911.358	1422
2914.717	1419
2918.073	1458.67
2921.426	1482.33
2924.777	1514
2928.124	1534
2931.469	1582.33
2934.811	1612.67
2938.15	1643.67
2941.487	1668.67
2944.821	1702
2948.152	1753.33
2951.48	1774.33
2954.805	1813
2958.128	1839.67
2961.447	1885.67
2964.765	1925
2968.079	1957.67
2971.39	2002
2974.699	2069.33
2978.005	2128.33
2981.308	2187.67
2984.609	2247.67
2987.907	2299
2991.202	2360
2994.494	2432.33
2997.784	2480.67
3001.07	2552.67
3004.355	2604.33
3007.636	2660
3010.915	2717
3014.191	2764.33
3017.464	2813.67
3020.734	2838
3024.002	2908.67
3027.267	2960
3030.53	3013.67
3033.789	3080
3037.046	3160
3040.301	3236
3043.552	3305
3046.801	3383.33
3050.048	3474.67
3053.291	3592.67
3056.532	3676.67
3059.771	3803.33
3063.006	3924.33
3066.239	4035.67
3069.469	4158.33
3072.697	4275
3075.922	4406
3079.144	4497.67
3082.364	4629.67
3085.581	4730.67
3088.795	4848.67
3092.007	4943
3095.216	5086.67
3098.423	5188
3101.627	5298.33
3104.828	5432.33
3108.026	5554.67
3111.222	5683.33
3114.416	5807.33
3117.607	5936
3120.795	6082
3123.98	6214.33
3127.163	6358.67
3130.344	6487
3133.521	6638
3136.696	6783
3139.869	6918.33
3143.039	7025.67
3146.206	7128
3149.371	7238
3152.533	7309.33
3155.693	7368.33
3158.85	7409.67
3162.005	7466
3165.157	7502
3168.306	7523.67
3171.453	7561
3174.597	7584.67
3177.739	7630.33
3180.878	7663.33
3184.014	7704.67
3187.149	7728.33
3190.28	7771
3193.409	7796
3196.536	7813
3199.659	7856.33
3202.781	7884
3205.9	7909.33
3209.016	7924.67
3212.13	7928
3215.241	7907.33
3218.35	7849.67
3221.456	7839
3224.56	7767.67
3227.661	7736.33
3230.76	7680
3233.856	7623
3236.95	7588
3240.041	7535.67
3243.13	7507.67
3246.216	7482.67
3249.3	7460
3252.382	7431
3255.46	7378.67
3258.537	7393.67
3261.611	7347
3264.682	7315.33
3267.751	7289
3270.818	7287.33
3273.882	7231.33
3276.943	7169.67
3280.002	7166.33
3283.059	7053.33
3286.113	6996.33
3289.165	6906.67
3292.214	6807.67
3295.261	6723.67
3298.306	6623.33
3301.348	6531.33
3304.387	6435
3307.425	6360
3310.459	6299.67
3313.492	6248.67
3316.521	6173.67
3319.549	6136.67
3322.574	6065
3325.597	6045.67
3328.617	6005.33
3331.635	6007
3334.65	5963
3337.663	5935.67
3340.674	5934.67
3343.682	5905.33
3346.688	5900
3349.691	5882
3352.692	5873
3355.691	5828
3358.687	5797
3361.681	5748
3364.673	5677
3367.662	5638.67
3370.649	5563
3373.633	5530.33
3376.615	5452.67
3379.595	5404
3382.572	5361.67
3385.547	5271.67
3388.52	5219.67
3391.49	5184.33
3394.458	5116.67
3397.424	5079.67
3400.387	5017.33
3403.348	4983
3406.307	4943.67
3409.263	4913
3412.217	4877.33
3415.168	4834.33
3418.118	4768
3421.065	4735.33
3424.009	4692.67
3426.951	4656
3429.891	4597.67
3432.829	4514.67
3435.764	4450
3438.697	4378
3441.628	4299
3444.557	4212.67
3447.483	4114
3450.407	4041
3453.328	3942.33
3456.247	3853.33
3459.164	3770
3462.079	3698.33
3464.991	3593
3467.902	3510.67
3470.809	3430.33
3473.715	3357.33
3476.618	3263.33
3479.519	3202.67
3482.418	3129.33
3485.315	3079.67
3488.209	3008.33
3491.101	2942.33
3493.99	2889.33
3496.878	2829
3499.763	2753.33
3502.646	2696
3505.527	2624.67
3508.405	2563.67
3511.281	2482
3514.155	2405.33
3517.027	2322.67
3519.897	2261
3522.764	2167.33
3525.629	2108
3528.492	2041
3531.352	1950.33
3534.211	1886
3537.067	1816
3539.921	1746.67
3542.773	1688
3545.622	1626
3548.469	1569.33
3551.315	1515
3554.157	1472.67
3556.998	1426
3559.837	1377.67
3562.673	1322
3565.507	1310.33
3568.339	1253
3571.169	1218.33
3573.996	1176.67
3576.822	1148.33
3579.645	1108
3582.466	1065.33
3585.285	1026
3588.101	981.67
3590.916	956.67
3593.728	929
3596.538	891.33
3599.346	853.33
3602.152	823.67
3604.956	784.67
3607.757	760
3610.556	733.33
3613.354	711
3616.149	684.67
3618.942	657.67
3621.732	638.33
3624.521	624
3627.307	597
3630.092	582.67
3632.874	561.67
3635.654	536.67
3638.432	528.33
3641.208	510.33
3643.982	489.67
3646.753	473
3649.523	453.67
3652.29	442.33
3655.055	414.67
3657.818	403
3660.579	385.67
3663.338	372.33
3666.095	355.33
3668.849	344.33
3671.602	326.33
3674.352	314
3677.101	299.67
3679.847	286.67
3682.591	274.33
3685.333	262.33
3688.073	255
3690.811	241
3693.547	236.67
3696.281	225
3699.013	215.33
3701.742	209.33
3704.47	199.33
3707.195	190
3709.919	183
3712.64	179.33
3715.359	170
3718.076	165.67
3720.792	156.33
3723.505	150.33
3726.216	144.67
3728.925	140
3731.632	135.67
3734.336	136.67
3737.039	128.33
3739.74	120.33
3742.439	118.33
3745.136	114.33
3747.83	108.33
3750.523	111.67
3753.213	86
3755.902	105.67
3758.589	97.67
3761.273	101.33
3763.956	95.33
3766.636	94.33
3769.315	93.67
3771.991	86.67
3774.665	83.33
3777.338	78.33
3780.008	85
3782.677	78
3785.343	80
3788.007	70
3790.67	72.33
3793.33	70.33
3795.989	68.67
3798.645	64
3801.299	65
3803.952	61.33
3806.602	59.33
3809.251	61.33
3811.897	57.33
3814.542	56.33
3817.184	59
3819.825	55.33
3822.463	51.67
3825.1	52
3827.735	54.33
3830.367	50.67
3832.998	47.33
3835.627	49.67
3838.253	50
3840.878	42.67
3843.501	44.67
3846.122	42.67
3848.741	45.33
3851.358	44.67
3853.973	46
3856.586	44.33
3859.197	43
3861.806	41.33
3864.414	36.67
3867.019	46
3869.622	37.67
3872.224	46
3874.823	57.67
3877.421	64.67
3880.016	86.33
3882.61	100.67
3885.202	113
3887.792	95
3890.38	66.33
3892.966	21.33
3895.55	28
3898.132	27.67
3900.713	28
3903.291	24.33
3905.868	27.33
3908.442	25.33
3911.015	29
3913.586	24
3916.155	27.67
3918.722	22.67
3921.287	23.67
3923.85	19.33
3926.411	26.67
3928.971	21
3931.528	19
3934.084	21
3936.638	18.67
3939.19	23
3941.74	18.67
3944.288	23.67
3946.834	22.67
3949.378	21.33
3951.921	22.33
3954.462	22.67
3957	24
3959.537	23.33
3962.072	27.33
3964.606	25
3967.137	27.33
3969.667	21.67
3972.194	24.67
3974.72	26
3977.244	31.67
3979.766	32.33
3982.286	25.33
3984.805	31.33
3987.321	33.67
3989.836	35.33
3992.349	37.67
3994.86	38.33
3997.369	30
3999.877	34
4002.382	31
4004.886	31.33
4007.388	30.67
4009.888	35.67
4012.386	32
4014.883	31.67
4017.377	32.67
4019.87	28.33
4022.361	33
4024.85	30
4027.338	32.67
4029.823	33
4032.307	26.33
4034.789	27
4037.269	31
4039.747	26.33
4042.224	25.33
4044.699	28
4047.172	18
4049.643	24.33
4052.112	28.33
4054.58	24
4057.046	28.67
4059.51	23.33
4061.972	22.33
4064.432	26.67
4066.891	25.67
4069.348	25
4071.803	25
4074.256	25.33
4076.708	25
4079.158	24.67
4081.606	26.33
4084.052	22
4086.497	26.33
4088.939	24.67
4091.38	27.33
4093.819	27.67
4096.257	4
4098.693	1
4101.127	0
4103.559	0.67
4105.989	271.33
4108.418	282.67
4110.845	310
4113.27	331
4115.694	359.33
4118.115	421.33
4120.535	26.67
4122.954	24.67
4125.37	25
4127.785	22.67
4130.198	25.33
4132.609	24.67
4135.019	-2.67
4137.427	0.33
4139.833	-0.67
4142.237	-2.67
