160.701	569.92
166.742	747.25
172.777	1272.92
178.805	2921.92
184.826	7119.58
190.841	14716.58
196.849	24013.58
202.85	30841.58
208.845	32876.58
214.833	32017.25
220.815	30654.25
226.789	29768.58
232.758	28835.92
238.719	27977.92
244.674	26903.25
250.623	25766.25
256.565	24600.58
262.5	23419.92
268.429	22370.25
274.351	21466.92
280.267	20608.92
286.176	19894.92
292.079	19226.58
297.975	18649.25
303.865	18138.92
309.748	17694.92
315.625	17327.58
321.495	17019.58
327.359	16774.92
333.217	16621.92
339.068	16536.92
344.912	16423.58
350.751	16368.25
356.583	16324.58
362.408	16362.25
368.227	16394.58
374.04	16512.58
379.847	16695.58
385.647	16826.25
391.44	16851.25
397.228	16729.92
403.009	16792.92
408.784	17014.58
414.553	17490.92
420.315	18118.25
426.071	18252.58
431.821	17631.58
437.565	17032.25
443.302	16820.92
449.033	16643.92
454.758	16530.92
460.477	16372.92
466.189	16285.25
471.896	16164.92
477.596	16062.58
483.29	15960.92
488.978	15873.92
494.66	15742.58
500.335	15509.92
506.005	15226.58
511.668	14914.58
517.325	14602.25
522.977	14302.25
528.622	14117.92
534.261	13911.58
539.894	13751.58
545.521	13605.25
551.141	13463.92
556.756	13425.58
562.365	13316.58
567.968	13191.58
573.565	13099.25
579.155	12985.25
584.74	12917.92
590.319	12799.92
595.892	12643.25
601.459	12572.25
607.02	12472.58
612.575	12315.25
618.124	12183.25
623.667	12064.25
629.204	11937.92
634.735	11876.25
640.261	11899.25
645.781	12010.58
651.294	12058.58
656.802	11868.58
662.304	11583.58
667.8	11380.92
673.29	11294.58
678.775	11204.25
684.254	11091.92
689.726	11024.58
695.193	10933.25
700.655	10826.25
706.11	10706.92
711.56	10621.58
717.004	10533.25
722.442	10443.25
727.874	10385.92
733.301	10288.25
738.722	10241.58
744.137	10224.58
749.547	10176.92
754.951	10193.92
760.349	10124.58
765.741	10042.92
771.128	9958.92
776.509	9924.25
781.885	9871.58
787.254	9839.58
792.618	9774.58
797.977	9651.58
803.33	9563.25
808.677	9447.58
814.019	9333.92
819.355	9210.92
824.686	9065.92
830.011	8980.58
835.33	8909.25
840.644	8849.58
845.952	8768.25
851.255	8661.58
856.552	8615.25
861.844	8508.92
867.13	8434.58
872.41	8314.58
877.686	8220.58
882.955	8071.25
888.219	7914.92
893.478	7815.58
898.731	7695.92
903.979	7565.92
909.221	7463.58
914.458	7398.25
919.69	7350.92
924.916	7318.58
930.136	7279.92
935.351	7264.92
940.561	7232.58
945.766	7154.92
950.965	7110.25
956.158	7030.25
961.347	6935.58
966.529	6836.25
971.707	6723.58
976.879	6635.58
982.046	6548.58
987.208	6486.25
992.364	6490.25
997.515	6511.92
1002.66	6523.58
1007.801	6569.58
1012.936	6618.25
1018.066	6631.58
1023.19	6658.25
1028.309	6646.25
1033.423	6640.92
1038.532	6599.25
1043.636	6531.92
1048.734	6468.92
1053.827	6381.25
1058.915	6344.92
1063.998	6285.92
1069.075	6267.92
1074.147	6266.58
1079.214	6274.92
1084.276	6294.25
1089.333	6336.58
1094.385	6354.58
1099.431	6374.92
1104.472	6372.92
1109.509	6318.58
1114.54	6266.25
1119.565	6188.25
1124.586	6094.92
1129.602	6037.58
1134.613	5984.58
1139.618	5979.58
1144.619	5951.58
1149.614	5996.58
1154.604	6017.25
1159.589	6026.92
1164.57	6027.58
1169.545	6068.25
1174.515	6053.58
1179.48	6028.92
1184.44	5974.58
1189.395	5967.92
1194.345	5901.92
1199.29	5902.92
1204.23	5884.92
1209.165	5890.25
1214.095	5943.58
1219.021	5966.92
1223.941	6008.58
1228.856	6005.58
1233.766	6031.25
1238.672	6055.58
1243.572	6016.58
1248.467	5975.58
1253.358	5917.92
1258.244	5838.25
1263.124	5743.25
1268	5658.58
1272.871	5593.58
1277.737	5544.92
1282.599	5531.58
1287.455	5507.25
1292.306	5546.25
1297.153	5573.92
1301.995	5611.92
1306.832	5632.25
1311.664	5655.92
1316.491	5660.25
1321.314	5624.25
1326.132	5574.25
1330.945	5545.92
1335.753	5485.58
1340.556	5450.25
1345.354	5402.58
1350.148	5349.92
1354.937	5315.92
1359.722	5242.25
1364.501	5173.92
1369.276	5106.92
1374.046	5051.25
1378.811	5002.25
1383.572	4961.58
1388.327	4909.58
1393.079	4887.58
1397.825	4839.25
1402.567	4812.25
1407.304	4798.25
1412.036	4771.25
1416.764	4767.92
1421.487	4779.58
1426.205	4795.92
1430.919	4836.92
1435.628	4890.25
1440.333	4933.92
1445.032	4967.58
1449.727	5000.92
1454.418	5016.58
1459.104	5004.25
1463.785	4987.92
1468.462	4969.58
1473.134	4944.25
1477.802	4953.25
1482.465	4948.58
1487.123	4953.25
1491.777	4992.58
1496.426	5024.92
1501.071	5072.25
1505.711	5130.58
1510.347	5151.58
1514.978	5191.58
1519.604	5211.25
1524.226	5199.25
1528.844	5174.92
1533.457	5136.58
1538.065	5144.92
1542.669	5113.25
1547.269	5127.25
1551.864	5156.92
1556.454	5209.92
1561.041	5293.25
1565.622	5357.58
1570.199	5453.25
1574.772	5578.25
1579.34	5717.25
1583.904	5853.92
1588.464	6008.92
1593.019	6154.25
1597.569	6273.58
1602.115	6398.58
1606.657	6498.25
1611.195	6603.92
1615.728	6752.58
1620.256	6882.58
1624.78	7044.92
1629.3	7184.25
1633.816	7341.58
1638.327	7459.92
1642.834	7561.58
1647.336	7646.58
1651.834	7669.25
1656.328	7625.92
1660.817	7560.92
1665.302	7426.92
1669.783	7272.25
1674.259	7039.92
1678.732	6837.92
1683.199	6582.92
1687.663	6332.25
1692.122	6074.92
1696.577	5787.25
1701.028	5483.92
1705.474	5207.58
1709.917	4943.58
1714.355	4736.58
1718.788	4538.58
1723.218	4435.92
1727.643	4289.58
1732.064	4146.58
1736.481	3998.25
1740.893	3865.58
1745.301	3727.58
1749.705	3592.92
1754.105	3464.25
1758.501	3374.58
1762.893	3279.25
1767.28	3230.25
1771.663	3175.58
1776.042	3158.25
1780.417	3158.92
1784.787	3151.25
1789.154	3149.92
1793.516	3126.25
1797.874	3074.92
1802.228	3000.25
1806.578	2920.58
1810.924	2848.25
1815.266	2776.92
1819.603	2730.25
1823.937	2701.25
1828.266	2684.25
1832.591	2667.25
1836.913	2649.25
1841.23	2662.92
1845.543	2661.25
1849.852	2674.92
1854.156	2685.58
1858.457	2706.25
1862.754	2714.58
1867.047	2727.92
1871.335	2736.58
1875.62	2743.25
1879.9	2751.92
1884.177	2773.25
1888.449	2763.58
1892.718	2755.25
1896.982	2769.58
1901.243	2771.58
1905.499	2760.25
1909.752	2770.92
1914	2786.92
1918.245	2793.25
1922.485	2811.92
1926.722	2828.58
1930.954	2850.92
1935.183	2838.58
1939.408	2851.58
1943.628	2828.92
1947.845	2815.92
1952.058	2773.58
1956.267	2735.92
1960.472	2697.92
1964.673	2655.58
1968.87	2630.92
1973.063	2593.92
1977.252	2590.58
1981.438	2577.58
1985.619	2571.25
1989.797	2575.58
1993.971	2600.92
1998.14	2609.92
2002.306	2626.58
2006.469	2650.92
2010.627	2663.58
2014.781	2681.25
2018.932	2700.58
2023.078	2706.58
2027.221	2704.58
2031.36	2688.58
2035.495	2685.58
2039.627	2683.25
2043.754	2679.92
2047.878	2699.92
2051.998	2700.58
2056.114	2730.25
2060.226	2741.58
2064.334	2773.92
2068.439	2795.25
2072.54	2813.58
2076.637	2853.25
2080.73	2875.25
2084.82	2890.92
2088.906	2894.58
2092.988	2894.92
2097.066	2868.25
2101.14	2832.58
2105.211	2819.25
2109.278	2792.92
2113.342	2757.92
2117.401	2722.25
2121.457	2692.25
2125.509	2676.58
2129.558	2659.92
2133.602	2627.25
2137.643	2613.92
2141.681	2597.58
2145.714	2587.25
2149.744	2567.92
2153.77	2538.25
2157.793	2520.25
2161.812	2488.58
2165.827	2461.58
2169.838	2431.25
2173.846	2386.25
2177.851	2357.25
2181.851	2315.25
2185.848	2278.25
2189.841	2258.92
2193.831	2224.92
2197.817	2211.58
2201.799	2193.58
2205.778	2169.25
2209.753	2173.92
2213.725	2150.92
2217.693	2145.25
2221.657	2120.58
2225.618	2105.92
2229.575	2086.92
2233.529	2067.58
2237.479	2036.25
2241.425	2001.58
2245.368	1981.58
2249.307	1948.58
2253.243	1917.25
2257.175	1887.25
2261.104	1858.58
2265.029	1823.92
2268.95	1801.92
2272.868	1775.92
2276.783	1757.58
2280.694	1724.25
2284.601	1696.92
2288.505	1671.25
2292.405	1648.25
2296.302	1637.92
2300.195	1605.92
2304.085	1584.25
2307.971	1552.25
2311.854	1532.25
2315.734	1501.92
2319.609	1481.92
2323.482	1457.25
2327.351	1451.25
2331.216	1451.25
2335.078	1455.25
2338.937	1423.92
2342.792	1400.25
2346.643	1390.25
2350.492	1390.25
2354.336	1382.92
2358.178	1391.92
2362.015	1377.92
2365.85	1378.58
2369.681	1380.25
2373.508	1380.25
2377.333	1372.58
2381.153	1373.25
2384.971	1363.25
2388.785	1359.25
2392.595	1351.25
2396.402	1334.25
2400.206	1326.92
2404.007	1330.25
2407.804	1321.58
2411.597	1313.92
2415.388	1315.58
2419.174	1306.58
2422.958	1302.25
2426.738	1293.58
2430.515	1293.25
2434.289	1285.92
2438.059	1270.92
2441.825	1268.58
2445.589	1257.92
2449.349	1259.25
2453.106	1242.58
2456.859	1229.92
2460.61	1217.58
2464.356	1219.25
2468.1	1205.92
2471.84	1203.58
2475.577	1195.92
2479.311	1183.25
2483.041	1190.92
2486.768	1189.25
2490.492	1197.92
2494.213	1180.58
2497.93	1191.25
2501.644	1194.25
2505.355	1193.25
2509.062	1175.58
2512.766	1178.25
2516.467	1175.92
2520.165	1171.92
2523.859	1173.25
2527.551	1161.25
2531.239	1148.92
2534.923	1153.58
2538.605	1154.58
2542.283	1147.92
2545.958	1145.92
2549.63	1135.58
2553.299	1126.92
2556.964	1125.92
2560.626	1123.92
2564.285	1119.58
2567.941	1112.58
2571.594	1100.58
2575.243	1099.58
2578.89	1074.25
2582.533	1077.25
2586.173	1069.92
2589.809	1047.92
2593.443	1050.58
2597.073	1033.92
2600.701	1027.92
2604.325	1014.92
2607.946	1012.58
2611.564	1004.25
2615.178	1003.58
2618.79	1001.92
2622.398	993.25
2626.004	981.58
2629.606	980.25
2633.205	972.92
2636.801	970.58
2640.394	954.92
2643.983	959.25
2647.57	949.25
2651.153	938.58
2654.734	942.25
2658.311	930.92
2661.885	930.92
2665.456	924.92
2669.025	936.58
2672.589	917.92
2676.151	919.25
2679.71	921.92
2683.266	922.58
2686.819	909.58
2690.368	913.25
2693.915	900.58
2697.458	898.25
2700.999	901.58
2704.536	892.58
2708.071	888.25
2711.602	888.25
2715.13	885.58
2718.656	894.58
2722.178	897.92
2725.697	901.58
2729.214	912.92
2732.727	926.58
2736.237	932.58
2739.744	948.92
2743.249	955.25
2746.75	951.92
2750.248	953.58
2753.743	960.58
2757.236	942.58
2760.725	939.58
2764.211	934.25
2767.695	930.25
2771.175	937.58
2774.652	929.58
2778.127	931.92
2781.598	932.92
2785.067	950.58
2788.532	954.58
2791.995	976.58
2795.455	981.25
2798.911	990.25
2802.365	1010.92
2805.816	1024.58
2809.264	1043.58
2812.709	1044.25
2816.151	1060.58
2819.59	1076.92
2823.026	1083.92
2826.46	1099.92
2829.89	1104.58
2833.318	1127.92
2836.742	1129.92
2840.164	1146.58
2843.583	1157.25
2846.999	1181.92
2850.412	1193.25
2853.822	1207.92
2857.229	1233.25
2860.634	1251.25
2864.035	1262.92
2867.434	1290.58
2870.83	1292.92
2874.223	1321.58
2877.613	1329.58
2881	1340.58
2884.385	1354.58
2887.766	1378.92
2891.145	1385.58
2894.521	1413.25
2897.894	1429.58
2901.264	1443.58
2904.631	1457.92
2907.996	1476.25
2911.358	1504.92
2914.717	1525.58
2918.073	1561.25
2921.426	1586.25
2924.777	1611.25
2928.124	1652.58
2931.469	1688.58
2934.811	1727.92
2938.15	1768.58
2941.487	1811.92
2944.821	1853.25
2948.152	1871.25
2951.48	1920.58
2954.805	1957.58
2958.128	1998.92
2961.447	2048.92
2964.765	2101.58
2968.079	2154.58
2971.39	2200.25
2974.699	2259.92
2978.005	2327.25
2981.308	2383.92
2984.609	2453.58
2987.907	2532.58
2991.202	2601.92
2994.494	2675.58
2997.784	2737.92
3001.07	2813.25
3004.355	2875.58
3007.636	2942.92
3010.915	2999.25
3014.191	3053.25
3017.464	3115.58
3020.734	3158.25
3024.002	3227.58
3027.267	3279.25
3030.53	3348.25
3033.789	3423.92
3037.046	3493.25
3040.301	3588.25
3043.552	3670.92
3046.801	3767.58
3050.048	3882.92
3053.291	4006.25
3056.532	4109.58
3059.771	4246.92
3063.006	4391.58
3066.239	4525.25
3069.469	4637.58
3072.697	4799.25
3075.922	4942.25
3079.144	5062.92
3082.364	5198.58
3085.581	5313.58
3088.795	5450.58
3092.007	5595.58
3095.216	5722.25
3098.423	5852.25
3101.627	5999.25
3104.828	6125.92
3108.026	6295.25
3111.222	6416.92
3114.416	6576.25
3117.607	6711.92
3120.795	6876.25
3123.98	7042.58
3127.163	7213.58
3130.344	7378.25
3133.521	7527.25
3136.696	7697.92
3139.869	7856.58
3143.039	7995.92
3146.206	8111.25
3149.371	8210.58
3152.533	8275.58
3155.693	8357.25
3158.85	8439.92
3162.005	8466.25
3165.157	8525.92
3168.306	8575.58
3171.453	8606.92
3174.597	8626.92
3177.739	8669.58
3180.878	8689.58
3184.014	8746.58
3187.149	8770.58
3190.28	8803.58
3193.409	8845.25
3196.536	8885.58
3199.659	8926.25
3202.781	8965.25
3205.9	8984.58
3209.016	9016.92
3212.13	9005.58
3215.241	9001.58
3218.35	8957.25
3221.456	8930.58
3224.56	8898.58
3227.661	8807.92
3230.76	8790.25
3233.856	8701.58
3236.95	8670.58
3240.041	8628.25
3243.13	8586.25
3246.216	8552.58
3249.3	8518.58
3252.382	8484.92
3255.46	8467.25
3258.537	8458.92
3261.611	8409.58
3264.682	8360.58
3267.751	8357.58
3270.818	8312.25
3273.882	8273.58
3276.943	8210.25
3280.002	8138.25
3283.059	8053.25
3286.113	7970.58
3289.165	7826.92
3292.214	7745.25
3295.261	7646.25
3298.306	7498.25
3301.348	7408.58
3304.387	7295.25
3307.425	7214.58
3310.459	7139.25
3313.492	7043.92
3316.521	6986.92
3319.549	6923.25
3322.574	6893.92
3325.597	6846.92
3328.617	6774.58
3331.635	6783.25
3334.65	6750.58
3337.663	6692.92
3340.674	6693.92
3343.682	6663.25
3346.688	6667.58
3349.691	6637.92
3352.692	6613.25
3355.691	6606.58
3358.687	6550.58
3361.681	6509.92
3364.673	6436.25
3367.662	6381.25
3370.649	6311.25
3373.633	6251.92
3376.615	6195.25
3379.595	6107.92
3382.572	6067.58
3385.547	5993.25
3388.52	5931.25
3391.49	5881.58
3394.458	5814.92
3397.424	5761.25
3400.387	5699.25
3403.348	5661.58
3406.307	5604.25
3409.263	5583.25
3412.217	5511.92
3415.168	5494.25
3418.118	5443.25
3421.065	5394.58
3424.009	5348.92
3426.951	5293.92
3429.891	5233.58
3432.829	5130.92
3435.764	5061.92
3438.697	4986.58
3441.628	4877.58
3444.557	4788.25
3447.483	4689.58
3450.407	4604.58
3453.328	4473.58
3456.247	4406.92
3459.164	4306.58
3462.079	4197.92
3464.991	4088.58
3467.902	4006.25
3470.809	3910.92
3473.715	3823.92
3476.618	3737.25
3479.519	3661.25
3482.418	3590.92
3485.315	3512.25
3488.209	3432.58
3491.101	3348.58
3493.99	3289.92
3496.878	3223.58
3499.763	3166.58
3502.646	3078.92
3505.527	3004.25
3508.405	2925.25
3511.281	2837.58
3514.155	2746.58
3517.027	2668.92
3519.897	2569.92
3522.764	2493.58
3525.629	2391.58
3528.492	2306.58
3531.352	2231.92
3534.211	2145.92
3537.067	2081.25
3539.921	2009.58
3542.773	1935.25
3545.622	1858.25
3548.469	1789.58
3551.315	1718.92
3554.157	1668.58
3556.998	1630.92
3559.837	1575.25
3562.673	1525.92
3565.507	1495.58
3568.339	1431.58
3571.169	1382.92
3573.996	1343.58
3576.822	1300.58
3579.645	1255.58
3582.466	1214.92
3585.285	1158.58
3588.101	1117.92
3590.916	1082.92
3593.728	1050.58
3596.538	1013.92
3599.346	972.25
3602.152	934.25
3604.956	898.92
3607.757	871.25
3610.556	836.58
3613.354	809.25
3616.149	778.92
3618.942	750.58
3621.732	720.25
3624.521	696.25
3627.307	680.58
3630.092	654.58
3632.874	638.58
3635.654	606.58
3638.432	598.92
3641.208	577.58
3643.982	557.25
3646.753	536.25
3649.523	511.92
3652.29	495.25
3655.055	476.25
3657.818	456.92
3660.579	438.92
3663.338	420.25
3666.095	397.58
3668.849	383.58
3671.602	364.58
3674.352	353.25
3677.101	337.92
3679.847	319.25
3682.591	303.92
3685.333	294.25
3688.073	283.25
3690.811	270.58
3693.547	265.92
3696.281	252.25
3699.013	242.58
3701.742	238.92
3704.47	228.25
3707.195	217.25
3709.919	208.25
3712.64	200.58
3715.359	195.25
3718.076	182.92
3720.792	171.92
3723.505	169.58
3726.216	161.25
3728.925	161.92
3731.632	152.25
3734.336	145.58
3737.039	144.92
3739.74	134.58
3742.439	132.25
3745.136	128.58
3747.83	123.92
3750.523	121.25
3753.213	90.25
3755.902	109.58
3758.589	111.25
3761.273	113.58
3763.956	106.25
3766.636	102.25
3769.315	101.92
3771.991	97.58
3774.665	88.58
3777.338	86.92
3780.008	91.92
3782.677	87.58
3785.343	89.25
3788.007	79.92
3790.67	82.25
3793.33	79.25
3795.989	72.58
3798.645	74.92
3801.299	72.58
3803.952	68.92
3806.602	66.25
3809.251	65.58
3811.897	63.25
3814.542	66.58
3817.184	64.58
3819.825	59.25
3822.463	58.92
3825.1	57.25
3827.735	62.25
3830.367	58.92
3832.998	54.58
3835.627	56.92
3838.253	53.92
3840.878	49.58
3843.501	47.92
3846.122	46.58
3848.741	45.92
3851.358	45.58
3853.973	52.92
3856.586	46.92
3859.197	47.25
3861.806	46.58
3864.414	43.58
3867.019	51.25
3869.622	49.25
3872.224	60.58
3874.823	81.25
3877.421	98.58
3880.016	133.25
3882.61	157.58
3885.202	171.58
3887.792	139.25
3890.38	98.58
3892.966	40.58
3895.55	33.25
3898.132	41.58
3900.713	34.58
3903.291	33.58
3905.868	31.92
3908.442	31.58
3911.015	32.92
3913.586	31.58
3916.155	29.92
3918.722	28.58
3921.287	26.25
3923.85	27.58
3926.411	29.25
3928.971	24.25
3931.528	23.25
3934.084	25.92
3936.638	20.25
3939.19	20.25
3941.74	23.92
3944.288	25.92
3946.834	26.25
3949.378	24.58
3951.921	24.92
3954.462	28.25
3957	32.25
3959.537	30.58
3962.072	28.58
3964.606	27.92
3967.137	29.58
3969.667	26.58
3972.194	28.25
3974.72	30.25
3977.244	30.92
3979.766	36.25
3982.286	34.92
3984.805	33.58
3987.321	39.25
3989.836	41.25
3992.349	42.25
3994.86	42.25
3997.369	41.92
3999.877	41.25
4002.382	35.25
4004.886	36.92
4007.388	38.92
4009.888	38.58
4012.386	34.25
4014.883	33.58
4017.377	35.58
4019.87	30.92
4022.361	30.92
4024.85	30.92
4027.338	33.92
4029.823	33.58
4032.307	34.58
4034.789	29.92
4037.269	30.25
4039.747	29.92
4042.224	27.92
4044.699	30.25
4047.172	28.25
4049.643	29.58
4052.112	30.58
4054.58	25.25
4057.046	31.25
4059.51	28.25
4061.972	26.58
4064.432	28.92
4066.891	30.58
4069.348	27.92
4071.803	28.92
4074.256	30.25
4076.708	28.25
4079.158	28.92
4081.606	30.25
4084.052	26.92
4086.497	26.92
4088.939	27.92
4091.38	31.92
4093.819	32.25
4096.257	5.58
4098.693	-0.08
4101.127	-0.42
4103.559	1.25
4105.989	338.25
4108.418	349.92
4110.845	374.25
4113.27	400.58
4115.694	429.25
4118.115	488.58
4120.535	29.92
4122.954	32.25
4125.37	27.58
4127.785	25.92
4130.198	27.92
4132.609	27.58
4135.019	-3.75
4137.427	0.25
4139.833	-2.08
4142.237	-0.75
