160.701	570.38
166.742	753.71
172.777	1296.38
178.805	3020.71
184.826	7328.04
190.841	15181.38
196.849	24756.38
202.85	31726.71
208.845	33891.71
214.833	33045.38
220.815	31732.37
226.789	30866.04
232.758	30045.38
238.719	29165.38
244.674	28125.04
250.623	27002.38
256.565	25844.71
262.5	24692.04
268.429	23719.71
274.351	22849.71
280.267	21983.71
286.176	21268.38
292.079	20655.04
297.975	20104.38
303.865	19575.04
309.748	19152.71
315.625	18774.04
321.495	18492.38
327.359	18263.38
333.217	18052.04
339.068	18014.04
344.912	17924.04
350.751	17834.38
356.583	17837.38
362.408	17807.38
368.227	17883.38
374.04	17969.38
379.847	18152.38
385.647	18303.71
391.44	18305.38
397.228	18254.38
403.009	18288.04
408.784	18520.71
414.553	18998.38
420.315	19552.71
426.071	19681.38
431.821	19125.38
437.565	18556.71
443.302	18337.71
449.033	18207.04
454.758	18067.71
460.477	17984.04
466.189	17861.38
471.896	17757.71
477.596	17636.71
483.29	17584.04
488.978	17473.04
494.66	17324.71
500.335	17142.71
506.005	16861.04
511.668	16561.38
517.325	16270.71
522.977	16006.04
528.622	15800.38
534.261	15596.04
539.894	15465.38
545.521	15356.04
551.141	15227.71
556.756	15132.71
562.365	15043.38
567.968	14928.71
573.565	14833.04
579.155	14763.38
584.74	14656.38
590.319	14537.71
595.892	14437.04
601.459	14317.38
607.02	14190.38
612.575	14069.71
618.124	13909.04
623.667	13827.71
629.204	13680.04
634.735	13610.04
640.261	13637.71
645.781	13734.71
651.294	13745.38
656.802	13562.04
662.304	13307.04
667.8	13176.38
673.29	13056.38
678.775	12965.04
684.254	12896.71
689.726	12811.71
695.193	12722.04
700.655	12613.71
706.11	12512.71
711.56	12385.71
717.004	12318.71
722.442	12213.71
727.874	12152.38
733.301	12087.71
738.722	12027.04
744.137	12001.71
749.547	11994.71
754.951	12000.04
760.349	11924.38
765.741	11832.04
771.128	11773.04
776.509	11721.71
781.885	11702.71
787.254	11631.04
792.618	11557.71
797.977	11462.71
803.33	11371.38
808.677	11232.71
814.019	11120.71
819.355	11009.04
824.686	10872.04
830.011	10804.04
835.33	10737.71
840.644	10654.04
845.952	10570.04
851.255	10538.38
856.552	10448.04
861.844	10399.71
867.13	10329.38
872.41	10242.38
877.686	10104.71
882.955	9975.71
888.219	9821.71
893.478	9722.38
898.731	9565.38
903.979	9428.71
909.221	9333.38
914.458	9258.71
919.69	9181.38
924.916	9170.71
930.136	9162.38
935.351	9172.71
940.561	9122.71
945.766	9090.71
950.965	9033.04
956.158	8974.38
961.347	8846.04
966.529	8723.71
971.707	8589.38
976.879	8479.38
982.046	8399.38
987.208	8353.71
992.364	8342.71
997.515	8368.38
1002.66	8413.71
1007.801	8461.71
1012.936	8509.04
1018.066	8583.71
1023.19	8602.38
1028.309	8630.04
1033.423	8604.38
1038.532	8541.04
1043.636	8473.71
1048.734	8368.04
1053.827	8297.71
1058.915	8209.04
1063.998	8180.71
1069.075	8145.04
1074.147	8142.04
1079.214	8176.38
1084.276	8230.38
1089.333	8250.38
1094.385	8299.04
1099.431	8351.71
1104.472	8344.71
1109.509	8293.04
1114.54	8207.71
1119.565	8095.38
1124.586	8015.38
1129.602	7940.71
1134.613	7862.38
1139.618	7856.04
1144.619	7852.04
1149.614	7874.04
1154.604	7901.71
1159.589	7930.38
1164.57	7956.71
1169.545	7981.04
1174.515	7988.38
1179.48	7965.71
1184.44	7914.04
1189.395	7841.71
1194.345	7796.04
1199.29	7756.38
1204.23	7772.71
1209.165	7797.38
1214.095	7839.04
1219.021	7881.04
1223.941	7936.04
1228.856	8002.38
1233.766	8002.71
1238.672	8001.38
1243.572	7982.71
1248.467	7928.71
1253.358	7859.71
1258.244	7750.04
1263.124	7644.04
1268	7553.04
1272.871	7464.71
1277.737	7396.71
1282.599	7387.38
1287.455	7394.04
1292.306	7403.04
1297.153	7445.04
1301.995	7524.38
1306.832	7557.38
1311.664	7574.38
1316.491	7565.71
1321.314	7552.04
1326.132	7519.71
1330.945	7435.04
1335.753	7408.71
1340.556	7340.04
1345.354	7297.71
1350.148	7213.71
1354.937	7159.71
1359.722	7017.71
1364.501	6927.71
1369.276	6821.71
1374.046	6719.04
1378.811	6619.04
1383.572	6560.04
1388.327	6515.04
1393.079	6467.71
1397.825	6471.71
1402.567	6447.38
1407.304	6446.04
1412.036	6441.04
1416.764	6436.71
1421.487	6441.71
1426.205	6499.71
1430.919	6544.38
1435.628	6607.04
1440.333	6701.38
1445.032	6720.38
1449.727	6769.71
1454.418	6787.38
1459.104	6785.38
1463.785	6763.71
1468.462	6727.04
1473.134	6691.04
1477.802	6691.38
1482.465	6674.38
1487.123	6672.38
1491.777	6688.04
1496.426	6718.38
1501.071	6754.04
1505.711	6798.38
1510.347	6809.04
1514.978	6825.71
1519.604	6801.04
1524.226	6783.71
1528.844	6730.38
1533.457	6680.04
1538.065	6648.38
1542.669	6626.71
1547.269	6631.38
1551.864	6634.38
1556.454	6721.04
1561.041	6791.38
1565.622	6863.38
1570.199	6969.04
1574.772	7113.38
1579.34	7255.04
1583.904	7428.71
1588.464	7587.71
1593.019	7710.04
1597.569	7820.38
1602.115	7944.71
1606.657	8032.04
1611.195	8117.04
1615.728	8240.71
1620.256	8359.71
1624.78	8504.71
1629.3	8643.04
1633.816	8778.38
1638.327	8927.38
1642.834	9015.04
1647.336	9122.71
1651.834	9139.38
1656.328	9130.04
1660.817	9050.38
1665.302	8926.38
1669.783	8753.38
1674.259	8547.04
1678.732	8301.04
1683.199	8067.04
1687.663	7804.71
1692.122	7511.38
1696.577	7164.38
1701.028	6828.71
1705.474	6486.04
1709.917	6186.38
1714.355	5981.04
1718.788	5802.38
1723.218	5722.04
1727.643	5599.38
1732.064	5485.04
1736.481	5349.38
1740.893	5185.04
1745.301	5035.04
1749.705	4883.04
1754.105	4766.71
1758.501	4635.71
1762.893	4556.04
1767.28	4483.71
1771.663	4446.38
1776.042	4432.04
1780.417	4436.04
1784.787	4443.38
1789.154	4417.04
1793.516	4384.71
1797.874	4310.04
1802.228	4198.04
1806.578	4089.71
1810.924	3997.04
1815.266	3915.38
1819.603	3849.04
1823.937	3832.38
1828.266	3828.71
1832.591	3820.71
1836.913	3831.38
1841.23	3853.04
1845.543	3858.38
1849.852	3881.38
1854.156	3899.71
1858.457	3915.71
1862.754	3932.38
1867.047	3976.38
1871.335	3997.04
1875.62	4019.38
1879.9	4023.71
1884.177	4028.71
1888.449	4023.04
1892.718	4015.38
1896.982	4004.71
1901.243	3991.38
1905.499	4001.04
1909.752	4007.38
1914	4003.38
1918.245	4011.38
1922.485	4042.04
1926.722	4038.38
1930.954	4041.04
1935.183	4031.71
1939.408	4014.38
1943.628	3991.38
1947.845	3935.38
1952.058	3881.71
1956.267	3827.38
1960.472	3780.04
1964.673	3704.38
1968.87	3668.38
1973.063	3625.04
1977.252	3593.71
1981.438	3581.71
1985.619	3590.04
1989.797	3590.71
1993.971	3609.71
1998.14	3623.04
2002.306	3649.04
2006.469	3687.38
2010.627	3690.38
2014.781	3722.04
2018.932	3747.38
2023.078	3722.71
2027.221	3730.38
2031.36	3691.38
2035.495	3679.71
2039.627	3674.38
2043.754	3672.38
2047.878	3655.71
2051.998	3680.04
2056.114	3696.04
2060.226	3702.38
2064.334	3741.04
2068.439	3768.71
2072.54	3807.38
2076.637	3818.71
2080.73	3833.71
2084.82	3851.71
2088.906	3859.04
2092.988	3845.71
2097.066	3808.38
2101.14	3762.04
2105.211	3722.38
2109.278	3685.04
2113.342	3628.04
2117.401	3599.04
2121.457	3546.71
2125.509	3543.04
2129.558	3499.38
2133.602	3483.38
2137.643	3454.71
2141.681	3445.71
2145.714	3430.38
2149.744	3420.71
2153.77	3399.04
2157.793	3365.04
2161.812	3334.38
2165.827	3309.04
2169.838	3255.38
2173.846	3209.71
2177.851	3160.04
2181.851	3125.04
2185.848	3093.38
2189.841	3071.38
2193.831	3031.71
2197.817	3021.04
2201.799	3006.04
2205.778	2983.38
2209.753	2956.38
2213.725	2954.71
2217.693	2939.04
2221.657	2931.04
2225.618	2902.71
2229.575	2884.04
2233.529	2866.71
2237.479	2832.71
2241.425	2788.38
2245.368	2741.04
2249.307	2714.38
2253.243	2670.04
2257.175	2628.71
2261.104	2583.04
2265.029	2558.71
2268.95	2520.71
2272.868	2495.04
2276.783	2461.71
2280.694	2430.38
2284.601	2397.38
2288.505	2377.04
2292.405	2338.38
2296.302	2321.04
2300.195	2287.38
2304.085	2255.04
2307.971	2229.38
2311.854	2201.71
2315.734	2159.71
2319.609	2131.71
2323.482	2099.04
2327.351	2094.38
2331.216	2086.71
2335.078	2077.38
2338.937	2069.71
2342.792	2054.04
2346.643	2032.71
2350.492	2041.38
2354.336	2046.04
2358.178	2051.71
2362.015	2055.71
2365.85	2053.04
2369.681	2056.38
2373.508	2054.04
2377.333	2061.71
2381.153	2064.71
2384.971	2045.38
2388.785	2037.38
2392.595	2029.71
2396.402	2021.38
2400.206	2016.04
2404.007	2002.04
2407.804	2005.04
2411.597	1990.71
2415.388	1989.38
2419.174	1974.04
2422.958	1980.04
2426.738	1966.38
2430.515	1957.38
2434.289	1958.04
2438.059	1949.04
2441.825	1926.38
2445.589	1933.04
2449.349	1917.38
2453.106	1903.38
2456.859	1894.38
2460.61	1874.04
2464.356	1863.04
2468.1	1843.04
2471.84	1842.04
2475.577	1835.71
2479.311	1838.71
2483.041	1827.38
2486.768	1825.04
2490.492	1827.38
2494.213	1825.04
2497.93	1835.38
2501.644	1823.04
2505.355	1825.71
2509.062	1816.04
2512.766	1810.38
2516.467	1818.38
2520.165	1798.04
2523.859	1802.71
2527.551	1786.04
2531.239	1790.04
2534.923	1777.04
2538.605	1765.38
2542.283	1768.71
2545.958	1751.04
2549.63	1748.38
2553.299	1751.38
2556.964	1732.04
2560.626	1736.38
2564.285	1710.71
2567.941	1697.38
2571.594	1686.71
2575.243	1675.38
2578.89	1662.04
2582.533	1650.38
2586.173	1639.04
2589.809	1603.38
2593.443	1606.38
2597.073	1592.71
2600.701	1572.04
2604.325	1556.71
2607.946	1551.71
2611.564	1549.71
2615.178	1539.38
2618.79	1535.04
2622.398	1522.38
2626.004	1509.38
2629.606	1507.71
2633.205	1491.38
2636.801	1487.38
2640.394	1480.71
2643.983	1467.38
2647.57	1455.71
2651.153	1445.38
2654.734	1438.71
2658.311	1431.38
2661.885	1414.04
2665.456	1415.71
2669.025	1417.04
2672.589	1408.38
2676.151	1410.38
2679.71	1404.04
2683.266	1401.71
2686.819	1387.71
2690.368	1383.71
2693.915	1375.38
2697.458	1368.38
2700.999	1353.71
2704.536	1353.71
2708.071	1340.38
2711.602	1325.04
2715.13	1333.04
2718.656	1334.38
2722.178	1333.71
2725.697	1338.04
2729.214	1346.71
2732.727	1356.38
2736.237	1366.71
2739.744	1377.04
2743.249	1375.38
2746.75	1380.04
2750.248	1375.38
2753.743	1357.04
2757.236	1344.71
2760.725	1325.38
2764.211	1306.38
2767.695	1288.04
2771.175	1289.38
2774.652	1284.38
2778.127	1285.38
2781.598	1280.04
2785.067	1299.04
2788.532	1308.04
2791.995	1328.71
2795.455	1340.38
2798.911	1362.71
2802.365	1379.71
2805.816	1387.04
2809.264	1405.04
2812.709	1412.04
2816.151	1420.71
2819.59	1431.04
2823.026	1449.71
2826.46	1459.38
2829.89	1456.04
2833.318	1480.04
2836.742	1484.38
2840.164	1486.04
2843.583	1496.38
2846.999	1514.71
2850.412	1519.38
2853.822	1550.71
2857.229	1558.04
2860.634	1572.04
2864.035	1588.38
2867.434	1599.38
2870.83	1610.04
2874.223	1637.71
2877.613	1633.71
2881	1646.04
2884.385	1654.71
2887.766	1668.71
2891.145	1677.71
2894.521	1689.71
2897.894	1695.38
2901.264	1713.38
2904.631	1726.38
2907.996	1743.71
2911.358	1770.38
2914.717	1789.71
2918.073	1808.04
2921.426	1847.04
2924.777	1871.04
2928.124	1898.04
2931.469	1932.71
2934.811	1964.71
2938.15	2007.04
2941.487	2038.38
2944.821	2079.04
2948.152	2102.04
2951.48	2140.71
2954.805	2165.38
2958.128	2201.04
2961.447	2243.71
2964.765	2282.38
2968.079	2329.38
2971.39	2394.71
2974.699	2442.38
2978.005	2499.38
2981.308	2548.38
2984.609	2606.38
2987.907	2685.04
2991.202	2742.38
2994.494	2802.04
2997.784	2868.71
3001.07	2929.71
3004.355	2988.38
3007.636	3060.38
3010.915	3107.71
3014.191	3166.71
3017.464	3217.04
3020.734	3261.04
3024.002	3303.04
3027.267	3357.38
3030.53	3428.04
3033.789	3492.04
3037.046	3564.04
3040.301	3649.71
3043.552	3739.04
3046.801	3839.38
3050.048	3945.71
3053.291	4042.71
3056.532	4148.38
3059.771	4277.71
3063.006	4407.04
3066.239	4542.71
3069.469	4682.71
3072.697	4789.38
3075.922	4926.04
3079.144	5056.38
3082.364	5167.04
3085.581	5300.38
3088.795	5418.04
3092.007	5539.71
3095.216	5678.38
3098.423	5784.71
3101.627	5913.71
3104.828	6049.38
3108.026	6165.38
3111.222	6288.71
3114.416	6448.38
3117.607	6587.71
3120.795	6717.38
3123.98	6887.38
3127.163	7046.38
3130.344	7209.38
3133.521	7362.71
3136.696	7485.38
3139.869	7644.04
3143.039	7775.04
3146.206	7885.71
3149.371	7980.71
3152.533	8053.38
3155.693	8109.38
3158.85	8172.04
3162.005	8203.38
3165.157	8269.71
3168.306	8303.38
3171.453	8340.38
3174.597	8359.38
3177.739	8392.71
3180.878	8429.71
3184.014	8431.04
3187.149	8479.71
3190.28	8514.71
3193.409	8542.04
3196.536	8562.38
3199.659	8612.04
3202.781	8651.71
3205.9	8664.04
3209.016	8696.71
3212.13	8687.04
3215.241	8655.38
3218.35	8625.38
3221.456	8568.04
3224.56	8506.38
3227.661	8473.38
3230.76	8405.38
3233.856	8368.71
3236.95	8305.04
3240.041	8259.04
3243.13	8222.71
3246.216	8167.04
3249.3	8126.04
3252.382	8118.04
3255.46	8108.04
3258.537	8073.71
3261.611	8039.04
3264.682	8002.04
3267.751	8006.04
3270.818	7969.71
3273.882	7903.04
3276.943	7870.71
3280.002	7776.71
3283.059	7711.71
3286.113	7636.04
3289.165	7508.38
3292.214	7422.38
3295.261	7333.04
3298.306	7221.71
3301.348	7112.38
3304.387	7028.38
3307.425	6931.04
3310.459	6864.04
3313.492	6801.38
3316.521	6722.38
3319.549	6669.71
3322.574	6627.04
3325.597	6591.04
3328.617	6527.04
3331.635	6518.71
3334.65	6491.71
3337.663	6469.04
3340.674	6437.71
3343.682	6429.04
3346.688	6435.71
3349.691	6407.04
3352.692	6389.38
3355.691	6354.71
3358.687	6318.38
3361.681	6265.04
3364.673	6217.04
3367.662	6144.71
3370.649	6077.04
3373.633	6035.04
3376.615	5955.04
3379.595	5880.04
3382.572	5822.04
3385.547	5778.71
3388.52	5720.71
3391.49	5648.04
3394.458	5594.38
3397.424	5530.04
3400.387	5489.71
3403.348	5451.38
3406.307	5404.71
3409.263	5361.71
3412.217	5308.04
3415.168	5261.71
3418.118	5229.71
3421.065	5180.04
3424.009	5125.38
3426.951	5076.71
3429.891	5014.38
3432.829	4952.04
3435.764	4873.04
3438.697	4789.04
3441.628	4681.71
3444.557	4598.04
3447.483	4495.71
3450.407	4415.71
3453.328	4310.04
3456.247	4216.38
3459.164	4108.38
3462.079	4027.38
3464.991	3927.04
3467.902	3831.71
3470.809	3745.71
3473.715	3666.71
3476.618	3576.04
3479.519	3503.04
3482.418	3444.71
3485.315	3352.71
3488.209	3304.04
3491.101	3230.71
3493.99	3148.04
3496.878	3073.71
3499.763	3004.38
3502.646	2949.04
3505.527	2880.04
3508.405	2788.38
3511.281	2716.04
3514.155	2629.04
3517.027	2553.04
3519.897	2458.71
3522.764	2381.71
3525.629	2332.71
3528.492	2214.38
3531.352	2133.04
3534.211	2060.38
3537.067	1990.04
3539.921	1914.04
3542.773	1845.04
3545.622	1767.71
3548.469	1711.38
3551.315	1655.71
3554.157	1605.71
3556.998	1555.71
3559.837	1507.04
3562.673	1459.38
3565.507	1423.04
3568.339	1375.38
3571.169	1328.04
3573.996	1291.71
3576.822	1249.38
3579.645	1206.38
3582.466	1173.38
3585.285	1124.04
3588.101	1090.04
3590.916	1047.38
3593.728	1016.38
3596.538	981.38
3599.346	940.04
3602.152	909.04
3604.956	873.04
3607.757	838.38
3610.556	806.38
3613.354	784.04
3616.149	760.38
3618.942	721.71
3621.732	703.71
3624.521	688.38
3627.307	657.71
3630.092	638.38
3632.874	621.38
3635.654	604.38
3638.432	583.71
3641.208	561.38
3643.982	543.71
3646.753	523.04
3649.523	505.38
3652.29	492.71
3655.055	464.38
3657.818	448.38
3660.579	430.71
3663.338	412.71
3666.095	396.04
3668.849	377.38
3671.602	363.71
3674.352	348.04
3677.101	333.71
3679.847	321.04
3682.591	307.71
3685.333	290.38
3688.073	283.38
3690.811	271.71
3693.547	265.38
3696.281	252.38
3699.013	240.38
3701.742	237.04
3704.47	231.04
3707.195	219.71
3709.919	209.04
3712.64	205.38
3715.359	196.38
3718.076	190.04
3720.792	183.04
3723.505	176.38
3726.216	167.38
3728.925	164.38
3731.632	155.04
3734.336	157.04
3737.039	152.38
3739.74	145.04
3742.439	139.38
3745.136	133.04
3747.83	128.04
3750.523	130.71
3753.213	101.38
3755.902	121.04
3758.589	113.04
3761.273	117.38
3763.956	110.38
3766.636	112.04
3769.315	107.71
3771.991	100.71
3774.665	97.04
3777.338	91.71
3780.008	94.71
3782.677	94.71
3785.343	93.04
3788.007	82.38
3790.67	83.71
3793.33	82.38
3795.989	80.71
3798.645	78.04
3801.299	81.71
3803.952	75.71
3806.602	73.71
3809.251	75.04
3811.897	74.04
3814.542	70.71
3817.184	72.71
3819.825	68.38
3822.463	67.38
3825.1	60.04
3827.735	66.04
3830.367	63.38
3832.998	57.04
3835.627	62.71
3838.253	63.04
3840.878	54.38
3843.501	55.71
3846.122	52.71
3848.741	53.04
3851.358	56.04
3853.973	54.38
3856.586	52.04
3859.197	49.38
3861.806	48.04
3864.414	47.38
3867.019	51.71
3869.622	52.71
3872.224	60.38
3874.823	76.04
3877.421	97.04
3880.016	124.04
3882.61	151.38
3885.202	151.71
3887.792	129.04
3890.38	90.71
3892.966	39.04
3895.55	33.04
3898.132	41.38
3900.713	37.04
3903.291	35.38
3905.868	36.04
3908.442	34.04
3911.015	33.71
3913.586	39.04
3916.155	33.04
3918.722	29.04
3921.287	29.38
3923.85	28.71
3926.411	35.71
3928.971	28.04
3931.528	26.04
3934.084	31.38
3936.638	26.71
3939.19	24.71
3941.74	24.38
3944.288	29.71
3946.834	27.04
3949.378	28.04
3951.921	24.38
3954.462	26.04
3957	32.04
3959.537	30.71
3962.072	30.38
3964.606	33.38
3967.137	26.04
3969.667	30.38
3972.194	30.38
3974.72	33.38
3977.244	35.71
3979.766	39.71
3982.286	37.04
3984.805	40.04
3987.321	41.38
3989.836	38.38
3992.349	44.38
3994.86	40.38
3997.369	40.04
3999.877	42.71
4002.382	38.04
4004.886	38.38
4007.388	41.71
4009.888	39.04
4012.386	37.38
4014.883	40.38
4017.377	39.04
4019.87	34.04
4022.361	34.71
4024.85	35.04
4027.338	34.71
4029.823	39.04
4032.307	34.71
4034.789	36.71
4037.269	34.04
4039.747	35.38
4042.224	32.04
4044.699	34.38
4047.172	30.71
4049.643	31.04
4052.112	32.38
4054.58	31.04
4057.046	32.04
4059.51	27.04
4061.972	26.71
4064.432	32.38
4066.891	33.71
4069.348	31.71
4071.803	33.71
4074.256	30.04
4076.708	30.04
4079.158	34.71
4081.606	33.04
4084.052	30.38
4086.497	34.71
4088.939	30.04
4091.38	33.38
4093.819	35.38
4096.257	4.71
4098.693	-0.62
4101.127	-2.62
4103.559	1.71
4105.989	330.71
4108.418	340.71
4110.845	370.04
4113.27	396.38
4115.694	433.04
4118.115	496.04
4120.535	32.38
4122.954	32.04
4125.37	31.04
4127.785	26.04
4130.198	29.04
4132.609	29.71
4135.019	-2.96
4137.427	-0.62
4139.833	0.71
4142.237	-0.29
