160.701	634.21
166.742	839.88
172.777	1442.54
178.805	3343.88
184.826	8158.87
190.841	16887.21
196.849	27621.21
202.85	35393.21
208.845	37769.54
214.833	36731.87
220.815	35208.54
226.789	34175.54
232.758	33128.54
238.719	32056.88
244.674	30919.88
250.623	29584.21
256.565	28211.54
262.5	26864.54
268.429	25643.21
274.351	24604.21
280.267	23641.54
286.176	22788.21
292.079	22042.88
297.975	21364.54
303.865	20753.54
309.748	20282.54
315.625	19810.54
321.495	19479.54
327.359	19185.54
333.217	19031.54
339.068	18908.54
344.912	18820.54
350.751	18773.54
356.583	18729.88
362.408	18707.88
368.227	18784.88
374.04	18899.21
379.847	19159.54
385.647	19336.88
391.44	19325.21
397.228	19201.54
403.009	19261.21
408.784	19559.88
414.553	20181.54
420.315	20867.54
426.071	21068.54
431.821	20366.54
437.565	19590.21
443.302	19325.88
449.033	19119.54
454.758	18997.54
460.477	18839.88
466.189	18747.21
471.896	18609.88
477.596	18427.54
483.29	18339.54
488.978	18230.21
494.66	18067.54
500.335	17808.21
506.005	17479.21
511.668	17100.88
517.325	16697.54
522.977	16383.21
528.622	16122.21
534.261	15873.88
539.894	15710.88
545.521	15528.88
551.141	15428.54
556.756	15326.88
562.365	15176.21
567.968	15044.88
573.565	14929.54
579.155	14842.88
584.74	14699.54
590.319	14589.21
595.892	14454.54
601.459	14343.88
607.02	14197.88
612.575	14073.54
618.124	13884.54
623.667	13719.21
629.204	13633.21
634.735	13556.88
640.261	13573.88
645.781	13668.88
651.294	13753.88
656.802	13573.21
662.304	13174.54
667.8	12968.21
673.29	12848.88
678.775	12752.21
684.254	12652.88
689.726	12561.88
695.193	12450.54
700.655	12337.54
706.11	12224.88
711.56	12093.21
717.004	11997.21
722.442	11915.21
727.874	11830.21
733.301	11718.54
738.722	11674.54
744.137	11628.88
749.547	11637.88
754.951	11625.21
760.349	11558.54
765.741	11431.54
771.128	11337.88
776.509	11291.88
781.885	11285.88
787.254	11211.54
792.618	11132.21
797.977	11018.88
803.33	10895.88
808.677	10763.88
814.019	10621.21
819.355	10485.88
824.686	10354.88
830.011	10257.88
835.33	10160.21
840.644	10068.88
845.952	9980.54
851.255	9891.88
856.552	9793.88
861.844	9696.21
867.13	9608.21
872.41	9478.21
877.686	9350.54
882.955	9212.88
888.219	9052.21
893.478	8909.54
898.731	8732.88
903.979	8583.54
909.221	8489.54
914.458	8398.88
919.69	8316.21
924.916	8295.54
930.136	8273.54
935.351	8227.21
940.561	8190.88
945.766	8133.87
950.965	8076.88
956.158	7989.88
961.347	7877.54
966.529	7752.88
971.707	7650.88
976.879	7527.54
982.046	7425.88
987.208	7380.21
992.364	7360.21
997.515	7381.54
1002.66	7393.54
1007.801	7442.21
1012.936	7488.21
1018.066	7513.54
1023.19	7543.54
1028.309	7575.88
1033.423	7542.88
1038.532	7478.88
1043.636	7436.21
1048.734	7330.54
1053.827	7269.21
1058.915	7207.54
1063.998	7135.21
1069.075	7144.88
1074.147	7126.88
1079.214	7119.21
1084.276	7169.88
1089.333	7185.54
1094.385	7207.54
1099.431	7239.54
1104.472	7224.88
1109.509	7185.21
1114.54	7114.88
1119.565	7033.54
1124.586	6939.54
1129.602	6851.88
1134.613	6819.54
1139.618	6782.88
1144.619	6785.88
1149.614	6791.54
1154.604	6814.54
1159.589	6855.21
1164.57	6881.21
1169.545	6878.54
1174.515	6874.88
1179.48	6857.88
1184.44	6789.88
1189.395	6752.21
1194.345	6729.88
1199.29	6660.88
1204.23	6698.54
1209.165	6722.54
1214.095	6745.54
1219.021	6762.88
1223.941	6814.21
1228.856	6846.88
1233.766	6861.54
1238.672	6851.21
1243.572	6850.88
1248.467	6789.54
1253.358	6690.21
1258.244	6612.21
1263.124	6501.88
1268	6407.54
1272.871	6339.54
1277.737	6295.54
1282.599	6269.88
1287.455	6272.88
1292.306	6268.54
1297.153	6310.88
1301.995	6361.54
1306.832	6376.21
1311.664	6400.88
1316.491	6393.54
1321.314	6380.54
1326.132	6336.21
1330.945	6273.21
1335.753	6221.54
1340.556	6164.21
1345.354	6104.88
1350.148	6057.21
1354.937	5989.54
1359.722	5930.21
1364.501	5840.54
1369.276	5739.21
1374.046	5666.54
1378.811	5605.54
1383.572	5543.21
1388.327	5486.54
1393.079	5476.21
1397.825	5447.88
1402.567	5412.54
1407.304	5374.54
1412.036	5370.54
1416.764	5386.21
1421.487	5370.21
1426.205	5408.54
1430.919	5446.88
1435.628	5513.21
1440.333	5562.88
1445.032	5610.21
1449.727	5628.21
1454.418	5648.54
1459.104	5659.54
1463.785	5653.88
1468.462	5626.21
1473.134	5586.21
1477.802	5574.21
1482.465	5580.21
1487.123	5571.88
1491.777	5604.21
1496.426	5639.21
1501.071	5698.21
1505.711	5720.88
1510.347	5763.54
1514.978	5788.54
1519.604	5800.88
1524.226	5800.21
1528.844	5766.21
1533.457	5727.21
1538.065	5730.54
1542.669	5708.88
1547.269	5709.88
1551.864	5734.54
1556.454	5813.21
1561.041	5910.88
1565.622	6000.88
1570.199	6092.54
1574.772	6259.21
1579.34	6441.21
1583.904	6593.88
1588.464	6750.54
1593.019	6900.54
1597.569	7053.21
1602.115	7192.21
1606.657	7298.88
1611.195	7431.88
1615.728	7567.21
1620.256	7747.88
1624.78	7918.21
1629.3	8085.21
1633.816	8238.54
1638.327	8349.21
1642.834	8470.21
1647.336	8565.21
1651.834	8589.88
1656.328	8554.88
1660.817	8473.88
1665.302	8313.54
1669.783	8113.87
1674.259	7893.54
1678.732	7615.21
1683.199	7360.21
1687.663	7054.88
1692.122	6725.54
1696.577	6405.54
1701.028	6072.21
1705.474	5737.88
1709.917	5460.21
1714.355	5225.21
1718.788	5029.21
1723.218	4889.54
1727.643	4784.54
1732.064	4628.54
1736.481	4473.88
1740.893	4302.88
1745.301	4165.88
1749.705	4016.21
1754.105	3887.21
1758.501	3775.54
1762.893	3683.54
1767.28	3619.54
1771.663	3579.88
1776.042	3541.88
1780.417	3554.54
1784.787	3546.54
1789.154	3535.21
1793.516	3507.54
1797.874	3442.88
1802.228	3354.21
1806.578	3261.54
1810.924	3153.21
1815.266	3111.21
1819.603	3045.21
1823.937	2996.54
1828.266	2999.21
1832.591	2976.21
1836.913	2981.88
1841.23	2980.54
1845.543	2990.21
1849.852	2987.54
1854.156	3009.54
1858.457	3019.88
1862.754	3034.21
1867.047	3055.88
1871.335	3067.88
1875.62	3086.88
1879.9	3101.21
1884.177	3110.54
1888.449	3106.21
1892.718	3104.88
1896.982	3097.88
1901.243	3115.21
1905.499	3106.88
1909.752	3102.54
1914	3129.21
1918.245	3132.88
1922.485	3165.54
1926.722	3172.88
1930.954	3204.21
1935.183	3174.88
1939.408	3175.54
1943.628	3151.21
1947.845	3141.88
1952.058	3080.88
1956.267	3053.21
1960.472	3001.54
1964.673	2950.88
1968.87	2910.54
1973.063	2891.21
1977.252	2874.21
1981.438	2869.54
1985.619	2843.88
1989.797	2854.54
1993.971	2880.88
1998.14	2894.21
2002.306	2927.21
2006.469	2946.21
2010.627	2969.88
2014.781	2975.21
2018.932	2985.54
2023.078	2997.54
2027.221	3001.21
2031.36	2978.88
2035.495	2995.54
2039.627	2976.54
2043.754	2972.54
2047.878	2984.54
2051.998	3008.54
2056.114	3014.21
2060.226	3044.21
2064.334	3077.21
2068.439	3097.88
2072.54	3115.54
2076.637	3156.21
2080.73	3178.54
2084.82	3184.54
2088.906	3186.21
2092.988	3185.54
2097.066	3167.54
2101.14	3124.88
2105.211	3096.54
2109.278	3062.21
2113.342	3033.21
2117.401	3004.88
2121.457	2976.21
2125.509	2942.88
2129.558	2912.21
2133.602	2892.54
2137.643	2879.54
2141.681	2869.54
2145.714	2843.54
2149.744	2827.88
2153.77	2803.21
2157.793	2800.21
2161.812	2754.88
2165.827	2720.54
2169.838	2689.21
2173.846	2637.21
2177.851	2609.21
2181.851	2572.88
2185.848	2523.54
2189.841	2517.88
2193.831	2477.54
2197.817	2457.54
2201.799	2443.54
2205.778	2432.88
2209.753	2406.21
2213.725	2392.54
2217.693	2370.21
2221.657	2375.54
2225.618	2353.88
2229.575	2339.21
2233.529	2300.54
2237.479	2267.21
2241.425	2227.88
2245.368	2204.54
2249.307	2169.21
2253.243	2134.88
2257.175	2101.54
2261.104	2063.88
2265.029	2027.21
2268.95	2009.88
2272.868	1975.88
2276.783	1945.88
2280.694	1908.21
2284.601	1887.21
2288.505	1866.54
2292.405	1830.88
2296.302	1803.54
2300.195	1784.21
2304.085	1755.88
2307.971	1733.54
2311.854	1711.21
2315.734	1678.88
2319.609	1647.54
2323.482	1623.88
2327.351	1614.21
2331.216	1622.54
2335.078	1612.54
2338.937	1589.88
2342.792	1562.21
2346.643	1540.54
2350.492	1545.21
2354.336	1543.21
2358.178	1544.88
2362.015	1542.54
2365.85	1545.21
2369.681	1534.88
2373.508	1543.54
2377.333	1538.88
2381.153	1531.88
2384.971	1533.88
2388.785	1521.21
2392.595	1514.54
2396.402	1489.54
2400.206	1490.54
2404.007	1488.54
2407.804	1477.21
2411.597	1464.88
2415.388	1468.88
2419.174	1459.88
2422.958	1450.88
2426.738	1444.54
2430.515	1445.88
2434.289	1426.21
2438.059	1426.88
2441.825	1423.88
2445.589	1413.88
2449.349	1408.54
2453.106	1382.21
2456.859	1372.88
2460.61	1370.88
2464.356	1359.54
2468.1	1351.21
2471.84	1338.88
2475.577	1340.21
2479.311	1335.54
2483.041	1332.88
2486.768	1333.54
2490.492	1344.21
2494.213	1332.54
2497.93	1327.88
2501.644	1338.54
2505.355	1324.54
2509.062	1328.21
2512.766	1333.21
2516.467	1315.21
2520.165	1317.21
2523.859	1300.88
2527.551	1297.21
2531.239	1294.54
2534.923	1291.54
2538.605	1290.88
2542.283	1281.88
2545.958	1271.88
2549.63	1269.21
2553.299	1264.21
2556.964	1255.21
2560.626	1251.54
2564.285	1250.54
2567.941	1243.21
2571.594	1223.88
2575.243	1211.21
2578.89	1195.21
2582.533	1190.88
2586.173	1186.54
2589.809	1161.88
2593.443	1153.54
2597.073	1146.21
2600.701	1128.54
2604.325	1118.54
2607.946	1113.88
2611.564	1120.21
2615.178	1102.54
2618.79	1103.54
2622.398	1094.21
2626.004	1090.21
2629.606	1080.54
2633.205	1069.54
2636.801	1066.88
2640.394	1056.54
2643.983	1050.21
2647.57	1052.21
2651.153	1031.21
2654.734	1032.88
2658.311	1032.21
2661.885	1026.21
2665.456	1019.88
2669.025	1028.88
2672.589	1028.54
2676.151	1019.88
2679.71	1011.54
2683.266	1013.54
2686.819	1006.21
2690.368	1007.54
2693.915	1015.54
2697.458	1002.54
2700.999	997.21
2704.536	987.54
2708.071	991.54
2711.602	988.88
2715.13	990.54
2718.656	990.54
2722.178	998.88
2725.697	1014.21
2729.214	1024.54
2732.727	1034.21
2736.237	1048.21
2739.744	1055.21
2743.249	1060.54
2746.75	1063.54
2750.248	1061.88
2753.743	1065.21
2757.236	1054.21
2760.725	1049.54
2764.211	1031.21
2767.695	1031.88
2771.175	1020.21
2774.652	1029.54
2778.127	1030.88
2781.598	1030.54
2785.067	1049.54
2788.532	1060.21
2791.995	1066.54
2795.455	1083.21
2798.911	1108.54
2802.365	1109.88
2805.816	1132.88
2809.264	1150.54
2812.709	1166.21
2816.151	1175.88
2819.59	1190.21
2823.026	1204.21
2826.46	1221.88
2829.89	1236.54
2833.318	1241.88
2836.742	1245.54
2840.164	1260.88
2843.583	1281.88
2846.999	1301.21
2850.412	1312.21
2853.822	1329.21
2857.229	1356.88
2860.634	1367.54
2864.035	1389.21
2867.434	1417.88
2870.83	1432.54
2874.223	1450.54
2877.613	1459.54
2881	1478.21
2884.385	1500.54
2887.766	1506.88
2891.145	1529.21
2894.521	1552.88
2897.894	1565.88
2901.264	1596.54
2904.631	1606.88
2907.996	1632.54
2911.358	1650.88
2914.717	1690.54
2918.073	1722.54
2921.426	1758.21
2924.777	1782.21
2928.124	1824.21
2931.469	1863.88
2934.811	1912.54
2938.15	1960.21
2941.487	2009.21
2944.821	2032.21
2948.152	2070.21
2951.48	2116.88
2954.805	2161.21
2958.128	2197.21
2961.447	2242.21
2964.765	2298.54
2968.079	2352.54
2971.39	2402.88
2974.699	2460.21
2978.005	2519.54
2981.308	2592.88
2984.609	2670.88
2987.907	2738.54
2991.202	2802.54
2994.494	2873.54
2997.784	2959.54
3001.07	3034.54
3004.355	3112.54
3007.636	3169.54
3010.915	3251.21
3014.191	3317.21
3017.464	3375.88
3020.734	3445.54
3024.002	3488.54
3027.267	3569.88
3030.53	3664.88
3033.789	3745.54
3037.046	3836.21
3040.301	3937.54
3043.552	4028.54
3046.801	4137.21
3050.048	4264.21
3053.291	4404.21
3056.532	4527.21
3059.771	4663.88
3063.006	4817.54
3066.239	4963.54
3069.469	5113.54
3072.697	5258.21
3075.922	5410.54
3079.144	5560.21
3082.364	5708.88
3085.581	5831.88
3088.795	5978.54
3092.007	6103.54
3095.216	6261.88
3098.423	6401.54
3101.627	6542.88
3104.828	6685.88
3108.026	6829.54
3111.222	6996.54
3114.416	7137.54
3117.607	7288.88
3120.795	7463.54
3123.98	7664.21
3127.163	7828.21
3130.344	7986.21
3133.521	8183.54
3136.696	8369.88
3139.869	8499.54
3143.039	8686.88
3146.206	8765.54
3149.371	8905.54
3152.533	8976.54
3155.693	9074.54
3158.85	9132.88
3162.005	9194.88
3165.157	9244.21
3168.306	9277.21
3171.453	9313.88
3174.597	9355.54
3177.739	9399.88
3180.878	9429.88
3184.014	9463.88
3187.149	9510.21
3190.28	9558.88
3193.409	9557.21
3196.536	9595.54
3199.659	9667.21
3202.781	9691.88
3205.9	9720.54
3209.016	9726.21
3212.13	9718.88
3215.241	9692.54
3218.35	9657.54
3221.456	9591.88
3224.56	9507.21
3227.661	9439.88
3230.76	9378.88
3233.856	9320.88
3236.95	9247.21
3240.041	9193.54
3243.13	9116.54
3246.216	9055.54
3249.3	9024.88
3252.382	8979.54
3255.46	8938.54
3258.537	8927.54
3261.611	8881.88
3264.682	8858.54
3267.751	8829.21
3270.818	8773.88
3273.882	8720.88
3276.943	8691.54
3280.002	8656.88
3283.059	8556.88
3286.113	8447.88
3289.165	8361.21
3292.214	8254.88
3295.261	8148.21
3298.306	8073.21
3301.348	7948.21
3304.387	7872.54
3307.425	7763.54
3310.459	7707.88
3313.492	7611.21
3316.521	7552.21
3319.549	7476.88
3322.574	7436.54
3325.597	7416.21
3328.617	7370.88
3331.635	7345.88
3334.65	7319.54
3337.663	7269.21
3340.674	7258.54
3343.682	7250.88
3346.688	7242.21
3349.691	7213.21
3352.692	7187.88
3355.691	7166.88
3358.687	7114.54
3361.681	7065.21
3364.673	7019.88
3367.662	6931.54
3370.649	6861.88
3373.633	6787.54
3376.615	6721.54
3379.595	6636.21
3382.572	6585.54
3385.547	6497.54
3388.52	6441.54
3391.49	6345.21
3394.458	6297.54
3397.424	6219.21
3400.387	6178.21
3403.348	6099.88
3406.307	6068.21
3409.263	5999.54
3412.217	5963.88
3415.168	5907.54
3418.118	5849.88
3421.065	5804.88
3424.009	5727.88
3426.951	5678.54
3429.891	5610.54
3432.829	5516.88
3435.764	5457.54
3438.697	5339.54
3441.628	5237.21
3444.557	5132.54
3447.483	5018.54
3450.407	4900.54
3453.328	4788.88
3456.247	4687.21
3459.164	4562.88
3462.079	4450.54
3464.991	4349.54
3467.902	4246.54
3470.809	4140.88
3473.715	4046.54
3476.618	3941.88
3479.519	3863.54
3482.418	3778.21
3485.315	3672.54
3488.209	3611.88
3491.101	3535.88
3493.99	3455.21
3496.878	3383.88
3499.763	3306.88
3502.646	3225.54
3505.527	3145.88
3508.405	3047.88
3511.281	2968.21
3514.155	2867.54
3517.027	2786.54
3519.897	2688.88
3522.764	2590.54
3525.629	2500.21
3528.492	2418.21
3531.352	2336.88
3534.211	2247.21
3537.067	2155.54
3539.921	2090.88
3542.773	2012.88
3545.622	1932.88
3548.469	1869.21
3551.315	1805.88
3554.157	1745.88
3556.998	1692.21
3559.837	1632.54
3562.673	1586.88
3565.507	1548.88
3568.339	1482.21
3571.169	1437.21
3573.996	1401.54
3576.822	1353.88
3579.645	1309.88
3582.466	1263.54
3585.285	1219.54
3588.101	1181.88
3590.916	1134.54
3593.728	1096.88
3596.538	1056.88
3599.346	1020.88
3602.152	977.21
3604.956	944.54
3607.757	911.21
3610.556	876.21
3613.354	847.88
3616.149	822.88
3618.942	784.54
3621.732	764.54
3624.521	741.54
3627.307	719.21
3630.092	698.88
3632.874	677.88
3635.654	653.54
3638.432	637.54
3641.208	619.54
3643.982	585.21
3646.753	573.88
3649.523	548.21
3652.29	531.88
3655.055	510.88
3657.818	486.88
3660.579	469.54
3663.338	454.21
3666.095	435.21
3668.849	417.54
3671.602	392.88
3674.352	378.54
3677.101	360.54
3679.847	347.88
3682.591	330.21
3685.333	318.21
3688.073	304.54
3690.811	298.21
3693.547	286.88
3696.281	270.21
3699.013	264.88
3701.742	254.54
3704.47	249.54
3707.195	236.21
3709.919	220.21
3712.64	215.21
3715.359	207.21
3718.076	201.21
3720.792	189.21
3723.505	182.88
3726.216	176.54
3728.925	172.54
3731.632	166.54
3734.336	161.88
3737.039	159.21
3739.74	149.88
3742.439	143.21
3745.136	138.21
3747.83	136.54
3750.523	133.21
3753.213	129.21
3755.902	125.21
3758.589	120.54
3761.273	118.21
3763.956	114.54
3766.636	110.88
3769.315	107.21
3771.991	107.54
3774.665	99.54
3777.338	93.54
3780.008	96.21
3782.677	93.21
3785.343	94.54
3788.007	86.21
3790.67	88.21
3793.33	84.88
3795.989	77.88
3798.645	79.21
3801.299	81.21
3803.952	73.21
3806.602	70.54
3809.251	73.88
3811.897	67.21
3814.542	71.21
3817.184	66.54
3819.825	67.21
3822.463	63.88
3825.1	57.21
3827.735	64.54
3830.367	60.88
3832.998	59.21
3835.627	61.21
3838.253	59.21
3840.878	53.21
3843.501	53.88
3846.122	55.88
3848.741	51.88
3851.358	53.21
3853.973	53.54
3856.586	50.21
3859.197	50.88
3861.806	47.88
3864.414	45.88
3867.019	52.21
3869.622	55.54
3872.224	62.54
3874.823	82.54
3877.421	105.21
3880.016	135.21
3882.61	165.21
3885.202	171.88
3887.792	139.54
3890.38	99.54
3892.966	43.88
3895.55	36.21
3898.132	41.21
3900.713	35.88
3903.291	35.88
3905.868	36.21
3908.442	28.54
3911.015	32.21
3913.586	30.21
3916.155	31.54
3918.722	25.21
3921.287	28.21
3923.85	24.88
3926.411	30.54
3928.971	25.21
3931.528	23.54
3934.084	22.54
3936.638	23.88
3939.19	24.88
3941.74	23.54
3944.288	26.21
3946.834	24.54
3949.378	26.88
3951.921	24.21
3954.462	26.21
3957	30.54
3959.537	32.54
3962.072	30.21
3964.606	30.21
3967.137	31.21
3969.667	29.21
3972.194	30.88
3974.72	36.88
3977.244	38.88
3979.766	40.88
3982.286	35.21
3984.805	39.88
3987.321	44.88
3989.836	41.88
3992.349	45.88
3994.86	44.88
3997.369	37.88
3999.877	43.54
4002.382	40.54
4004.886	41.88
4007.388	41.21
4009.888	40.88
4012.386	36.54
4014.883	39.88
4017.377	36.88
4019.87	33.88
4022.361	37.21
4024.85	36.88
4027.338	38.21
4029.823	38.21
4032.307	36.21
4034.789	34.54
4037.269	36.54
4039.747	29.21
4042.224	29.21
4044.699	32.88
4047.172	31.21
4049.643	33.54
4052.112	30.54
4054.58	27.21
4057.046	31.21
4059.51	31.88
4061.972	28.88
4064.432	34.21
4066.891	30.88
4069.348	32.21
4071.803	31.21
4074.256	30.21
4076.708	27.88
4079.158	30.88
4081.606	32.21
4084.052	31.88
4086.497	33.54
4088.939	29.54
4091.38	35.88
4093.819	35.21
4096.257	3.21
4098.693	0.54
4101.127	-0.12
4103.559	0.88
4105.989	372.54
4108.418	381.54
4110.845	410.88
4113.27	440.21
4115.694	474.88
4118.115	536.54
4120.535	32.54
4122.954	33.21
4125.37	29.54
4127.785	30.54
4130.198	27.21
4132.609	32.54
4135.019	-3.46
4137.427	-0.79
4139.833	0.54
4142.237	-0.79
