160.701	530.54
166.742	718.88
172.777	1239.88
178.805	2902.54
184.826	7071.54
190.841	14698.88
196.849	23961.88
202.85	30776.87
208.845	32951.21
214.833	32173.54
220.815	30983.21
226.789	30168.54
232.758	29417.88
238.719	28637.88
244.674	27648.88
250.623	26626.54
256.565	25554.88
262.5	24523.21
268.429	23514.54
274.351	22689.88
280.267	21991.21
286.176	21359.21
292.079	20812.21
297.975	20342.21
303.865	19831.88
309.748	19351.88
315.625	18980.54
321.495	18722.21
327.359	18490.21
333.217	18310.21
339.068	18247.88
344.912	18159.54
350.751	18090.21
356.583	18072.21
362.408	18048.54
368.227	18083.54
374.04	18206.54
379.847	18425.54
385.647	18618.54
391.44	18605.88
397.228	18511.21
403.009	18506.54
408.784	18701.88
414.553	19139.88
420.315	19705.88
426.071	19849.54
431.821	19273.54
437.565	18672.88
443.302	18457.21
449.033	18282.54
454.758	18175.88
460.477	18058.88
466.189	18008.54
471.896	17890.54
477.596	17765.21
483.29	17684.21
488.978	17574.88
494.66	17451.21
500.335	17245.54
506.005	16989.54
511.668	16698.54
517.325	16406.54
522.977	16150.54
528.622	15973.21
534.261	15783.54
539.894	15621.54
545.521	15514.54
551.141	15438.88
556.756	15343.54
562.365	15200.88
567.968	15129.54
573.565	15024.21
579.155	14957.88
584.74	14884.54
590.319	14746.21
595.892	14624.54
601.459	14493.88
607.02	14406.54
612.575	14214.54
618.124	14089.54
623.667	13924.88
629.204	13831.21
634.735	13792.54
640.261	13765.88
645.781	13890.88
651.294	13917.21
656.802	13727.21
662.304	13471.54
667.8	13276.54
673.29	13175.88
678.775	13098.88
684.254	13009.21
689.726	12926.54
695.193	12803.21
700.655	12716.88
706.11	12599.88
711.56	12536.21
717.004	12445.54
722.442	12415.88
727.874	12358.88
733.301	12429.21
738.722	12410.54
744.137	12300.21
749.547	12172.54
754.951	12086.88
760.349	11999.21
765.741	11890.21
771.128	11798.88
776.509	11765.21
781.885	11692.21
787.254	11619.54
792.618	11582.21
797.977	11444.88
803.33	11326.54
808.677	11222.88
814.019	11096.88
819.355	10966.88
824.686	10869.54
830.011	10760.88
835.33	10695.21
840.644	10629.54
845.952	10577.88
851.255	10486.21
856.552	10433.88
861.844	10361.88
867.13	10257.54
872.41	10183.21
877.686	10089.54
882.955	9926.21
888.219	9789.21
893.478	9645.21
898.731	9526.54
903.979	9363.88
909.221	9296.21
914.458	9173.88
919.69	9150.54
924.916	9102.21
930.136	9109.54
935.351	9076.21
940.561	9048.88
945.766	9013.54
950.965	8963.54
956.158	8853.54
961.347	8755.88
966.529	8612.88
971.707	8479.88
976.879	8381.21
982.046	8272.88
987.208	8259.21
992.364	8215.88
997.515	8246.88
1002.66	8305.88
1007.801	8324.54
1012.936	8386.21
1018.066	8421.21
1023.19	8458.54
1028.309	8451.88
1033.423	8427.54
1038.532	8378.21
1043.636	8290.21
1048.734	8207.21
1053.827	8094.88
1058.915	8034.21
1063.998	7984.54
1069.075	7959.54
1074.147	7930.54
1079.214	7965.54
1084.276	8010.21
1089.333	8030.54
1094.385	8066.21
1099.431	8098.54
1104.472	8086.21
1109.509	8068.54
1114.54	7967.54
1119.565	7871.88
1124.586	7773.21
1129.602	7691.21
1134.613	7654.21
1139.618	7613.88
1144.619	7632.21
1149.614	7625.88
1154.604	7666.21
1159.589	7658.21
1164.57	7694.54
1169.545	7716.21
1174.515	7725.88
1179.48	7682.88
1184.44	7621.54
1189.395	7600.21
1194.345	7502.88
1199.29	7501.54
1204.23	7517.21
1209.165	7529.88
1214.095	7581.54
1219.021	7618.88
1223.941	7688.54
1228.856	7714.54
1233.766	7726.54
1238.672	7709.54
1243.572	7681.88
1248.467	7616.88
1253.358	7539.54
1258.244	7427.21
1263.124	7346.88
1268	7227.21
1272.871	7155.88
1277.737	7094.54
1282.599	7077.54
1287.455	7080.88
1292.306	7112.88
1297.153	7166.54
1301.995	7221.88
1306.832	7261.21
1311.664	7287.88
1316.491	7244.21
1321.314	7211.88
1326.132	7160.88
1330.945	7079.21
1335.753	7011.21
1340.556	6941.54
1345.354	6892.88
1350.148	6831.88
1354.937	6762.54
1359.722	6693.21
1364.501	6643.21
1369.276	6560.21
1374.046	6499.88
1378.811	6471.21
1383.572	6444.21
1388.327	6442.88
1393.079	6341.21
1397.825	6294.54
1402.567	6210.21
1407.304	6159.21
1412.036	6130.88
1416.764	6118.21
1421.487	6149.88
1426.205	6181.21
1430.919	6192.54
1435.628	6249.54
1440.333	6307.54
1445.032	6352.21
1449.727	6419.54
1454.418	6399.88
1459.104	6415.54
1463.785	6402.88
1468.462	6343.54
1473.134	6316.21
1477.802	6290.21
1482.465	6270.88
1487.123	6268.88
1491.777	6302.54
1496.426	6332.54
1501.071	6419.54
1505.711	6430.88
1510.347	6476.88
1514.978	6494.54
1519.604	6529.54
1524.226	6506.21
1528.844	6472.88
1533.457	6422.21
1538.065	6390.21
1542.669	6333.88
1547.269	6355.54
1551.864	6335.54
1556.454	6395.88
1561.041	6468.54
1565.622	6540.21
1570.199	6625.54
1574.772	6717.88
1579.34	6884.88
1583.904	7002.21
1588.464	7115.21
1593.019	7251.88
1597.569	7361.88
1602.115	7457.54
1606.657	7533.21
1611.195	7634.54
1615.728	7722.21
1620.256	7838.21
1624.78	7953.21
1629.3	8101.21
1633.816	8229.54
1638.327	8329.21
1642.834	8427.21
1647.336	8525.54
1651.834	8537.21
1656.328	8504.54
1660.817	8446.88
1665.302	8318.21
1669.783	8183.54
1674.259	7955.88
1678.732	7714.88
1683.199	7490.88
1687.663	7246.54
1692.122	6976.54
1696.577	6679.54
1701.028	6385.54
1705.474	6095.21
1709.917	5868.88
1714.355	5661.54
1718.788	5512.88
1723.218	5399.88
1727.643	5282.21
1732.064	5149.54
1736.481	5003.54
1740.893	4863.21
1745.301	4707.54
1749.705	4563.21
1754.105	4437.21
1758.501	4322.88
1762.893	4235.21
1767.28	4156.88
1771.663	4115.21
1776.042	4064.21
1780.417	4093.54
1784.787	4080.21
1789.154	4086.21
1793.516	4067.21
1797.874	4004.21
1802.228	3933.88
1806.578	3843.88
1810.924	3765.21
1815.266	3708.88
1819.603	3651.88
1823.937	3607.88
1828.266	3573.54
1832.591	3559.54
1836.913	3543.88
1841.23	3543.88
1845.543	3546.21
1849.852	3563.54
1854.156	3575.54
1858.457	3596.88
1862.754	3607.54
1867.047	3622.54
1871.335	3638.88
1875.62	3650.21
1879.9	3659.54
1884.177	3669.54
1888.449	3648.21
1892.718	3640.21
1896.982	3633.21
1901.243	3628.21
1905.499	3623.88
1909.752	3616.21
1914	3631.54
1918.245	3643.21
1922.485	3653.88
1926.722	3677.88
1930.954	3672.21
1935.183	3671.88
1939.408	3680.88
1943.628	3659.88
1947.845	3621.21
1952.058	3577.54
1956.267	3527.54
1960.472	3474.88
1964.673	3415.88
1968.87	3378.54
1973.063	3320.54
1977.252	3309.88
1981.438	3279.54
1985.619	3267.54
1989.797	3275.21
1993.971	3269.88
1998.14	3279.88
2002.306	3296.54
2006.469	3313.88
2010.627	3318.54
2014.781	3342.54
2018.932	3342.88
2023.078	3336.54
2027.221	3336.54
2031.36	3294.88
2035.495	3289.88
2039.627	3272.21
2043.754	3261.54
2047.878	3259.88
2051.998	3272.21
2056.114	3271.54
2060.226	3299.54
2064.334	3333.21
2068.439	3340.54
2072.54	3382.54
2076.637	3397.21
2080.73	3417.54
2084.82	3412.88
2088.906	3428.21
2092.988	3419.21
2097.066	3390.88
2101.14	3354.88
2105.211	3322.54
2109.278	3296.88
2113.342	3254.21
2117.401	3195.88
2121.457	3174.88
2125.509	3156.54
2129.558	3114.54
2133.602	3110.21
2137.643	3077.21
2141.681	3050.54
2145.714	3038.54
2149.744	3016.88
2153.77	2998.54
2157.793	2975.21
2161.812	2929.21
2165.827	2877.88
2169.838	2853.88
2173.846	2815.54
2177.851	2766.88
2181.851	2736.21
2185.848	2698.21
2189.841	2668.54
2193.831	2616.21
2197.817	2602.88
2201.799	2586.54
2205.778	2573.54
2209.753	2558.88
2213.725	2552.21
2217.693	2520.54
2221.657	2505.54
2225.618	2505.21
2229.575	2474.21
2233.529	2440.54
2237.479	2401.54
2241.425	2366.88
2245.368	2339.21
2249.307	2308.21
2253.243	2273.54
2257.175	2236.88
2261.104	2210.21
2265.029	2177.88
2268.95	2132.21
2272.868	2105.54
2276.783	2076.88
2280.694	2061.21
2284.601	2026.88
2288.505	2000.88
2292.405	1975.88
2296.302	1954.21
2300.195	1917.21
2304.085	1890.88
2307.971	1859.54
2311.854	1841.54
2315.734	1808.88
2319.609	1765.54
2323.482	1755.21
2327.351	1743.21
2331.216	1737.54
2335.078	1730.54
2338.937	1709.21
2342.792	1689.54
2346.643	1683.88
2350.492	1671.21
2354.336	1674.88
2358.178	1667.54
2362.015	1664.54
2365.85	1669.21
2369.681	1666.21
2373.508	1671.21
2377.333	1664.54
2381.153	1668.88
2384.971	1657.88
2388.785	1649.21
2392.595	1642.21
2396.402	1626.21
2400.206	1613.88
2404.007	1603.54
2407.804	1599.54
2411.597	1597.21
2415.388	1591.21
2419.174	1582.21
2422.958	1582.88
2426.738	1577.88
2430.515	1558.54
2434.289	1545.54
2438.059	1542.21
2441.825	1536.54
2445.589	1526.88
2449.349	1524.54
2453.106	1494.21
2456.859	1479.21
2460.61	1479.88
2464.356	1474.88
2468.1	1463.54
2471.84	1446.88
2475.577	1445.88
2479.311	1447.21
2483.041	1437.21
2486.768	1444.88
2490.492	1441.54
2494.213	1433.21
2497.93	1443.88
2501.644	1447.54
2505.355	1433.54
2509.062	1433.54
2512.766	1428.21
2516.467	1420.54
2520.165	1424.88
2523.859	1420.21
2527.551	1411.88
2531.239	1407.54
2534.923	1401.21
2538.605	1389.54
2542.283	1388.88
2545.958	1376.54
2549.63	1380.88
2553.299	1374.21
2556.964	1363.88
2560.626	1367.21
2564.285	1358.21
2567.941	1351.54
2571.594	1335.21
2575.243	1331.88
2578.89	1318.54
2582.533	1302.54
2586.173	1284.54
2589.809	1273.54
2593.443	1263.54
2597.073	1244.88
2600.701	1237.88
2604.325	1234.54
2607.946	1226.21
2611.564	1208.21
2615.178	1217.21
2618.79	1210.88
2622.398	1200.54
2626.004	1191.88
2629.606	1181.54
2633.205	1175.54
2636.801	1165.88
2640.394	1146.21
2643.983	1141.21
2647.57	1146.54
2651.153	1132.88
2654.734	1126.54
2658.311	1113.21
2661.885	1116.88
2665.456	1111.21
2669.025	1105.54
2672.589	1096.21
2676.151	1097.21
2679.71	1085.88
2683.266	1089.21
2686.819	1085.21
2690.368	1072.21
2693.915	1064.54
2697.458	1068.21
2700.999	1057.21
2704.536	1045.54
2708.071	1047.54
2711.602	1043.54
2715.13	1042.54
2718.656	1037.88
2722.178	1045.88
2725.697	1050.21
2729.214	1054.21
2732.727	1058.88
2736.237	1066.54
2739.744	1080.54
2743.249	1088.54
2746.75	1085.88
2750.248	1087.21
2753.743	1084.21
2757.236	1061.21
2760.725	1070.54
2764.211	1051.88
2767.695	1039.54
2771.175	1039.21
2774.652	1032.21
2778.127	1038.21
2781.598	1038.88
2785.067	1048.21
2788.532	1055.54
2791.995	1069.21
2795.455	1077.21
2798.911	1093.88
2802.365	1107.54
2805.816	1117.88
2809.264	1132.88
2812.709	1139.21
2816.151	1149.21
2819.59	1154.54
2823.026	1164.88
2826.46	1170.54
2829.89	1177.54
2833.318	1196.21
2836.742	1205.21
2840.164	1213.54
2843.583	1222.54
2846.999	1249.54
2850.412	1257.54
2853.822	1264.54
2857.229	1290.88
2860.634	1299.54
2864.035	1322.54
2867.434	1328.88
2870.83	1347.54
2874.223	1372.21
2877.613	1377.54
2881	1390.21
2884.385	1395.54
2887.766	1411.21
2891.145	1416.21
2894.521	1433.21
2897.894	1451.88
2901.264	1462.21
2904.631	1476.88
2907.996	1496.21
2911.358	1513.54
2914.717	1526.54
2918.073	1561.54
2921.426	1593.54
2924.777	1614.54
2928.124	1639.54
2931.469	1682.88
2934.811	1702.88
2938.15	1737.21
2941.487	1773.88
2944.821	1816.21
2948.152	1844.88
2951.48	1875.88
2954.805	1896.54
2958.128	1943.21
2961.447	1981.88
2964.765	2024.88
2968.079	2061.88
2971.39	2119.88
2974.699	2167.88
2978.005	2211.88
2981.308	2271.21
2984.609	2327.88
2987.907	2390.88
2991.202	2463.88
2994.494	2522.88
2997.784	2569.88
3001.07	2639.54
3004.355	2691.54
3007.636	2774.21
3010.915	2824.88
3014.191	2871.54
3017.464	2901.21
3020.734	2960.54
3024.002	3010.88
3027.267	3063.54
3030.53	3125.54
3033.789	3186.21
3037.046	3269.88
3040.301	3333.88
3043.552	3430.88
3046.801	3514.88
3050.048	3616.54
3053.291	3717.21
3056.532	3821.54
3059.771	3933.54
3063.006	4057.21
3066.239	4165.54
3069.469	4296.88
3072.697	4436.21
3075.922	4548.88
3079.144	4663.88
3082.364	4785.88
3085.581	4892.21
3088.795	4994.88
3092.007	5135.54
3095.216	5245.88
3098.423	5345.88
3101.627	5486.88
3104.828	5594.54
3108.026	5707.88
3111.222	5865.88
3114.416	5967.88
3117.607	6117.21
3120.795	6251.88
3123.98	6383.54
3127.163	6535.88
3130.344	6682.88
3133.521	6827.54
3136.696	6964.88
3139.869	7092.88
3143.039	7223.21
3146.206	7304.88
3149.371	7418.21
3152.533	7490.21
3155.693	7545.54
3158.85	7607.21
3162.005	7655.21
3165.157	7708.88
3168.306	7721.88
3171.453	7749.88
3174.597	7779.54
3177.739	7819.88
3180.878	7856.88
3184.014	7877.21
3187.149	7922.88
3190.28	7919.54
3193.409	7955.54
3196.536	7991.21
3199.659	8040.21
3202.781	8075.88
3205.9	8100.54
3209.016	8115.88
3212.13	8097.88
3215.241	8088.21
3218.35	8064.54
3221.456	8023.88
3224.56	7944.21
3227.661	7912.88
3230.76	7880.88
3233.856	7824.21
3236.95	7783.54
3240.041	7716.54
3243.13	7691.88
3246.216	7665.21
3249.3	7612.21
3252.382	7583.54
3255.46	7553.88
3258.537	7588.21
3261.611	7503.54
3264.682	7483.21
3267.751	7460.54
3270.818	7430.21
3273.882	7382.54
3276.943	7345.21
3280.002	7276.88
3283.059	7220.54
3286.113	7140.54
3289.165	7048.88
3292.214	6943.54
3295.261	6856.54
3298.306	6774.54
3301.348	6655.54
3304.387	6579.54
3307.425	6497.54
3310.459	6412.54
3313.492	6354.21
3316.521	6297.54
3319.549	6237.21
3322.574	6198.21
3325.597	6177.54
3328.617	6127.21
3331.635	6103.21
3334.65	6086.21
3337.663	6054.21
3340.674	6039.54
3343.682	6018.88
3346.688	6034.54
3349.691	6012.54
3352.692	6001.21
3355.691	5950.88
3358.687	5929.21
3361.681	5865.21
3364.673	5821.88
3367.662	5754.88
3370.649	5700.21
3373.633	5622.54
3376.615	5575.88
3379.595	5515.88
3382.572	5450.88
3385.547	5382.21
3388.52	5349.21
3391.49	5283.21
3394.458	5250.88
3397.424	5199.88
3400.387	5140.54
3403.348	5095.88
3406.307	5069.88
3409.263	5034.54
3412.217	4977.21
3415.168	4931.54
3418.118	4889.21
3421.065	4854.54
3424.009	4835.54
3426.951	4742.21
3429.891	4691.54
3432.829	4618.88
3435.764	4547.88
3438.697	4488.88
3441.628	4378.54
3444.557	4310.54
3447.483	4213.54
3450.407	4126.21
3453.328	4022.21
3456.247	3944.54
3459.164	3860.88
3462.079	3758.54
3464.991	3650.21
3467.902	3592.21
3470.809	3509.54
3473.715	3418.54
3476.618	3332.21
3479.519	3272.54
3482.418	3194.21
3485.315	3132.21
3488.209	3063.88
3491.101	3003.54
3493.99	2933.88
3496.878	2889.88
3499.763	2802.88
3502.646	2742.54
3505.527	2670.54
3508.405	2603.54
3511.281	2524.88
3514.155	2436.88
3517.027	2377.54
3519.897	2306.21
3522.764	2229.88
3525.629	2128.21
3528.492	2057.54
3531.352	1990.88
3534.211	1924.88
3537.067	1850.54
3539.921	1780.54
3542.773	1716.54
3545.622	1651.54
3548.469	1594.21
3551.315	1540.21
3554.157	1496.21
3556.998	1445.54
3559.837	1396.21
3562.673	1370.21
3565.507	1322.54
3568.339	1276.21
3571.169	1238.88
3573.996	1198.21
3576.822	1161.54
3579.645	1134.54
3582.466	1121.21
3585.285	1056.54
3588.101	1017.21
3590.916	980.88
3593.728	943.88
3596.538	916.21
3599.346	882.21
3602.152	845.54
3604.956	810.54
3607.757	782.54
3610.556	754.88
3613.354	729.88
3616.149	700.21
3618.942	674.88
3621.732	652.88
3624.521	641.88
3627.307	615.54
3630.092	601.88
3632.874	581.54
3635.654	552.54
3638.432	538.21
3641.208	527.88
3643.982	505.21
3646.753	488.21
3649.523	465.21
3652.29	452.21
3655.055	440.54
3657.818	419.54
3660.579	399.54
3663.338	389.54
3666.095	370.54
3668.849	350.88
3671.602	333.54
3674.352	322.88
3677.101	303.54
3679.847	293.21
3682.591	281.54
3685.333	277.21
3688.073	261.54
3690.811	248.88
3693.547	246.21
3696.281	232.88
3699.013	224.54
3701.742	219.21
3704.47	208.54
3707.195	203.21
3709.919	193.54
3712.64	184.21
3715.359	183.88
3718.076	170.88
3720.792	163.54
3723.505	158.54
3726.216	154.88
3728.925	149.21
3731.632	143.54
3734.336	140.88
3737.039	135.21
3739.74	127.21
3742.439	123.88
3745.136	116.88
3747.83	116.54
3750.523	114.21
3753.213	105.88
3755.902	108.54
3758.589	100.54
3761.273	99.88
3763.956	102.21
3766.636	94.21
3769.315	96.21
3771.991	89.54
3774.665	82.88
3777.338	79.54
3780.008	85.88
3782.677	85.21
3785.343	83.21
3788.007	70.88
3790.67	78.21
3793.33	73.21
3795.989	69.21
3798.645	71.54
3801.299	68.88
3803.952	65.21
3806.602	62.21
3809.251	67.88
3811.897	60.88
3814.542	62.88
3817.184	63.54
3819.825	59.54
3822.463	59.21
3825.1	55.54
3827.735	55.21
3830.367	51.88
3832.998	50.88
3835.627	56.88
3838.253	53.54
3840.878	47.21
3843.501	50.54
3846.122	47.54
3848.741	44.88
3851.358	47.54
3853.973	47.21
3856.586	43.54
3859.197	41.21
3861.806	41.54
3864.414	37.88
3867.019	41.21
3869.622	42.21
3872.224	48.88
3874.823	61.21
3877.421	71.54
3880.016	87.54
3882.61	100.21
3885.202	109.54
3887.792	94.21
3890.38	65.54
3892.966	24.54
3895.55	29.21
3898.132	34.88
3900.713	34.54
3903.291	32.21
3905.868	32.54
3908.442	30.54
3911.015	32.21
3913.586	29.54
3916.155	31.88
3918.722	29.54
3921.287	26.88
3923.85	27.21
3926.411	28.54
3928.971	27.54
3931.528	20.88
3934.084	19.88
3936.638	23.54
3939.19	21.21
3941.74	20.88
3944.288	21.88
3946.834	24.54
3949.378	21.88
3951.921	18.54
3954.462	23.88
3957	25.88
3959.537	23.21
3962.072	24.54
3964.606	21.54
3967.137	27.88
3969.667	24.88
3972.194	29.21
3974.72	29.54
3977.244	33.88
3979.766	36.21
3982.286	33.88
3984.805	37.54
3987.321	36.54
3989.836	39.88
3992.349	41.88
3994.86	39.21
3997.369	36.88
3999.877	40.21
4002.382	36.21
4004.886	38.21
4007.388	38.21
4009.888	37.54
4012.386	33.21
4014.883	35.88
4017.377	32.88
4019.87	37.21
4022.361	38.54
4024.85	34.54
4027.338	32.88
4029.823	33.88
4032.307	29.21
4034.789	31.54
4037.269	32.88
4039.747	30.21
4042.224	25.88
4044.699	29.88
4047.172	29.21
4049.643	30.21
4052.112	31.21
4054.58	27.88
4057.046	27.88
4059.51	26.88
4061.972	28.88
4064.432	53.54
4066.891	41.88
4069.348	31.88
4071.803	29.88
4074.256	27.88
4076.708	30.54
4079.158	26.54
4081.606	28.88
4084.052	29.54
4086.497	30.21
4088.939	32.21
4091.38	33.21
4093.819	32.21
4096.257	4.21
4098.693	-1.46
4101.127	-3.79
4103.559	-0.12
4105.989	283.88
4108.418	301.88
4110.845	327.21
4113.27	355.21
4115.694	392.21
4118.115	451.21
4120.535	31.21
4122.954	30.88
4125.37	26.88
4127.785	27.54
4130.198	31.21
4132.609	30.54
4135.019	-2.12
4137.427	1.21
4139.833	1.21
4142.237	0.88
