160.701	569.87
166.742	757.21
172.777	1298.21
178.805	3020.54
184.826	7362.21
190.841	15201.54
196.849	24785.54
202.85	31806.88
208.845	33924.88
214.833	33117.54
220.815	31750.88
226.789	30900.88
232.758	30001.87
238.719	29125.21
244.674	28083.54
250.623	26951.21
256.565	25777.54
262.5	24636.88
268.429	23593.54
274.351	22707.88
280.267	21860.88
286.176	21167.54
292.079	20503.88
297.975	19930.88
303.865	19424.54
309.748	18969.21
315.625	18565.88
321.495	18285.54
327.359	18059.54
333.217	17895.54
339.068	17770.88
344.912	17709.21
350.751	17627.21
356.583	17593.54
362.408	17552.54
368.227	17615.21
374.04	17729.21
379.847	17939.88
385.647	18097.21
391.44	18061.21
397.228	17991.88
403.009	18028.54
408.784	18232.21
414.553	18715.21
420.315	19322.21
426.071	19457.87
431.821	18849.88
437.565	18251.54
443.302	18008.21
449.033	17851.87
454.758	17769.21
460.477	17653.21
466.189	17544.88
471.896	17415.21
477.596	17318.87
483.29	17167.88
488.978	17083.54
494.66	16972.21
500.335	16764.21
506.005	16474.88
511.668	16174.88
517.325	15840.87
522.977	15606.88
528.622	15378.54
534.261	15191.21
539.894	15031.54
545.521	14902.21
551.141	14786.54
556.756	14692.54
562.365	14575.87
567.968	14480.87
573.565	14392.88
579.155	14300.21
584.74	14188.54
590.319	14055.54
595.892	13940.54
601.459	13824.88
607.02	13720.54
612.575	13589.21
618.124	13429.54
623.667	13286.21
629.204	13173.21
634.735	13113.21
640.261	13123.88
645.781	13225.21
651.294	13231.88
656.802	13082.88
662.304	12788.21
667.8	12621.21
673.29	12525.88
678.775	12388.88
684.254	12321.88
689.726	12245.54
695.193	12151.88
700.655	12030.54
706.11	11930.88
711.56	11816.88
717.004	11727.54
722.442	11653.21
727.874	11568.54
733.301	11538.54
738.722	11453.54
744.137	11447.88
749.547	11402.21
754.951	11368.54
760.349	11281.21
765.741	11187.88
771.128	11089.54
776.509	11054.88
781.885	11016.54
787.254	10953.21
792.618	10854.54
797.977	10762.54
803.33	10655.88
808.677	10542.88
814.019	10405.88
819.355	10301.88
824.686	10157.88
830.011	10072.54
835.33	10007.54
840.644	9889.88
845.952	9848.21
851.255	9762.88
856.552	9723.88
861.844	9611.88
867.13	9527.21
872.41	9447.54
877.686	9300.88
882.955	9166.54
888.219	8996.21
893.478	8906.21
898.731	8738.54
903.979	8630.88
909.221	8515.54
914.458	8441.88
919.69	8387.88
924.916	8341.54
930.136	8302.21
935.351	8305.21
940.561	8259.54
945.766	8206.54
950.965	8177.21
956.158	8104.88
961.347	7973.88
966.529	7858.88
971.707	7743.88
976.879	7625.21
982.046	7528.88
987.208	7499.88
992.364	7476.54
997.515	7499.21
1002.66	7497.87
1007.801	7554.21
1012.936	7599.54
1018.066	7665.54
1023.19	7676.21
1028.309	7664.88
1033.423	7629.21
1038.532	7586.21
1043.636	7519.21
1048.734	7436.88
1053.827	7375.54
1058.915	7286.54
1063.998	7245.54
1069.075	7216.54
1074.147	7213.21
1079.214	7220.54
1084.276	7256.87
1089.333	7290.88
1094.385	7326.88
1099.431	7367.21
1104.472	7330.54
1109.509	7315.21
1114.54	7222.21
1119.565	7143.54
1124.586	7034.88
1129.602	6972.87
1134.613	6928.21
1139.618	6889.87
1144.619	6902.21
1149.614	6892.21
1154.604	6946.87
1159.589	6945.21
1164.57	6968.87
1169.545	6995.88
1174.515	6994.21
1179.48	6944.88
1184.44	6919.54
1189.395	6856.21
1194.345	6830.54
1199.29	6815.54
1204.23	6793.21
1209.165	6800.21
1214.095	6823.54
1219.021	6875.88
1223.941	6906.54
1228.856	6933.54
1233.766	6971.21
1238.672	6963.88
1243.572	6952.21
1248.467	6905.54
1253.358	6819.88
1258.244	6702.21
1263.124	6611.21
1268	6539.21
1272.871	6449.87
1277.737	6408.88
1282.599	6389.21
1287.455	6381.88
1292.306	6411.21
1297.153	6420.21
1301.995	6477.54
1306.832	6521.88
1311.664	6543.88
1316.491	6519.88
1321.314	6489.88
1326.132	6440.21
1330.945	6377.54
1335.753	6317.54
1340.556	6266.54
1345.354	6227.21
1350.148	6165.88
1354.937	6101.21
1359.722	6030.54
1364.501	5937.21
1369.276	5897.54
1374.046	5863.21
1378.811	5787.88
1383.572	5731.54
1388.327	5708.54
1393.079	5650.21
1397.825	5600.21
1402.567	5563.88
1407.304	5533.54
1412.036	5510.54
1416.764	5502.88
1421.487	5520.21
1426.205	5544.88
1430.919	5554.21
1435.628	5630.54
1440.333	5685.21
1445.032	5692.21
1449.727	5760.54
1454.418	5773.88
1459.104	5751.54
1463.785	5714.21
1468.462	5692.54
1473.134	5669.54
1477.802	5648.54
1482.465	5638.54
1487.123	5646.54
1491.777	5698.54
1496.426	5718.88
1501.071	5756.54
1505.711	5808.54
1510.347	5826.54
1514.978	5865.54
1519.604	5875.21
1524.226	5881.21
1528.844	5875.21
1533.457	5821.88
1538.065	5797.21
1542.669	5786.21
1547.269	5778.87
1551.864	5770.88
1556.454	5856.54
1561.041	5929.21
1565.622	5994.88
1570.199	6090.21
1574.772	6226.87
1579.34	6377.54
1583.904	6515.54
1588.464	6641.54
1593.019	6767.87
1597.569	6909.21
1602.115	7007.54
1606.657	7092.21
1611.195	7232.21
1615.728	7320.21
1620.256	7453.54
1624.78	7607.88
1629.3	7758.21
1633.816	7885.54
1638.327	8011.54
1642.834	8122.88
1647.336	8211.54
1651.834	8212.88
1656.328	8187.87
1660.817	8137.88
1665.302	8013.88
1669.783	7826.88
1674.259	7610.54
1678.732	7350.54
1683.199	7114.21
1687.663	6861.54
1692.122	6566.87
1696.577	6292.54
1701.028	5972.21
1705.474	5701.54
1709.917	5429.88
1714.355	5236.54
1718.788	5046.88
1723.218	4920.54
1727.643	4799.54
1732.064	4666.54
1736.481	4535.88
1740.893	4369.88
1745.301	4224.54
1749.705	4086.54
1754.105	3964.54
1758.501	3839.21
1762.893	3757.21
1767.28	3686.88
1771.663	3650.54
1776.042	3604.21
1780.417	3614.88
1784.787	3597.87
1789.154	3579.54
1793.516	3565.88
1797.874	3519.88
1802.228	3441.21
1806.578	3359.87
1810.924	3275.88
1815.266	3221.54
1819.603	3153.54
1823.937	3125.54
1828.266	3094.88
1832.591	3099.21
1836.913	3082.88
1841.23	3083.21
1845.543	3079.54
1849.852	3092.21
1854.156	3098.54
1858.457	3109.21
1862.754	3125.21
1867.047	3143.54
1871.335	3174.21
1875.62	3169.54
1879.9	3188.21
1884.177	3175.87
1888.449	3177.88
1892.718	3184.54
1896.982	3164.54
1901.243	3170.21
1905.499	3158.87
1909.752	3154.88
1914	3164.21
1918.245	3186.54
1922.485	3202.54
1926.722	3192.21
1930.954	3237.21
1935.183	3232.21
1939.408	3231.88
1943.628	3202.21
1947.845	3175.54
1952.058	3128.21
1956.267	3113.88
1960.472	3068.87
1964.673	3019.54
1968.87	2975.88
1973.063	2943.54
1977.252	2922.87
1981.438	2901.87
1985.619	2911.88
1989.797	2903.88
1993.971	2917.54
1998.14	2919.21
2002.306	2949.87
2006.469	2978.21
2010.627	2975.54
2014.781	2994.21
2018.932	3001.21
2023.078	3013.21
2027.221	2991.54
2031.36	2976.54
2035.495	2968.21
2039.627	2964.88
2043.754	2959.21
2047.878	2940.21
2051.998	2964.21
2056.114	2979.88
2060.226	2996.21
2064.334	3032.54
2068.439	3055.21
2072.54	3071.88
2076.637	3108.54
2080.73	3132.88
2084.82	3153.54
2088.906	3142.88
2092.988	3155.88
2097.066	3124.54
2101.14	3090.21
2105.211	3043.54
2109.278	3024.21
2113.342	2989.54
2117.401	2957.54
2121.457	2939.21
2125.509	2908.87
2129.558	2876.88
2133.602	2855.21
2137.643	2828.88
2141.681	2824.21
2145.714	2809.21
2149.744	2776.21
2153.77	2763.54
2157.793	2749.21
2161.812	2705.21
2165.827	2663.88
2169.838	2633.21
2173.846	2598.54
2177.851	2554.54
2181.851	2506.87
2185.848	2479.88
2189.841	2453.87
2193.831	2426.54
2197.817	2405.54
2201.799	2382.88
2205.778	2373.21
2209.753	2346.21
2213.725	2332.88
2217.693	2325.21
2221.657	2305.54
2225.618	2288.21
2229.575	2274.54
2233.529	2251.21
2237.479	2203.21
2241.425	2163.88
2245.368	2148.21
2249.307	2119.88
2253.243	2079.21
2257.175	2040.87
2261.104	2008.87
2265.029	1977.54
2268.95	1953.21
2272.868	1938.88
2276.783	1896.54
2280.694	1870.88
2284.601	1842.54
2288.505	1821.88
2292.405	1786.21
2296.302	1763.88
2300.195	1750.21
2304.085	1716.54
2307.971	1688.54
2311.854	1671.21
2315.734	1640.88
2319.609	1609.88
2323.482	1586.54
2327.351	1577.54
2331.216	1576.88
2335.078	1571.21
2338.937	1548.21
2342.792	1524.54
2346.643	1514.87
2350.492	1510.88
2354.336	1511.21
2358.178	1514.88
2362.015	1506.54
2365.85	1504.88
2369.681	1508.21
2373.508	1507.88
2377.333	1503.21
2381.153	1501.88
2384.971	1487.88
2388.785	1482.21
2392.595	1477.21
2396.402	1465.54
2400.206	1449.87
2404.007	1447.54
2407.804	1437.88
2411.597	1429.54
2415.388	1435.21
2419.174	1425.54
2422.958	1426.21
2426.738	1414.21
2430.515	1404.54
2434.289	1396.54
2438.059	1391.54
2441.825	1388.54
2445.589	1376.88
2449.349	1365.21
2453.106	1362.88
2456.859	1349.54
2460.61	1332.21
2464.356	1324.21
2468.1	1321.87
2471.84	1305.54
2475.577	1301.21
2479.311	1302.21
2483.041	1295.88
2486.768	1296.54
2490.492	1298.88
2494.213	1292.88
2497.93	1300.88
2501.644	1290.87
2505.355	1292.54
2509.062	1284.54
2512.766	1290.54
2516.467	1281.54
2520.165	1274.21
2523.859	1274.54
2527.551	1265.21
2531.239	1256.87
2534.923	1257.21
2538.605	1252.88
2542.283	1245.21
2545.958	1247.21
2549.63	1238.54
2553.299	1230.21
2556.964	1217.21
2560.626	1232.21
2564.285	1215.87
2567.941	1195.54
2571.594	1188.21
2575.243	1183.21
2578.89	1178.88
2582.533	1161.87
2586.173	1146.21
2589.809	1140.21
2593.443	1130.87
2597.073	1115.21
2600.701	1098.54
2604.325	1092.21
2607.946	1092.54
2611.564	1084.54
2615.178	1081.21
2618.79	1077.54
2622.398	1078.54
2626.004	1061.88
2629.606	1050.54
2633.205	1048.21
2636.801	1041.87
2640.394	1029.21
2643.983	1025.21
2647.57	1013.54
2651.153	1017.54
2654.734	1011.21
2658.311	999.88
2661.885	995.88
2665.456	996.88
2669.025	990.88
2672.589	990.88
2676.151	992.21
2679.71	995.87
2683.266	988.87
2686.819	977.88
2690.368	975.54
2693.915	972.87
2697.458	968.87
2700.999	954.54
2704.536	958.54
2708.071	947.54
2711.602	940.87
2715.13	955.21
2718.656	955.88
2722.178	957.21
2725.697	958.54
2729.214	970.21
2732.727	980.21
2736.237	979.21
2739.744	993.87
2743.249	994.54
2746.75	1001.88
2750.248	1009.88
2753.743	1005.54
2757.236	1000.54
2760.725	994.54
2764.211	976.21
2767.695	976.54
2771.175	974.54
2774.652	969.21
2778.127	980.21
2781.598	982.88
2785.067	986.88
2788.532	1002.54
2791.995	1011.21
2795.455	1020.54
2798.911	1036.21
2802.365	1049.21
2805.816	1065.54
2809.264	1075.88
2812.709	1086.88
2816.151	1102.21
2819.59	1112.88
2823.026	1125.87
2826.46	1126.54
2829.89	1139.88
2833.318	1155.21
2836.742	1164.54
2840.164	1176.54
2843.583	1191.54
2846.999	1216.87
2850.412	1231.54
2853.822	1240.21
2857.229	1261.54
2860.634	1276.88
2864.035	1291.88
2867.434	1316.21
2870.83	1323.21
2874.223	1353.21
2877.613	1365.54
2881	1371.21
2884.385	1390.87
2887.766	1395.54
2891.145	1411.54
2894.521	1425.88
2897.894	1440.21
2901.264	1463.54
2904.631	1473.21
2907.996	1485.21
2911.358	1524.21
2914.717	1547.21
2918.073	1582.21
2921.426	1603.21
2924.777	1627.21
2928.124	1668.88
2931.469	1702.21
2934.811	1740.21
2938.15	1777.21
2941.487	1820.88
2944.821	1854.88
2948.152	1882.21
2951.48	1915.87
2954.805	1957.21
2958.128	1989.88
2961.447	2026.54
2964.765	2082.54
2968.079	2129.88
2971.39	2190.21
2974.699	2239.21
2978.005	2313.88
2981.308	2361.88
2984.609	2439.88
2987.907	2499.88
2991.202	2578.88
2994.494	2648.54
2997.784	2712.88
3001.07	2782.88
3004.355	2860.21
3007.636	2920.21
3010.915	2971.54
3014.191	3027.88
3017.464	3069.54
3020.734	3118.88
3024.002	3175.54
3027.267	3249.54
3030.53	3303.54
3033.789	3374.21
3037.046	3455.88
3040.301	3526.54
3043.552	3638.21
3046.801	3717.87
3050.048	3826.54
3053.291	3942.88
3056.532	4045.88
3059.771	4181.88
3063.006	4305.88
3066.239	4445.21
3069.469	4579.54
3072.697	4712.54
3075.922	4848.54
3079.144	4982.88
3082.364	5089.21
3085.581	5207.54
3088.795	5346.88
3092.007	5479.88
3095.216	5601.54
3098.423	5754.88
3101.627	5875.88
3104.828	6007.54
3108.026	6146.54
3111.222	6285.87
3114.416	6440.21
3117.607	6578.54
3120.795	6716.88
3123.98	6898.54
3127.163	7052.21
3130.344	7216.54
3133.521	7351.54
3136.696	7520.88
3139.869	7679.88
3143.039	7805.87
3146.206	7907.54
3149.371	8042.21
3152.533	8120.21
3155.693	8186.21
3158.85	8251.21
3162.005	8284.21
3165.157	8339.21
3168.306	8346.21
3171.453	8415.88
3174.597	8442.88
3177.739	8463.54
3180.878	8525.21
3184.014	8550.88
3187.149	8558.88
3190.28	8606.54
3193.409	8629.88
3196.536	8690.54
3199.659	8708.21
3202.781	8752.21
3205.9	8765.21
3209.016	8785.88
3212.13	8795.21
3215.241	8773.88
3218.35	8725.54
3221.456	8681.88
3224.56	8625.54
3227.661	8551.21
3230.76	8517.54
3233.856	8451.88
3236.95	8424.88
3240.041	8368.54
3243.13	8335.21
3246.216	8298.54
3249.3	8267.54
3252.382	8221.88
3255.46	8185.88
3258.537	8214.54
3261.611	8155.21
3264.682	8119.87
3267.751	8090.21
3270.818	8080.54
3273.882	8026.54
3276.943	7961.87
3280.002	7916.54
3283.059	7833.54
3286.113	7723.21
3289.165	7648.54
3292.214	7549.21
3295.261	7458.87
3298.306	7325.21
3301.348	7228.87
3304.387	7144.21
3307.425	7056.54
3310.459	6964.54
3313.492	6906.88
3316.521	6817.87
3319.549	6764.87
3322.574	6711.87
3325.597	6666.21
3328.617	6632.88
3331.635	6605.54
3334.65	6590.54
3337.663	6556.54
3340.674	6501.88
3343.682	6511.88
3346.688	6512.87
3349.691	6486.21
3352.692	6458.21
3355.691	6457.21
3358.687	6389.88
3361.681	6333.21
3364.673	6264.54
3367.662	6232.54
3370.649	6143.54
3373.633	6103.54
3376.615	6029.88
3379.595	5943.54
3382.572	5912.54
3385.547	5819.54
3388.52	5786.88
3391.49	5708.54
3394.458	5654.54
3397.424	5597.88
3400.387	5542.88
3403.348	5498.88
3406.307	5451.54
3409.263	5416.21
3412.217	5360.88
3415.168	5324.21
3418.118	5284.88
3421.065	5231.21
3424.009	5194.88
3426.951	5119.88
3429.891	5065.21
3432.829	5005.21
3435.764	4929.54
3438.697	4845.88
3441.628	4744.88
3444.557	4643.21
3447.483	4545.21
3450.407	4456.21
3453.328	4374.88
3456.247	4256.88
3459.164	4169.88
3462.079	4090.54
3464.991	3983.88
3467.902	3890.87
3470.809	3802.21
3473.715	3704.21
3476.618	3634.54
3479.519	3554.21
3482.418	3480.21
3485.315	3388.54
3488.209	3337.54
3491.101	3266.21
3493.99	3193.88
3496.878	3117.21
3499.763	3057.88
3502.646	2988.88
3505.527	2917.21
3508.405	2833.21
3511.281	2750.87
3514.155	2665.54
3517.027	2582.88
3519.897	2485.21
3522.764	2423.87
3525.629	2334.21
3528.492	2251.54
3531.352	2164.88
3534.211	2079.54
3537.067	2013.21
3539.921	1934.87
3542.773	1872.54
3545.622	1803.54
3548.469	1729.54
3551.315	1681.88
3554.157	1621.54
3556.998	1575.21
3559.837	1524.88
3562.673	1480.21
3565.507	1440.88
3568.339	1391.21
3571.169	1346.87
3573.996	1297.21
3576.822	1262.54
3579.645	1218.21
3582.466	1175.88
3585.285	1138.88
3588.101	1094.54
3590.916	1057.87
3593.728	1020.87
3596.538	980.54
3599.346	941.54
3602.152	915.88
3604.956	872.21
3607.757	846.21
3610.556	802.88
3613.354	783.54
3616.149	755.54
3618.942	719.87
3621.732	700.54
3624.521	682.54
3627.307	655.21
3630.092	636.88
3632.874	617.88
3635.654	598.21
3638.432	576.88
3641.208	559.54
3643.982	539.54
3646.753	525.21
3649.523	498.87
3652.29	481.54
3655.055	463.54
3657.818	444.21
3660.579	416.21
3663.338	411.21
3666.095	390.54
3668.849	375.21
3671.602	355.87
3674.352	343.21
3677.101	328.21
3679.847	310.54
3682.591	300.87
3685.333	284.88
3688.073	274.21
3690.811	264.54
3693.547	258.21
3696.281	245.54
3699.013	236.21
3701.742	229.87
3704.47	222.88
3707.195	206.88
3709.919	203.21
3712.64	193.54
3715.359	190.21
3718.076	180.54
3720.792	169.88
3723.505	168.21
3726.216	161.21
3728.925	156.21
3731.632	147.54
3734.336	144.21
3737.039	139.88
3739.74	134.21
3742.439	128.88
3745.136	124.87
3747.83	122.21
3750.523	119.21
3753.213	108.21
3755.902	110.21
3758.589	107.21
3761.273	111.21
3763.956	104.54
3766.636	102.88
3769.315	101.21
3771.991	94.88
3774.665	92.88
3777.338	90.21
3780.008	91.54
3782.677	87.21
3785.343	84.21
3788.007	79.88
3790.67	80.88
3793.33	72.88
3795.989	76.21
3798.645	71.21
3801.299	71.87
3803.952	63.88
3806.602	65.21
3809.251	67.21
3811.897	64.21
3814.542	62.21
3817.184	60.54
3819.825	59.54
3822.463	59.54
3825.1	51.21
3827.735	57.88
3830.367	53.54
3832.998	53.54
3835.627	55.21
3838.253	54.21
3840.878	47.88
3843.501	47.87
3846.122	50.54
3848.741	46.88
3851.358	46.54
3853.973	47.21
3856.586	47.54
3859.197	44.21
3861.806	43.88
3864.414	41.21
3867.019	47.54
3869.622	45.54
3872.224	55.54
3874.823	68.88
3877.421	89.88
3880.016	111.54
3882.61	126.87
3885.202	137.54
3887.792	120.87
3890.38	82.21
3892.966	32.88
3895.55	29.21
3898.132	34.54
3900.713	31.54
3903.291	31.21
3905.868	32.54
3908.442	29.21
3911.015	31.88
3913.586	29.21
3916.155	28.21
3918.722	24.54
3921.287	26.21
3923.85	26.54
3926.411	24.54
3928.971	22.87
3931.528	22.21
3934.084	21.21
3936.638	22.54
3939.19	23.87
3941.74	24.21
3944.288	26.54
3946.834	22.88
3949.378	23.54
3951.921	22.21
3954.462	24.21
3957	27.21
3959.537	28.54
3962.072	29.21
3964.606	28.21
3967.137	26.54
3969.667	24.87
3972.194	29.54
3974.72	30.21
3977.244	34.54
3979.766	37.88
3982.286	32.21
3984.805	34.54
3987.321	40.54
3989.836	40.21
3992.349	44.88
3994.86	37.88
3997.369	36.21
3999.877	37.21
4002.382	36.21
4004.886	33.87
4007.388	36.21
4009.888	38.21
4012.386	32.54
4014.883	35.88
4017.377	37.54
4019.87	36.54
4022.361	35.88
4024.85	29.54
4027.338	35.87
4029.823	36.54
4032.307	32.88
4034.789	32.88
4037.269	33.87
4039.747	30.54
4042.224	25.88
4044.699	28.21
4047.172	26.88
4049.643	28.21
4052.112	31.88
4054.58	27.54
4057.046	29.21
4059.51	29.54
4061.972	22.88
4064.432	26.88
4066.891	28.21
4069.348	25.88
4071.803	25.87
4074.256	23.54
4076.708	29.21
4079.158	26.88
4081.606	26.21
4084.052	26.87
4086.497	29.54
4088.939	28.21
4091.38	30.54
4093.819	30.54
4096.257	5.21
4098.693	-1.46
4101.127	-0.46
4103.559	-1.46
4105.989	323.21
4108.418	336.21
4110.845	365.88
4113.27	386.88
4115.694	426.21
4118.115	486.21
4120.535	29.21
4122.954	31.54
4125.37	28.54
4127.785	25.87
4130.198	28.87
4132.609	29.21
4135.019	-2.46
4137.427	1.54
4139.833	0.21
4142.237	-1.12
