160.701	540.17
166.742	724.17
172.777	1251.17
178.805	2915.5
184.826	7074.17
190.841	14677.83
196.849	23912.83
202.85	30708.83
208.845	32743.17
214.833	31881.83
220.815	30595.17
226.789	29675.5
232.758	28845.5
238.719	27957.17
244.674	26903.83
250.623	25748.83
256.565	24604.83
262.5	23512.17
268.429	22455.83
274.351	21547.17
280.267	20752.83
286.176	20040.83
292.079	19387.17
297.975	18815.5
303.865	18292.83
309.748	17893.17
315.625	17486.83
321.495	17185.83
327.359	16979.17
333.217	16775.83
339.068	16681.83
344.912	16611.5
350.751	16568.17
356.583	16498.17
362.408	16507.5
368.227	16553.5
374.04	16654.17
379.847	16801.17
385.647	17007.17
391.44	16953.17
397.228	16875.5
403.009	16914.5
408.784	17147.17
414.553	17596.17
420.315	18183.5
426.071	18276.17
431.821	17760.17
437.565	17146.5
443.302	16903.17
449.033	16784.5
454.758	16699.83
460.477	16552.17
466.189	16436.5
471.896	16360.5
477.596	16220.17
483.29	16113.17
488.978	16034.17
494.66	15867.83
500.335	15672.83
506.005	15448.5
511.668	15165.17
517.325	14852.17
522.977	14574.17
528.622	14343.83
534.261	14197.83
539.894	14041.83
545.521	13916.83
551.141	13816.83
556.756	13702.83
562.365	13620.83
567.968	13504.17
573.565	13407.83
579.155	13305.17
584.74	13219.17
590.319	13103.5
595.892	12975.17
601.459	12868.83
607.02	12765.83
612.575	12637.17
618.124	12509.83
623.667	12377.17
629.204	12270.83
634.735	12189.5
640.261	12232.17
645.781	12295.5
651.294	12344.17
656.802	12179.83
662.304	11879.17
667.8	11720.83
673.29	11623.83
678.775	11522.83
684.254	11452.83
689.726	11371.5
695.193	11284.83
700.655	11170.17
706.11	11066.5
711.56	10985.5
717.004	10880.17
722.442	10794.83
727.874	10743.5
733.301	10649.5
738.722	10608.17
744.137	10566.83
749.547	10550.83
754.951	10527.5
760.349	10510.83
765.741	10405.83
771.128	10325.17
776.509	10276.17
781.885	10223.5
787.254	10170.83
792.618	10121.17
797.977	10009.17
803.33	9876.5
808.677	9794.83
814.019	9645.17
819.355	9536.5
824.686	9467.83
830.011	9328.17
835.33	9249.17
840.644	9175.83
845.952	9131.17
851.255	9072.5
856.552	8992.83
861.844	8905.17
867.13	8799.17
872.41	8722.83
877.686	8622.5
882.955	8465.83
888.219	8348.17
893.478	8223.17
898.731	8089.17
903.979	7966.17
909.221	7859.83
914.458	7797.83
919.69	7729.17
924.916	7698.83
930.136	7677.5
935.351	7636.5
940.561	7593.83
945.766	7564.5
950.965	7506.83
956.158	7442.83
961.347	7349.83
966.529	7234.17
971.707	7128.83
976.879	7030.17
982.046	6937.5
987.208	6903.5
992.364	6869.83
997.515	6897.5
1002.66	6906.83
1007.801	6958.17
1012.936	7009.83
1018.066	7021.5
1023.19	7071.83
1028.309	7059.5
1033.423	7055.5
1038.532	7005.5
1043.636	6943.83
1048.734	6857.17
1053.827	6787.83
1058.915	6709.17
1063.998	6668.83
1069.075	6659.17
1074.147	6633.5
1079.214	6655.83
1084.276	6707.5
1089.333	6732.17
1094.385	6748.83
1099.431	6793.17
1104.472	6787.5
1109.509	6745.17
1114.54	6669.83
1119.565	6567.17
1124.586	6482.83
1129.602	6426.83
1134.613	6375.17
1139.618	6369.83
1144.619	6337.17
1149.614	6369.5
1154.604	6385.5
1159.589	6420.83
1164.57	6430.83
1169.545	6452.5
1174.515	6449.17
1179.48	6434.83
1184.44	6381.83
1189.395	6339.17
1194.345	6304.17
1199.29	6268.5
1204.23	6248.5
1209.165	6281.5
1214.095	6302.5
1219.021	6349.5
1223.941	6388.5
1228.856	6411.83
1233.766	6437.5
1238.672	6446.17
1243.572	6415.17
1248.467	6375.83
1253.358	6293.17
1258.244	6226.83
1263.124	6126.83
1268	6039.5
1272.871	5966.5
1277.737	5928.83
1282.599	5897.17
1287.455	5890.17
1292.306	5916.5
1297.153	5956.5
1301.995	5984.17
1306.832	6011.83
1311.664	6028.17
1316.491	6034.17
1321.314	6015.83
1326.132	5975.17
1330.945	5921.17
1335.753	5864.5
1340.556	5812.17
1345.354	5771.17
1350.148	5726.5
1354.937	5660.5
1359.722	5611.17
1364.501	5540.17
1369.276	5470.5
1374.046	5409.5
1378.811	5337.5
1383.572	5289.17
1388.327	5258.5
1393.079	5207.83
1397.825	5187.5
1402.567	5149.5
1407.304	5139.5
1412.036	5094.5
1416.764	5122.5
1421.487	5129.83
1426.205	5152.17
1430.919	5190.83
1435.628	5220.17
1440.333	5282.5
1445.032	5293.5
1449.727	5362.5
1454.418	5372.17
1459.104	5386.17
1463.785	5355.17
1468.462	5341.5
1473.134	5316.5
1477.802	5296.17
1482.465	5291.83
1487.123	5288.5
1491.777	5357.17
1496.426	5387.17
1501.071	5424.17
1505.711	5467.17
1510.347	5511.83
1514.978	5540.17
1519.604	5532.17
1524.226	5548.17
1528.844	5511.5
1533.457	5462.83
1538.065	5446.83
1542.669	5418.17
1547.269	5441.83
1551.864	5452.17
1556.454	5497.5
1561.041	5564.83
1565.622	5631.83
1570.199	5733.17
1574.772	5874.5
1579.34	5995.5
1583.904	6133.83
1588.464	6264.17
1593.019	6419.5
1597.569	6561.5
1602.115	6635.83
1606.657	6752.5
1611.195	6862.17
1615.728	6965.17
1620.256	7107.83
1624.78	7250.5
1629.3	7405.17
1633.816	7527.17
1638.327	7659.83
1642.834	7770.17
1647.336	7836.5
1651.834	7855.17
1656.328	7815.83
1660.817	7768.83
1665.302	7649.17
1669.783	7502.5
1674.259	7291.17
1678.732	7033.83
1683.199	6815.5
1687.663	6576.5
1692.122	6310.83
1696.577	6030.17
1701.028	5720.83
1705.474	5435.5
1709.917	5167.17
1714.355	4969.5
1718.788	4798.5
1723.218	4674.83
1727.643	4559.5
1732.064	4428.5
1736.481	4292.5
1740.893	4154.83
1745.301	3993.83
1749.705	3876.83
1754.105	3757.83
1758.501	3650.17
1762.893	3551.17
1767.28	3504.83
1771.663	3462.17
1776.042	3440.5
1780.417	3442.83
1784.787	3448.83
1789.154	3428.83
1793.516	3415.17
1797.874	3366.17
1802.228	3284.5
1806.578	3209.17
1810.924	3127.5
1815.266	3077.83
1819.603	3022.83
1823.937	2965.83
1828.266	2952.5
1832.591	2938.83
1836.913	2928.83
1841.23	2935.83
1845.543	2930.83
1849.852	2947.5
1854.156	2954.83
1858.457	2985.5
1862.754	3008.83
1867.047	3018.83
1871.335	3023.17
1875.62	3046.83
1879.9	3053.5
1884.177	3058.83
1888.449	3067.5
1892.718	3058.83
1896.982	3055.83
1901.243	3066.83
1905.499	3071.83
1909.752	3073.17
1914	3092.17
1918.245	3090.83
1922.485	3109.83
1926.722	3140.17
1930.954	3144.17
1935.183	3140.83
1939.408	3142.83
1943.628	3111.17
1947.845	3089.5
1952.058	3040.17
1956.267	3016.83
1960.472	2968.5
1964.673	2922.83
1968.87	2889.83
1973.063	2844.17
1977.252	2829.5
1981.438	2825.83
1985.619	2823.83
1989.797	2814.83
1993.971	2819.83
1998.14	2852.17
2002.306	2844.5
2006.469	2876.83
2010.627	2897.5
2014.781	2912.5
2018.932	2917.5
2023.078	2922.17
2027.221	2924.5
2031.36	2905.17
2035.495	2904.83
2039.627	2889.17
2043.754	2871.17
2047.878	2896.17
2051.998	2907.5
2056.114	2917.5
2060.226	2947.5
2064.334	2967.83
2068.439	3002.5
2072.54	3009.5
2076.637	3055.83
2080.73	3082.5
2084.82	3087.17
2088.906	3095.5
2092.988	3080.17
2097.066	3053.17
2101.14	3042.17
2105.211	3003.5
2109.278	2964.5
2113.342	2939.17
2117.401	2907.83
2121.457	2875.83
2125.509	2857.83
2129.558	2826.5
2133.602	2794.17
2137.643	2782.83
2141.681	2766.5
2145.714	2746.5
2149.744	2727.17
2153.77	2702.83
2157.793	2686.17
2161.812	2656.17
2165.827	2633.83
2169.838	2598.83
2173.846	2552.17
2177.851	2506.17
2181.851	2464.5
2185.848	2431.5
2189.841	2418.17
2193.831	2386.5
2197.817	2369.83
2201.799	2354.83
2205.778	2337.83
2209.753	2326.5
2213.725	2306.83
2217.693	2306.17
2221.657	2280.83
2225.618	2257.5
2229.575	2253.83
2233.529	2224.5
2237.479	2193.5
2241.425	2165.5
2245.368	2136.17
2249.307	2103.83
2253.243	2061.83
2257.175	2033.5
2261.104	1995.17
2265.029	1979.5
2268.95	1938.17
2272.868	1915.83
2276.783	1890.5
2280.694	1849.83
2284.601	1839.83
2288.505	1811.5
2292.405	1785.17
2296.302	1765.17
2300.195	1742.17
2304.085	1720.17
2307.971	1695.83
2311.854	1666.5
2315.734	1644.17
2319.609	1613.83
2323.482	1593.5
2327.351	1575.83
2331.216	1580.83
2335.078	1567.83
2338.937	1542.17
2342.792	1517.17
2346.643	1515.5
2350.492	1512.5
2354.336	1501.5
2358.178	1504.17
2362.015	1517.17
2365.85	1518.83
2369.681	1503.17
2373.508	1509.17
2377.333	1504.17
2381.153	1501.83
2384.971	1499.5
2388.785	1491.5
2392.595	1479.17
2396.402	1483.83
2400.206	1461.83
2404.007	1453.5
2407.804	1448.17
2411.597	1450.17
2415.388	1436.83
2419.174	1427.5
2422.958	1424.5
2426.738	1421.5
2430.515	1411.83
2434.289	1401.5
2438.059	1407.83
2441.825	1408.17
2445.589	1381.5
2449.349	1376.83
2453.106	1366.83
2456.859	1350.17
2460.61	1347.83
2464.356	1346.5
2468.1	1335.17
2471.84	1317.83
2475.577	1317.83
2479.311	1316.17
2483.041	1301.83
2486.768	1317.5
2490.492	1312.17
2494.213	1326.5
2497.93	1314.17
2501.644	1316.17
2505.355	1314.5
2509.062	1316.5
2512.766	1312.17
2516.467	1313.83
2520.165	1307.17
2523.859	1303.17
2527.551	1297.83
2531.239	1293.17
2534.923	1288.83
2538.605	1276.5
2542.283	1277.83
2545.958	1274.17
2549.63	1272.5
2553.299	1276.17
2556.964	1254.83
2560.626	1257.5
2564.285	1239.5
2567.941	1249.83
2571.594	1225.5
2575.243	1219.5
2578.89	1210.5
2582.533	1205.17
2586.173	1190.83
2589.809	1170.83
2593.443	1167.17
2597.073	1156.17
2600.701	1140.5
2604.325	1119.83
2607.946	1134.83
2611.564	1124.5
2615.178	1123.5
2618.79	1118.83
2622.398	1110.83
2626.004	1096.5
2629.606	1093.17
2633.205	1086.5
2636.801	1073.5
2640.394	1067.5
2643.983	1066.5
2647.57	1048.5
2651.153	1047.17
2654.734	1046.17
2658.311	1033.5
2661.885	1038.5
2665.456	1028.5
2669.025	1026.5
2672.589	1022.5
2676.151	1019.5
2679.71	1013.5
2683.266	1015.83
2686.819	1001.17
2690.368	1002.83
2693.915	1005.17
2697.458	994.5
2700.999	986.17
2704.536	991.17
2708.071	987.83
2711.602	975.5
2715.13	973.83
2718.656	980.83
2722.178	985.17
2725.697	994.5
2729.214	1003.17
2732.727	1014.17
2736.237	1020.5
2739.744	1035.17
2743.249	1041.83
2746.75	1049.5
2750.248	1043.83
2753.743	1041.17
2757.236	1030.5
2760.725	1026.5
2764.211	1015.17
2767.695	1000.17
2771.175	1000.17
2774.652	991.5
2778.127	999.5
2781.598	1000.5
2785.067	1007.17
2788.532	1024.5
2791.995	1038.17
2795.455	1043.5
2798.911	1061.17
2802.365	1076.83
2805.816	1086.17
2809.264	1100.83
2812.709	1112.83
2816.151	1119.17
2819.59	1139.5
2823.026	1144.17
2826.46	1153.17
2829.89	1169.83
2833.318	1174.17
2836.742	1191.83
2840.164	1196.83
2843.583	1216.17
2846.999	1219.83
2850.412	1244.5
2853.822	1258.17
2857.229	1272.83
2860.634	1294.5
2864.035	1306.5
2867.434	1326.17
2870.83	1345.83
2874.223	1356.17
2877.613	1373.5
2881	1376.83
2884.385	1395.5
2887.766	1407.5
2891.145	1412.83
2894.521	1419.83
2897.894	1446.5
2901.264	1460.5
2904.631	1470.5
2907.996	1498.83
2911.358	1527.5
2914.717	1534.83
2918.073	1581.5
2921.426	1601.83
2924.777	1624.17
2928.124	1656.83
2931.469	1694.83
2934.811	1727.83
2938.15	1778.5
2941.487	1805.5
2944.821	1840.5
2948.152	1868.83
2951.48	1903.17
2954.805	1951.83
2958.128	1976.17
2961.447	2034.83
2964.765	2063.17
2968.079	2116.83
2971.39	2161.17
2974.699	2226.83
2978.005	2281.5
2981.308	2342.5
2984.609	2406.5
2987.907	2476.17
2991.202	2540.83
2994.494	2602.5
2997.784	2657.17
3001.07	2745.83
3004.355	2804.5
3007.636	2859.17
3010.915	2915.5
3014.191	2961.5
3017.464	3029.5
3020.734	3079.17
3024.002	3129.5
3027.267	3183.83
3030.53	3241.83
3033.789	3316.83
3037.046	3387.5
3040.301	3470.83
3043.552	3551.5
3046.801	3657.5
3050.048	3769.5
3053.291	3874.17
3056.532	3970.5
3059.771	4097.83
3063.006	4223.83
3066.239	4355.17
3069.469	4496.5
3072.697	4639.83
3075.922	4764.5
3079.144	4886.17
3082.364	5008.83
3085.581	5122.17
3088.795	5238.83
3092.007	5380.83
3095.216	5504.83
3098.423	5620.17
3101.627	5778.17
3104.828	5891.83
3108.026	6019.5
3111.222	6152.83
3114.416	6297.5
3117.607	6432.5
3120.795	6603.83
3123.98	6750.17
3127.163	6903.83
3130.344	7049.5
3133.521	7188.17
3136.696	7360.5
3139.869	7504.5
3143.039	7628.5
3146.206	7738.83
3149.371	7846.17
3152.533	7898.17
3155.693	7962.5
3158.85	8036.5
3162.005	8073.83
3165.157	8112.17
3168.306	8170.17
3171.453	8198.5
3174.597	8229.5
3177.739	8220.17
3180.878	8292.17
3184.014	8317.5
3187.149	8326.5
3190.28	8377.5
3193.409	8409.5
3196.536	8430.5
3199.659	8456.5
3202.781	8505.83
3205.9	8537.5
3209.016	8557.5
3212.13	8527.5
3215.241	8541.5
3218.35	8513.17
3221.456	8453.17
3224.56	8408.83
3227.661	8331.83
3230.76	8281.5
3233.856	8215.83
3236.95	8178.5
3240.041	8127.83
3243.13	8094.17
3246.216	8058.5
3249.3	8028.17
3252.382	7995.5
3255.46	7968.5
3258.537	7968.5
3261.611	7907.83
3264.682	7884.83
3267.751	7841.17
3270.818	7822.5
3273.882	7791.83
3276.943	7735.17
3280.002	7664.5
3283.059	7584.17
3286.113	7509.5
3289.165	7390.17
3292.214	7310.17
3295.261	7201.17
3298.306	7128.5
3301.348	7011.17
3304.387	6925.5
3307.425	6838.83
3310.459	6759.17
3313.492	6690.5
3316.521	6624.83
3319.549	6566.17
3322.574	6501.83
3325.597	6473.5
3328.617	6434.5
3331.635	6414.83
3334.65	6410.5
3337.663	6364.17
3340.674	6339.83
3343.682	6325.17
3346.688	6336.5
3349.691	6320.5
3352.692	6307.83
3355.691	6258.83
3358.687	6208.17
3361.681	6148.83
3364.673	6097.5
3367.662	6059.5
3370.649	5989.17
3373.633	5919.17
3376.615	5851.17
3379.595	5807.83
3382.572	5759.17
3385.547	5687.17
3388.52	5612.17
3391.49	5560.17
3394.458	5501.5
3397.424	5435.83
3400.387	5394.5
3403.348	5350.17
3406.307	5310.17
3409.263	5256.5
3412.217	5229.17
3415.168	5174.83
3418.118	5147.17
3421.065	5100.17
3424.009	5061.83
3426.951	4996.83
3429.891	4934.17
3432.829	4848.83
3435.764	4788.83
3438.697	4699.17
3441.628	4622.5
3444.557	4526.5
3447.483	4422.5
3450.407	4323.17
3453.328	4231.5
3456.247	4151.17
3459.164	4050.83
3462.079	3954.83
3464.991	3868.83
3467.902	3770.17
3470.809	3692.83
3473.715	3600.5
3476.618	3519.17
3479.519	3433.5
3482.418	3377.83
3485.315	3286.17
3488.209	3238.5
3491.101	3156.5
3493.99	3092.5
3496.878	3026.5
3499.763	2970.5
3502.646	2894.5
3505.527	2825.17
3508.405	2734.83
3511.281	2656.83
3514.155	2576.5
3517.027	2495.83
3519.897	2410.17
3522.764	2331.83
3525.629	2260.83
3528.492	2154.5
3531.352	2095.17
3534.211	2013.5
3537.067	1950.83
3539.921	1871.83
3542.773	1800.17
3545.622	1743.83
3548.469	1679.17
3551.315	1622.83
3554.157	1568.83
3556.998	1517.17
3559.837	1471.5
3562.673	1423.17
3565.507	1390.17
3568.339	1341.17
3571.169	1297.5
3573.996	1257.17
3576.822	1228.5
3579.645	1180.83
3582.466	1133.83
3585.285	1097.83
3588.101	1064.5
3590.916	1020.5
3593.728	986.83
3596.538	948.5
3599.346	917.83
3602.152	886.5
3604.956	843.17
3607.757	822.5
3610.556	785.17
3613.354	758.83
3616.149	732.5
3618.942	704.5
3621.732	668.83
3624.521	659.5
3627.307	631.5
3630.092	616.83
3632.874	606.5
3635.654	580.17
3638.432	563.83
3641.208	539.83
3643.982	523.5
3646.753	507.17
3649.523	472.17
3652.29	465.83
3655.055	448.17
3657.818	428.17
3660.579	414.5
3663.338	398.17
3666.095	384.17
3668.849	358.83
3671.602	346.83
3674.352	334.5
3677.101	319.5
3679.847	306.5
3682.591	291.5
3685.333	284.17
3688.073	269.17
3690.811	257.83
3693.547	252.17
3696.281	245.17
3699.013	232.83
3701.742	222.17
3704.47	221.17
3707.195	204.5
3709.919	192.83
3712.64	193.83
3715.359	181.17
3718.076	180.17
3720.792	168.17
3723.505	162.5
3726.216	153.83
3728.925	152.17
3731.632	148.83
3734.336	145.83
3737.039	133.17
3739.74	132.83
3742.439	126.17
3745.136	123.17
3747.83	117.83
3750.523	118.17
3753.213	94.83
3755.902	112.83
3758.589	103.17
3761.273	109.5
3763.956	105.5
3766.636	101.5
3769.315	96.5
3771.991	92.17
3774.665	91.17
3777.338	84.83
3780.008	86.17
3782.677	86.83
3785.343	81.83
3788.007	78.17
3790.67	79.5
3793.33	76.83
3795.989	71.17
3798.645	71.5
3801.299	70.17
3803.952	60.5
3806.602	63.5
3809.251	65.17
3811.897	63.83
3814.542	60.83
3817.184	60.17
3819.825	60.83
3822.463	58.83
3825.1	57.83
3827.735	56.83
3830.367	56.5
3832.998	49.5
3835.627	56.83
3838.253	51.5
3840.878	50.5
3843.501	52.5
3846.122	48.5
3848.741	48.17
3851.358	48.5
3853.973	52.17
3856.586	45.5
3859.197	39.83
3861.806	43.17
3864.414	41.5
3867.019	48.5
3869.622	45.17
3872.224	54.17
3874.823	68.83
3877.421	82.5
3880.016	107.17
3882.61	131.5
3885.202	141.5
3887.792	118.83
3890.38	83.5
3892.966	35.5
3895.55	31.5
3898.132	38.5
3900.713	31.5
3903.291	31.83
3905.868	31.83
3908.442	32.17
3911.015	30.83
3913.586	29.83
3916.155	28.83
3918.722	28.83
3921.287	26.5
3923.85	25.5
3926.411	24.5
3928.971	24.17
3931.528	24.5
3934.084	18.17
3936.638	23.17
3939.19	21.5
3941.74	21.5
3944.288	27.17
3946.834	23.5
3949.378	23.17
3951.921	20.17
3954.462	25.83
3957	27.5
3959.537	28.5
3962.072	26.5
3964.606	27.17
3967.137	26.83
3969.667	25.5
3972.194	25.5
3974.72	26.17
3977.244	33.83
3979.766	31.5
3982.286	33.17
3984.805	34.83
3987.321	34.83
3989.836	34.83
3992.349	39.17
3994.86	36.83
3997.369	34.5
3999.877	38.83
4002.382	36.17
4004.886	35.17
4007.388	39.5
4009.888	35.5
4012.386	32.83
4014.883	36.5
4017.377	35.5
4019.87	30.5
4022.361	34.5
4024.85	29.5
4027.338	32.83
4029.823	33.83
4032.307	31.17
4034.789	27.5
4037.269	31.83
4039.747	28.17
4042.224	26.17
4044.699	28.83
4047.172	26.17
4049.643	21.17
4052.112	26.5
4054.58	27.5
4057.046	23.83
4059.51	22.5
4061.972	24.17
4064.432	27.5
4066.891	25.17
4069.348	27.83
4071.803	24.83
4074.256	25.83
4076.708	25.5
4079.158	23.83
4081.606	27.17
4084.052	27.83
4086.497	28.5
4088.939	25.83
4091.38	30.17
4093.819	28.17
4096.257	4.5
4098.693	-2.5
4101.127	-4.17
4103.559	0.5
4105.989	307.5
4108.418	319.5
4110.845	353.5
4113.27	371.5
4115.694	407.83
4118.115	464.5
4120.535	29.5
4122.954	28.83
4125.37	24.83
4127.785	27.83
4130.198	27.5
4132.609	26.17
4135.019	-1.5
4137.427	0.83
4139.833	1.5
4142.237	0.83
