160.701	608.58
166.742	798.25
172.777	1376.25
178.805	3160.25
184.826	7681.58
190.841	15835.92
196.849	25816.58
202.85	33090.92
208.845	35293.25
214.833	34287.25
220.815	32897.58
226.789	31901.25
232.758	30993.25
238.719	30003.25
244.674	28858.58
250.623	27634.58
256.565	26340.58
262.5	25115.25
268.429	24021.58
274.351	23001.25
280.267	22140.25
286.176	21372.92
292.079	20659.25
297.975	20024.58
303.865	19448.58
309.748	19001.25
315.625	18592.92
321.495	18292.58
327.359	18024.92
333.217	17860.92
339.068	17726.58
344.912	17636.92
350.751	17581.58
356.583	17554.92
362.408	17515.58
368.227	17551.92
374.04	17714.25
379.847	17897.25
385.647	18061.58
391.44	18009.58
397.228	17949.25
403.009	18005.58
408.784	18207.92
414.553	18729.92
420.315	19314.58
426.071	19455.25
431.821	18862.92
437.565	18253.58
443.302	18012.58
449.033	17838.58
454.758	17732.92
460.477	17614.92
466.189	17461.92
471.896	17359.92
477.596	17243.58
483.29	17080.58
488.978	17032.58
494.66	16853.58
500.335	16681.92
506.005	16364.92
511.668	15991.25
517.325	15690.92
522.977	15408.92
528.622	15203.92
534.261	14967.92
539.894	14789.58
545.521	14641.92
551.141	14538.25
556.756	14438.25
562.365	14304.58
567.968	14202.58
573.565	14095.92
579.155	14018.25
584.74	13904.25
590.319	13739.92
595.892	13634.92
601.459	13545.25
607.02	13401.25
612.575	13252.58
618.124	13117.25
623.667	12963.58
629.204	12856.25
634.735	12797.25
640.261	12793.92
645.781	12905.25
651.294	12944.58
656.802	12741.58
662.304	12464.25
667.8	12249.92
673.29	12160.58
678.775	12052.25
684.254	11981.92
689.726	11894.25
695.193	11757.58
700.655	11656.92
706.11	11552.92
711.56	11459.25
717.004	11367.92
722.442	11247.25
727.874	11170.58
733.301	11107.92
738.722	11025.25
744.137	11040.25
749.547	11001.25
754.951	10989.25
760.349	10904.25
765.741	10831.25
771.128	10758.25
776.509	10701.25
781.885	10668.58
787.254	10590.58
792.618	10504.92
797.977	10410.58
803.33	10282.58
808.677	10191.58
814.019	10064.25
819.355	9933.92
824.686	9776.25
830.011	9685.92
835.33	9607.92
840.644	9524.25
845.952	9453.58
851.255	9372.58
856.552	9317.58
861.844	9200.58
867.13	9104.58
872.41	8988.25
877.686	8874.25
882.955	8742.25
888.219	8588.92
893.478	8471.92
898.731	8323.58
903.979	8203.92
909.221	8072.58
914.458	8005.58
919.69	7932.58
924.916	7921.25
930.136	7889.25
935.351	7826.92
940.561	7796.58
945.766	7767.92
950.965	7685.25
956.158	7627.58
961.347	7507.92
966.529	7416.58
971.707	7300.58
976.879	7196.92
982.046	7092.58
987.208	7060.25
992.364	7023.92
997.515	7046.25
1002.66	7086.92
1007.801	7111.25
1012.936	7144.58
1018.066	7189.92
1023.19	7219.25
1028.309	7213.58
1033.423	7204.58
1038.532	7143.92
1043.636	7074.92
1048.734	7019.92
1053.827	6931.92
1058.915	6875.92
1063.998	6833.92
1069.075	6794.92
1074.147	6791.92
1079.214	6820.58
1084.276	6877.92
1089.333	6866.92
1094.385	6889.58
1099.431	6908.92
1104.472	6914.92
1109.509	6898.25
1114.54	6802.25
1119.565	6708.92
1124.586	6631.92
1129.602	6547.92
1134.613	6518.25
1139.618	6488.25
1144.619	6497.25
1149.614	6508.58
1154.604	6543.58
1159.589	6576.25
1164.57	6587.25
1169.545	6605.58
1174.515	6617.25
1179.48	6567.58
1184.44	6563.25
1189.395	6508.58
1194.345	6464.25
1199.29	6452.25
1204.23	6443.25
1209.165	6438.92
1214.095	6469.92
1219.021	6475.58
1223.941	6537.25
1228.856	6564.25
1233.766	6580.25
1238.672	6577.92
1243.572	6546.92
1248.467	6478.25
1253.358	6439.25
1258.244	6341.58
1263.124	6231.58
1268	6150.25
1272.871	6074.58
1277.737	6049.25
1282.599	6016.25
1287.455	6015.92
1292.306	6028.25
1297.153	6058.92
1301.995	6086.92
1306.832	6128.92
1311.664	6160.58
1316.491	6136.58
1321.314	6129.25
1326.132	6078.92
1330.945	6019.58
1335.753	5961.25
1340.556	5904.58
1345.354	5861.92
1350.148	5806.25
1354.937	5734.58
1359.722	5648.58
1364.501	5600.58
1369.276	5524.25
1374.046	5461.92
1378.811	5394.92
1383.572	5373.58
1388.327	5332.58
1393.079	5291.25
1397.825	5268.25
1402.567	5218.58
1407.304	5196.92
1412.036	5199.92
1416.764	5179.58
1421.487	5193.92
1426.205	5216.58
1430.919	5251.58
1435.628	5293.25
1440.333	5344.58
1445.032	5373.92
1449.727	5422.92
1454.418	5443.92
1459.104	5427.25
1463.785	5391.92
1468.462	5384.25
1473.134	5356.92
1477.802	5363.25
1482.465	5403.58
1487.123	5345.58
1491.777	5376.58
1496.426	5421.92
1501.071	5460.92
1505.711	5526.25
1510.347	5539.25
1514.978	5579.58
1519.604	5585.58
1524.226	5581.25
1528.844	5569.25
1533.457	5523.92
1538.065	5523.58
1542.669	5516.58
1547.269	5519.92
1551.864	5539.92
1556.454	5630.92
1561.041	5718.92
1565.622	5778.25
1570.199	5888.92
1574.772	6037.58
1579.34	6167.58
1583.904	6318.58
1588.464	6474.25
1593.019	6650.25
1597.569	6767.92
1602.115	6919.25
1606.657	7036.58
1611.195	7173.25
1615.728	7287.58
1620.256	7455.25
1624.78	7620.58
1629.3	7794.25
1633.816	7952.92
1638.327	8093.92
1642.834	8193.92
1647.336	8283.58
1651.834	8298.58
1656.328	8271.25
1660.817	8194.58
1665.302	8063.58
1669.783	7871.58
1674.259	7625.92
1678.732	7371.25
1683.199	7135.25
1687.663	6854.92
1692.122	6541.58
1696.577	6213.25
1701.028	5901.25
1705.474	5583.92
1709.917	5302.58
1714.355	5090.25
1718.788	4896.58
1723.218	4771.58
1727.643	4620.25
1732.064	4477.25
1736.481	4331.25
1740.893	4174.25
1745.301	4020.58
1749.705	3883.92
1754.105	3752.58
1758.501	3634.92
1762.893	3551.58
1767.28	3491.58
1771.663	3427.92
1776.042	3405.58
1780.417	3394.25
1784.787	3385.92
1789.154	3363.25
1793.516	3342.58
1797.874	3264.58
1802.228	3205.58
1806.578	3110.92
1810.924	3036.92
1815.266	2979.92
1819.603	2919.25
1823.937	2892.58
1828.266	2876.92
1832.591	2869.92
1836.913	2867.92
1841.23	2859.25
1845.543	2870.92
1849.852	2879.58
1854.156	2882.25
1858.457	2901.25
1862.754	2906.58
1867.047	2940.25
1871.335	2969.92
1875.62	2960.92
1879.9	2968.25
1884.177	2966.92
1888.449	2976.92
1892.718	2965.25
1896.982	2952.92
1901.243	2954.25
1905.499	2957.25
1909.752	2963.25
1914	2966.25
1918.245	2982.58
1922.485	2994.25
1926.722	3010.25
1930.954	3013.92
1935.183	3017.92
1939.408	3033.92
1943.628	3008.25
1947.845	2993.58
1952.058	2952.58
1956.267	2912.58
1960.472	2873.92
1964.673	2841.25
1968.87	2801.58
1973.063	2777.92
1977.252	2756.25
1981.438	2748.25
1985.619	2758.92
1989.797	2771.25
1993.971	2773.92
1998.14	2791.92
2002.306	2804.25
2006.469	2842.58
2010.627	2852.58
2014.781	2889.25
2018.932	2900.58
2023.078	2897.58
2027.221	2895.92
2031.36	2897.58
2035.495	2887.92
2039.627	2880.25
2043.754	2880.58
2047.878	2880.58
2051.998	2890.92
2056.114	2915.25
2060.226	2937.58
2064.334	2965.92
2068.439	2985.58
2072.54	3029.58
2076.637	3039.92
2080.73	3068.25
2084.82	3074.25
2088.906	3084.58
2092.988	3072.25
2097.066	3066.25
2101.14	3029.25
2105.211	3004.25
2109.278	2972.58
2113.342	2948.58
2117.401	2906.58
2121.457	2877.25
2125.509	2848.92
2129.558	2823.92
2133.602	2821.58
2137.643	2802.25
2141.681	2778.92
2145.714	2762.25
2149.744	2746.58
2153.77	2717.58
2157.793	2708.58
2161.812	2683.25
2165.827	2623.92
2169.838	2596.25
2173.846	2562.58
2177.851	2515.25
2181.851	2491.58
2185.848	2447.92
2189.841	2423.92
2193.831	2396.25
2197.817	2370.25
2201.799	2350.25
2205.778	2347.92
2209.753	2328.25
2213.725	2314.92
2217.693	2301.58
2221.657	2281.92
2225.618	2261.92
2229.575	2252.92
2233.529	2220.92
2237.479	2178.25
2241.425	2152.25
2245.368	2136.58
2249.307	2086.58
2253.243	2053.25
2257.175	2023.25
2261.104	2000.58
2265.029	1950.25
2268.95	1931.58
2272.868	1905.92
2276.783	1877.25
2280.694	1852.25
2284.601	1825.25
2288.505	1807.25
2292.405	1778.58
2296.302	1742.58
2300.195	1731.92
2304.085	1703.58
2307.971	1676.25
2311.854	1658.58
2315.734	1629.25
2319.609	1603.25
2323.482	1571.25
2327.351	1570.92
2331.216	1562.58
2335.078	1550.92
2338.937	1537.25
2342.792	1510.58
2346.643	1503.92
2350.492	1497.25
2354.336	1498.58
2358.178	1504.25
2362.015	1499.25
2365.85	1504.92
2369.681	1501.92
2373.508	1505.25
2377.333	1486.92
2381.153	1496.25
2384.971	1484.58
2388.785	1482.25
2392.595	1469.58
2396.402	1464.25
2400.206	1456.58
2404.007	1457.25
2407.804	1441.25
2411.597	1438.25
2415.388	1427.58
2419.174	1426.92
2422.958	1423.25
2426.738	1409.25
2430.515	1407.92
2434.289	1402.58
2438.059	1393.58
2441.825	1389.58
2445.589	1377.25
2449.349	1375.25
2453.106	1352.92
2456.859	1350.25
2460.61	1326.25
2464.356	1327.58
2468.1	1313.25
2471.84	1312.58
2475.577	1313.92
2479.311	1294.25
2483.041	1299.92
2486.768	1295.92
2490.492	1296.25
2494.213	1299.25
2497.93	1297.92
2501.644	1287.58
2505.355	1296.58
2509.062	1292.92
2512.766	1288.25
2516.467	1280.92
2520.165	1279.92
2523.859	1271.58
2527.551	1270.58
2531.239	1263.58
2534.923	1255.92
2538.605	1255.58
2542.283	1237.92
2545.958	1239.92
2549.63	1248.58
2553.299	1229.58
2556.964	1225.58
2560.626	1217.58
2564.285	1216.58
2567.941	1211.25
2571.594	1188.25
2575.243	1183.92
2578.89	1167.25
2582.533	1158.92
2586.173	1147.92
2589.809	1136.92
2593.443	1130.92
2597.073	1109.25
2600.701	1108.25
2604.325	1101.92
2607.946	1097.92
2611.564	1094.58
2615.178	1087.25
2618.79	1090.58
2622.398	1078.58
2626.004	1070.58
2629.606	1069.25
2633.205	1052.25
2636.801	1054.25
2640.394	1043.25
2643.983	1044.58
2647.57	1034.58
2651.153	1029.25
2654.734	1024.25
2658.311	1011.58
2661.885	1006.92
2665.456	1013.25
2669.025	1012.25
2672.589	1005.92
2676.151	1005.25
2679.71	1005.25
2683.266	1008.58
2686.819	995.58
2690.368	993.92
2693.915	986.58
2697.458	993.92
2700.999	989.58
2704.536	975.92
2708.071	977.92
2711.602	976.25
2715.13	977.92
2718.656	978.92
2722.178	979.58
2725.697	983.25
2729.214	995.25
2732.727	1005.25
2736.237	1015.92
2739.744	1020.58
2743.249	1023.92
2746.75	1031.92
2750.248	1034.92
2753.743	1028.92
2757.236	1014.92
2760.725	1019.25
2764.211	1006.92
2767.695	996.58
2771.175	1003.92
2774.652	1005.25
2778.127	1012.58
2781.598	1013.25
2785.067	1024.58
2788.532	1035.25
2791.995	1051.25
2795.455	1060.92
2798.911	1082.58
2802.365	1095.25
2805.816	1118.92
2809.264	1131.25
2812.709	1139.25
2816.151	1147.25
2819.59	1164.58
2823.026	1180.92
2826.46	1185.92
2829.89	1200.25
2833.318	1221.58
2836.742	1219.58
2840.164	1227.92
2843.583	1252.25
2846.999	1264.58
2850.412	1288.58
2853.822	1311.92
2857.229	1328.25
2860.634	1347.58
2864.035	1356.25
2867.434	1383.25
2870.83	1406.58
2874.223	1428.92
2877.613	1440.25
2881	1452.58
2884.385	1463.92
2887.766	1476.92
2891.145	1493.92
2894.521	1507.92
2897.894	1532.25
2901.264	1546.58
2904.631	1569.92
2907.996	1588.92
2911.358	1615.92
2914.717	1633.58
2918.073	1680.58
2921.426	1705.25
2924.777	1735.58
2928.124	1774.58
2931.469	1816.25
2934.811	1860.92
2938.15	1892.58
2941.487	1936.25
2944.821	1992.92
2948.152	2017.25
2951.48	2064.58
2954.805	2103.92
2958.128	2138.58
2961.447	2179.58
2964.765	2239.25
2968.079	2300.25
2971.39	2356.92
2974.699	2415.58
2978.005	2489.58
2981.308	2561.92
2984.609	2623.58
2987.907	2702.58
2991.202	2777.92
2994.494	2850.58
2997.784	2933.92
3001.07	2994.25
3004.355	3080.25
3007.636	3135.58
3010.915	3206.25
3014.191	3261.58
3017.464	3329.92
3020.734	3363.25
3024.002	3432.92
3027.267	3507.58
3030.53	3568.25
3033.789	3652.92
3037.046	3729.25
3040.301	3822.92
3043.552	3911.25
3046.801	4021.25
3050.048	4140.92
3053.291	4256.58
3056.532	4378.58
3059.771	4524.25
3063.006	4650.92
3066.239	4796.92
3069.469	4958.92
3072.697	5115.58
3075.922	5235.92
3079.144	5370.92
3082.364	5528.25
3085.581	5663.92
3088.795	5804.58
3092.007	5941.92
3095.216	6097.58
3098.423	6218.25
3101.627	6385.25
3104.828	6531.25
3108.026	6675.25
3111.222	6812.25
3114.416	6994.25
3117.607	7134.25
3120.795	7312.92
3123.98	7483.58
3127.163	7695.92
3130.344	7816.92
3133.521	8026.92
3136.696	8168.25
3139.869	8336.58
3143.039	8491.92
3146.206	8608.92
3149.371	8740.58
3152.533	8830.92
3155.693	8918.92
3158.85	8952.58
3162.005	9012.25
3165.157	9064.92
3168.306	9105.58
3171.453	9149.25
3174.597	9207.92
3177.739	9221.92
3180.878	9272.92
3184.014	9291.58
3187.149	9312.92
3190.28	9357.92
3193.409	9406.25
3196.536	9474.92
3199.659	9490.25
3202.781	9549.25
3205.9	9577.25
3209.016	9573.58
3212.13	9612.92
3215.241	9567.92
3218.35	9539.58
3221.456	9498.58
3224.56	9448.58
3227.661	9377.92
3230.76	9326.25
3233.856	9288.25
3236.95	9229.25
3240.041	9204.25
3243.13	9151.25
3246.216	9107.25
3249.3	9075.25
3252.382	9058.58
3255.46	9023.58
3258.537	9021.58
3261.611	8950.92
3264.682	8913.92
3267.751	8901.25
3270.818	8852.58
3273.882	8796.58
3276.943	8739.25
3280.002	8646.58
3283.059	8551.92
3286.113	8466.92
3289.165	8356.25
3292.214	8243.92
3295.261	8114.25
3298.306	8013.58
3301.348	7892.25
3304.387	7774.58
3307.425	7667.92
3310.459	7597.58
3313.492	7518.92
3316.521	7439.92
3319.549	7369.58
3322.574	7305.25
3325.597	7275.92
3328.617	7213.25
3331.635	7192.25
3334.65	7144.58
3337.663	7129.58
3340.674	7103.58
3343.682	7108.58
3346.688	7070.25
3349.691	7066.25
3352.692	7027.58
3355.691	7004.25
3358.687	6962.92
3361.681	6901.25
3364.673	6846.92
3367.662	6774.92
3370.649	6704.25
3373.633	6620.25
3376.615	6558.25
3379.595	6502.58
3382.572	6422.25
3385.547	6371.25
3388.52	6304.58
3391.49	6246.58
3394.458	6162.25
3397.424	6114.58
3400.387	6064.25
3403.348	6002.58
3406.307	5972.92
3409.263	5914.58
3412.217	5867.58
3415.168	5834.92
3418.118	5774.25
3421.065	5724.25
3424.009	5665.25
3426.951	5599.25
3429.891	5547.25
3432.829	5469.25
3435.764	5401.25
3438.697	5293.58
3441.628	5211.25
3444.557	5099.58
3447.483	4985.92
3450.407	4884.25
3453.328	4764.25
3456.247	4670.58
3459.164	4567.58
3462.079	4473.58
3464.991	4354.92
3467.902	4267.92
3470.809	4180.58
3473.715	4059.25
3476.618	3977.92
3479.519	3884.92
3482.418	3816.25
3485.315	3747.25
3488.209	3650.25
3491.101	3586.58
3493.99	3506.58
3496.878	3429.58
3499.763	3341.92
3502.646	3276.25
3505.527	3196.25
3508.405	3107.58
3511.281	3026.58
3514.155	2934.25
3517.027	2835.25
3519.897	2733.58
3522.764	2658.58
3525.629	2559.25
3528.492	2474.92
3531.352	2379.58
3534.211	2290.25
3537.067	2209.58
3539.921	2125.25
3542.773	2050.92
3545.622	1977.58
3548.469	1908.92
3551.315	1834.25
3554.157	1781.25
3556.998	1730.92
3559.837	1664.25
3562.673	1625.25
3565.507	1575.25
3568.339	1512.58
3571.169	1483.92
3573.996	1429.25
3576.822	1390.25
3579.645	1335.92
3582.466	1283.58
3585.285	1244.58
3588.101	1200.58
3590.916	1161.92
3593.728	1119.92
3596.538	1078.92
3599.346	1034.25
3602.152	1005.25
3604.956	961.58
3607.757	927.92
3610.556	894.25
3613.354	855.25
3616.149	829.25
3618.942	801.25
3621.732	762.92
3624.521	750.58
3627.307	723.58
3630.092	701.92
3632.874	685.92
3635.654	650.92
3638.432	636.92
3641.208	614.25
3643.982	591.92
3646.753	571.25
3649.523	547.25
3652.29	527.25
3655.055	508.58
3657.818	483.92
3660.579	462.58
3663.338	444.58
3666.095	428.92
3668.849	405.25
3671.602	388.58
3674.352	372.92
3677.101	362.58
3679.847	343.25
3682.591	327.58
3685.333	315.92
3688.073	302.92
3690.811	290.58
3693.547	282.92
3696.281	266.92
3699.013	258.58
3701.742	250.58
3704.47	239.25
3707.195	225.58
3709.919	219.92
3712.64	208.92
3715.359	208.58
3718.076	197.92
3720.792	184.92
3723.505	180.58
3726.216	173.25
3728.925	169.58
3731.632	167.92
3734.336	164.25
3737.039	152.25
3739.74	147.25
3742.439	144.92
3745.136	137.92
3747.83	133.92
3750.523	128.92
3753.213	119.92
3755.902	121.25
3758.589	118.92
3761.273	120.25
3763.956	114.25
3766.636	110.25
3769.315	110.92
3771.991	102.58
3774.665	98.58
3777.338	95.58
3780.008	97.25
3782.677	97.25
3785.343	91.92
3788.007	86.25
3790.67	89.92
3793.33	83.58
3795.989	77.92
3798.645	75.58
3801.299	79.58
3803.952	73.25
3806.602	67.58
3809.251	71.92
3811.897	67.25
3814.542	68.92
3817.184	68.92
3819.825	65.92
3822.463	62.25
3825.1	61.92
3827.735	62.25
3830.367	61.58
3832.998	56.58
3835.627	61.92
3838.253	59.25
3840.878	57.25
3843.501	54.92
3846.122	51.58
3848.741	51.25
3851.358	52.58
3853.973	52.58
3856.586	50.92
3859.197	47.25
3861.806	47.92
3864.414	45.58
3867.019	51.92
3869.622	54.58
3872.224	61.58
3874.823	76.92
3877.421	105.58
3880.016	129.25
3882.61	152.92
3885.202	167.58
3887.792	146.58
3890.38	99.92
3892.966	46.25
3895.55	37.92
3898.132	40.25
3900.713	38.25
3903.291	33.92
3905.868	38.92
3908.442	35.92
3911.015	34.92
3913.586	44.58
3916.155	80.92
3918.722	59.58
3921.287	31.58
3923.85	26.92
3926.411	33.58
3928.971	24.25
3931.528	24.58
3934.084	24.92
3936.638	28.92
3939.19	26.25
3941.74	24.25
3944.288	29.25
3946.834	24.58
3949.378	24.92
3951.921	26.58
3954.462	26.25
3957	32.25
3959.537	31.25
3962.072	34.25
3964.606	29.92
3967.137	28.58
3969.667	25.92
3972.194	29.92
3974.72	30.92
3977.244	38.25
3979.766	37.92
3982.286	38.92
3984.805	39.92
3987.321	41.58
3989.836	39.58
3992.349	44.58
3994.86	41.58
3997.369	37.92
3999.877	44.58
4002.382	39.25
4004.886	38.92
4007.388	39.92
4009.888	44.58
4012.386	37.25
4014.883	38.58
4017.377	37.58
4019.87	35.25
4022.361	40.58
4024.85	36.92
4027.338	35.92
4029.823	38.58
4032.307	33.92
4034.789	29.92
4037.269	33.25
4039.747	30.58
4042.224	29.92
4044.699	29.92
4047.172	26.25
4049.643	28.25
4052.112	30.92
4054.58	25.92
4057.046	28.58
4059.51	25.58
4061.972	24.25
4064.432	30.58
4066.891	29.92
4069.348	27.25
4071.803	26.92
4074.256	29.58
4076.708	26.58
4079.158	30.25
4081.606	29.92
4084.052	30.92
4086.497	33.25
4088.939	32.92
4091.38	32.58
4093.819	33.25
4096.257	1.92
4098.693	-1.08
4101.127	-1.75
4103.559	-0.75
4105.989	358.92
4108.418	367.25
4110.845	394.92
4113.27	423.58
4115.694	457.58
4118.115	521.58
4120.535	32.92
4122.954	35.92
4125.37	34.92
4127.785	29.25
4130.198	29.92
4132.609	28.58
4135.019	-3.75
4137.427	2.58
4139.833	0.58
4142.237	2.25
