160.701	557.88
166.742	732.21
172.777	1270.54
178.805	2959.21
184.826	7174.54
190.841	14829.54
196.849	24142.87
202.85	31004.88
208.845	33068.54
214.833	32234.88
220.815	30953.88
226.789	30105.21
232.758	29290.21
238.719	28446.54
244.674	27449.88
250.623	26368.88
256.565	25209.54
262.5	24113.21
268.429	23120.54
274.351	22215.54
280.267	21483.21
286.176	20791.88
292.079	20235.21
297.975	19675.54
303.865	19145.88
309.748	18705.21
315.625	18309.88
321.495	18001.54
327.359	17780.54
333.217	17627.21
339.068	17503.54
344.912	17475.54
350.751	17419.21
356.583	17336.21
362.408	17345.21
368.227	17396.54
374.04	17517.54
379.847	17745.88
385.647	17912.54
391.44	17901.21
397.228	17788.88
403.009	17812.54
408.784	18005.88
414.553	18468.54
420.315	19053.21
426.071	19157.87
431.821	18632.88
437.565	18026.21
443.302	17778.54
449.033	17665.87
454.758	17554.88
460.477	17420.21
466.189	17332.54
471.896	17217.54
477.596	17070.54
483.29	17002.88
488.978	16908.54
494.66	16790.87
500.335	16574.54
506.005	16356.88
511.668	16017.21
517.325	15730.21
522.977	15516.88
528.622	15282.88
534.261	15080.21
539.894	14941.54
545.521	14802.54
551.141	14707.21
556.756	14601.21
562.365	14509.54
567.968	14403.54
573.565	14331.54
579.155	14265.21
584.74	14150.54
590.319	14045.54
595.892	13918.88
601.459	13790.54
607.02	13669.54
612.575	13550.88
618.124	13402.21
623.667	13275.54
629.204	13176.54
634.735	13083.54
640.261	13102.54
645.781	13210.54
651.294	13226.54
656.802	13064.54
662.304	12745.21
667.8	12601.88
673.29	12510.21
678.775	12419.88
684.254	12323.54
689.726	12248.21
695.193	12152.21
700.655	12048.21
706.11	11954.54
711.56	11864.88
717.004	11775.54
722.442	11687.88
727.874	11668.88
733.301	11701.21
738.722	11698.21
744.137	11628.88
749.547	11527.21
754.951	11435.54
760.349	11303.54
765.741	11220.88
771.128	11134.21
776.509	11069.21
781.885	11036.54
787.254	10981.54
792.618	10907.54
797.977	10781.88
803.33	10691.21
808.677	10585.88
814.019	10454.21
819.355	10315.21
824.686	10192.21
830.011	10113.54
835.33	10027.54
840.644	9974.54
845.952	9906.21
851.255	9837.21
856.552	9771.21
861.844	9703.21
867.13	9608.54
872.41	9503.54
877.686	9389.21
882.955	9271.21
888.219	9155.88
893.478	9011.88
898.731	8849.88
903.979	8724.21
909.221	8625.54
914.458	8556.54
919.69	8495.21
924.916	8468.21
930.136	8430.88
935.351	8398.21
940.561	8371.54
945.766	8346.54
950.965	8276.88
956.158	8209.21
961.347	8081.54
966.529	7986.88
971.707	7874.21
976.879	7751.21
982.046	7650.21
987.208	7597.88
992.364	7584.88
997.515	7617.54
1002.66	7674.88
1007.801	7702.21
1012.936	7733.54
1018.066	7770.54
1023.19	7778.54
1028.309	7805.88
1033.423	7771.21
1038.532	7727.21
1043.636	7648.54
1048.734	7586.54
1053.827	7485.54
1058.915	7407.88
1063.998	7351.88
1069.075	7348.21
1074.147	7350.54
1079.214	7374.54
1084.276	7400.54
1089.333	7422.21
1094.385	7465.88
1099.431	7493.54
1104.472	7467.21
1109.509	7441.88
1114.54	7371.88
1119.565	7251.54
1124.586	7169.54
1129.602	7110.54
1134.613	7071.54
1139.618	7024.88
1144.619	6998.54
1149.614	7051.88
1154.604	7059.21
1159.589	7085.88
1164.57	7105.54
1169.545	7153.21
1174.515	7141.21
1179.48	7099.21
1184.44	7057.88
1189.395	7018.88
1194.345	6958.88
1199.29	6950.54
1204.23	6953.21
1209.165	6981.88
1214.095	7000.88
1219.021	7060.54
1223.941	7109.54
1228.856	7130.88
1233.766	7156.21
1238.672	7106.21
1243.572	7110.88
1248.467	7044.21
1253.358	6974.21
1258.244	6886.88
1263.124	6776.54
1268	6678.21
1272.871	6607.21
1277.737	6557.21
1282.599	6536.54
1287.455	6540.88
1292.306	6569.21
1297.153	6622.21
1301.995	6682.54
1306.832	6715.88
1311.664	6736.88
1316.491	6702.88
1321.314	6674.88
1326.132	6619.54
1330.945	6557.88
1335.753	6480.21
1340.556	6402.88
1345.354	6353.54
1350.148	6288.21
1354.937	6241.88
1359.722	6201.21
1364.501	6130.21
1369.276	6081.21
1374.046	6038.54
1378.811	6007.88
1383.572	5988.21
1388.327	5957.54
1393.079	5883.88
1397.825	5820.54
1402.567	5738.21
1407.304	5707.54
1412.036	5672.21
1416.764	5675.54
1421.487	5680.88
1426.205	5687.88
1430.919	5737.88
1435.628	5786.54
1440.333	5845.88
1445.032	5879.88
1449.727	5911.54
1454.418	5922.88
1459.104	5934.88
1463.785	5884.88
1468.462	5881.21
1473.134	5840.88
1477.802	5806.21
1482.465	5793.21
1487.123	5811.88
1491.777	5849.21
1496.426	5883.21
1501.071	5951.54
1505.711	5971.88
1510.347	6009.54
1514.978	6065.88
1519.604	6079.21
1524.226	6080.21
1528.844	6063.21
1533.457	6048.21
1538.065	6011.54
1542.669	5979.54
1547.269	5958.21
1551.864	5971.54
1556.454	6019.88
1561.041	6086.21
1565.622	6163.21
1570.199	6224.54
1574.772	6355.21
1579.34	6505.54
1583.904	6642.21
1588.464	6786.88
1593.019	6913.54
1597.569	7024.21
1602.115	7120.21
1606.657	7223.54
1611.195	7310.54
1615.728	7438.54
1620.256	7548.21
1624.78	7708.88
1629.3	7834.88
1633.816	7982.54
1638.327	8104.88
1642.834	8197.21
1647.336	8302.88
1651.834	8310.54
1656.328	8304.88
1660.817	8238.21
1665.302	8114.21
1669.783	7919.21
1674.259	7728.88
1678.732	7495.54
1683.199	7246.54
1687.663	6973.88
1692.122	6707.21
1696.577	6428.21
1701.028	6131.21
1705.474	5882.88
1709.917	5623.54
1714.355	5429.21
1718.788	5258.54
1723.218	5119.88
1727.643	4995.88
1732.064	4844.88
1736.481	4703.54
1740.893	4559.21
1745.301	4429.88
1749.705	4278.54
1754.105	4161.88
1758.501	4037.54
1762.893	3942.88
1767.28	3886.21
1771.663	3835.54
1776.042	3800.54
1780.417	3795.88
1784.787	3799.21
1789.154	3783.88
1793.516	3758.54
1797.874	3728.88
1802.228	3648.54
1806.578	3573.21
1810.924	3491.88
1815.266	3424.88
1819.603	3357.88
1823.937	3333.88
1828.266	3306.88
1832.591	3272.88
1836.913	3277.21
1841.23	3263.21
1845.543	3285.54
1849.852	3260.21
1854.156	3290.54
1858.457	3305.21
1862.754	3320.54
1867.047	3327.54
1871.335	3345.21
1875.62	3352.21
1879.9	3361.21
1884.177	3370.21
1888.449	3368.88
1892.718	3351.88
1896.982	3355.88
1901.243	3353.54
1905.499	3327.21
1909.752	3347.88
1914	3371.88
1918.245	3371.54
1922.485	3394.21
1926.722	3421.88
1930.954	3418.21
1935.183	3416.21
1939.408	3426.54
1943.628	3413.54
1947.845	3390.88
1952.058	3340.21
1956.267	3308.54
1960.472	3244.54
1964.673	3199.21
1968.87	3142.54
1973.063	3105.88
1977.252	3074.54
1981.438	3068.88
1985.619	3055.21
1989.797	3067.88
1993.971	3063.54
1998.14	3059.88
2002.306	3084.54
2006.469	3114.21
2010.627	3110.21
2014.781	3125.88
2018.932	3141.21
2023.078	3119.54
2027.221	3125.88
2031.36	3104.54
2035.495	3101.54
2039.627	3104.21
2043.754	3088.54
2047.878	3089.54
2051.998	3079.88
2056.114	3103.54
2060.226	3139.88
2064.334	3151.54
2068.439	3187.54
2072.54	3206.21
2076.637	3234.21
2080.73	3252.21
2084.82	3260.54
2088.906	3259.21
2092.988	3262.21
2097.066	3241.21
2101.14	3202.54
2105.211	3178.88
2109.278	3149.88
2113.342	3108.54
2117.401	3082.54
2121.457	3062.21
2125.509	3024.21
2129.558	2998.21
2133.602	2965.21
2137.643	2945.88
2141.681	2931.21
2145.714	2914.21
2149.744	2890.88
2153.77	2863.54
2157.793	2840.21
2161.812	2808.54
2165.827	2768.54
2169.838	2729.54
2173.846	2697.88
2177.851	2637.54
2181.851	2596.54
2185.848	2573.88
2189.841	2541.21
2193.831	2505.88
2197.817	2495.54
2201.799	2469.54
2205.778	2454.21
2209.753	2443.88
2213.725	2437.21
2217.693	2423.21
2221.657	2396.88
2225.618	2367.88
2229.575	2358.54
2233.529	2323.88
2237.479	2282.54
2241.425	2257.88
2245.368	2228.88
2249.307	2200.88
2253.243	2158.54
2257.175	2128.21
2261.104	2087.21
2265.029	2049.88
2268.95	2023.54
2272.868	2000.21
2276.783	1965.21
2280.694	1933.21
2284.601	1914.54
2288.505	1886.21
2292.405	1851.21
2296.302	1832.54
2300.195	1798.54
2304.085	1779.88
2307.971	1743.21
2311.854	1721.21
2315.734	1690.88
2319.609	1663.21
2323.482	1642.88
2327.351	1631.54
2331.216	1633.88
2335.078	1612.54
2338.937	1603.88
2342.792	1573.21
2346.643	1562.88
2350.492	1560.54
2354.336	1566.54
2358.178	1556.54
2362.015	1560.54
2365.85	1549.88
2369.681	1561.21
2373.508	1551.54
2377.333	1552.54
2381.153	1538.88
2384.971	1541.21
2388.785	1523.54
2392.595	1523.21
2396.402	1509.54
2400.206	1488.88
2404.007	1481.54
2407.804	1471.21
2411.597	1473.88
2415.388	1470.54
2419.174	1461.88
2422.958	1461.54
2426.738	1446.88
2430.515	1437.21
2434.289	1430.88
2438.059	1423.21
2441.825	1422.88
2445.589	1409.88
2449.349	1410.88
2453.106	1388.54
2456.859	1371.88
2460.61	1365.54
2464.356	1371.54
2468.1	1353.88
2471.84	1333.21
2475.577	1329.88
2479.311	1337.88
2483.041	1341.21
2486.768	1334.54
2490.492	1332.54
2494.213	1335.88
2497.93	1325.54
2501.644	1328.88
2505.355	1326.88
2509.062	1320.54
2512.766	1308.88
2516.467	1317.21
2520.165	1319.88
2523.859	1306.54
2527.551	1299.88
2531.239	1297.21
2534.923	1292.88
2538.605	1283.21
2542.283	1268.54
2545.958	1278.54
2549.63	1261.21
2553.299	1267.54
2556.964	1256.88
2560.626	1245.54
2564.285	1244.21
2567.941	1242.21
2571.594	1222.54
2575.243	1214.88
2578.89	1210.88
2582.533	1196.21
2586.173	1179.21
2589.809	1166.88
2593.443	1151.21
2597.073	1143.54
2600.701	1141.21
2604.325	1122.21
2607.946	1114.88
2611.564	1112.21
2615.178	1105.54
2618.79	1102.54
2622.398	1098.88
2626.004	1095.54
2629.606	1076.54
2633.205	1069.21
2636.801	1074.54
2640.394	1056.54
2643.983	1054.21
2647.57	1039.21
2651.153	1037.88
2654.734	1029.54
2658.311	1018.54
2661.885	1014.54
2665.456	1018.54
2669.025	1019.21
2672.589	1012.88
2676.151	1012.21
2679.71	1003.88
2683.266	1001.21
2686.819	996.88
2690.368	988.21
2693.915	988.88
2697.458	980.88
2700.999	975.54
2704.536	970.88
2708.071	976.21
2711.602	956.54
2715.13	966.88
2718.656	964.54
2722.178	972.21
2725.697	977.21
2729.214	992.54
2732.727	1003.21
2736.237	1007.54
2739.744	1015.54
2743.249	1027.21
2746.75	1035.54
2750.248	1038.21
2753.743	1026.54
2757.236	1021.21
2760.725	1022.54
2764.211	1010.54
2767.695	1009.88
2771.175	1002.21
2774.652	1005.88
2778.127	1004.54
2781.598	1013.21
2785.067	1016.88
2788.532	1023.88
2791.995	1036.21
2795.455	1043.54
2798.911	1056.88
2802.365	1080.54
2805.816	1089.21
2809.264	1101.54
2812.709	1111.88
2816.151	1122.54
2819.59	1135.21
2823.026	1149.88
2826.46	1154.21
2829.89	1161.21
2833.318	1165.54
2836.742	1184.21
2840.164	1185.88
2843.583	1212.21
2846.999	1228.54
2850.412	1239.88
2853.822	1256.88
2857.229	1266.88
2860.634	1294.21
2864.035	1301.54
2867.434	1329.54
2870.83	1340.21
2874.223	1352.21
2877.613	1368.21
2881	1375.54
2884.385	1393.54
2887.766	1399.21
2891.145	1416.54
2894.521	1430.21
2897.894	1449.21
2901.264	1455.54
2904.631	1469.21
2907.996	1490.21
2911.358	1517.88
2914.717	1531.21
2918.073	1567.21
2921.426	1593.88
2924.777	1624.21
2928.124	1651.21
2931.469	1696.54
2934.811	1732.88
2938.15	1765.88
2941.487	1805.21
2944.821	1837.88
2948.152	1864.54
2951.48	1904.21
2954.805	1942.54
2958.128	1978.21
2961.447	2013.88
2964.765	2053.88
2968.079	2107.88
2971.39	2160.54
2974.699	2210.21
2978.005	2273.21
2981.308	2342.88
2984.609	2393.54
2987.907	2464.21
2991.202	2530.54
2994.494	2610.88
2997.784	2659.21
3001.07	2744.54
3004.355	2809.54
3007.636	2871.21
3010.915	2915.21
3014.191	2986.21
3017.464	3027.21
3020.734	3076.54
3024.002	3130.54
3027.267	3189.21
3030.53	3239.88
3033.789	3315.88
3037.046	3396.88
3040.301	3478.54
3043.552	3559.88
3046.801	3660.21
3050.048	3748.88
3053.291	3861.21
3056.532	3976.21
3059.771	4092.87
3063.006	4224.88
3066.239	4340.88
3069.469	4470.21
3072.697	4611.21
3075.922	4736.54
3079.144	4879.88
3082.364	5005.21
3085.581	5108.54
3088.795	5230.88
3092.007	5349.54
3095.216	5494.88
3098.423	5603.21
3101.627	5732.21
3104.828	5902.54
3108.026	5993.88
3111.222	6142.88
3114.416	6271.54
3117.607	6406.88
3120.795	6569.21
3123.98	6712.54
3127.163	6894.21
3130.344	7034.54
3133.521	7189.21
3136.696	7334.88
3139.869	7460.88
3143.039	7606.88
3146.206	7720.21
3149.371	7813.88
3152.533	7908.21
3155.693	7964.54
3158.85	8017.54
3162.005	8079.88
3165.157	8122.21
3168.306	8141.88
3171.453	8195.21
3174.597	8216.54
3177.739	8246.54
3180.878	8293.21
3184.014	8323.21
3187.149	8355.88
3190.28	8386.21
3193.409	8422.54
3196.536	8460.21
3199.659	8523.88
3202.781	8533.88
3205.9	8568.21
3209.016	8570.88
3212.13	8591.54
3215.241	8580.54
3218.35	8512.88
3221.456	8489.88
3224.56	8430.88
3227.661	8379.88
3230.76	8346.88
3233.856	8288.88
3236.95	8240.88
3240.041	8197.88
3243.13	8127.21
3246.216	8100.88
3249.3	8062.88
3252.382	8009.88
3255.46	8037.54
3258.537	7972.54
3261.611	7979.54
3264.682	7937.54
3267.751	7934.88
3270.818	7889.54
3273.882	7848.21
3276.943	7821.21
3280.002	7742.21
3283.059	7646.88
3286.113	7572.54
3289.165	7446.54
3292.214	7381.54
3295.261	7275.88
3298.306	7152.21
3301.348	7052.88
3304.387	6961.88
3307.425	6885.54
3310.459	6816.54
3313.492	6718.21
3316.521	6666.54
3319.549	6608.21
3322.574	6539.54
3325.597	6502.88
3328.617	6466.21
3331.635	6428.88
3334.65	6410.88
3337.663	6387.54
3340.674	6350.88
3343.682	6351.54
3346.688	6325.21
3349.691	6306.21
3352.692	6296.88
3355.691	6267.88
3358.687	6231.54
3361.681	6177.88
3364.673	6113.88
3367.662	6034.88
3370.649	5988.21
3373.633	5935.88
3376.615	5852.88
3379.595	5789.54
3382.572	5757.21
3385.547	5669.54
3388.52	5624.88
3391.49	5550.88
3394.458	5506.88
3397.424	5447.88
3400.387	5404.54
3403.348	5342.88
3406.307	5315.21
3409.263	5277.21
3412.217	5217.54
3415.168	5194.54
3418.118	5154.21
3421.065	5102.54
3424.009	5054.54
3426.951	4997.88
3429.891	4939.54
3432.829	4871.21
3435.764	4795.21
3438.697	4712.88
3441.628	4620.21
3444.557	4545.21
3447.483	4427.88
3450.407	4349.54
3453.328	4263.21
3456.247	4146.21
3459.164	4070.21
3462.079	3976.21
3464.991	3880.54
3467.902	3785.88
3470.809	3705.88
3473.715	3612.21
3476.618	3535.54
3479.519	3452.21
3482.418	3385.54
3485.315	3313.21
3488.209	3246.54
3491.101	3182.21
3493.99	3103.88
3496.878	3041.88
3499.763	2968.54
3502.646	2892.88
3505.527	2832.54
3508.405	2753.88
3511.281	2675.54
3514.155	2591.88
3517.027	2519.88
3519.897	2439.21
3522.764	2344.21
3525.629	2273.21
3528.492	2182.88
3531.352	2102.54
3534.211	2033.88
3537.067	1961.88
3539.921	1878.54
3542.773	1810.21
3545.622	1746.21
3548.469	1691.21
3551.315	1632.21
3554.157	1578.21
3556.998	1520.88
3559.837	1487.21
3562.673	1441.21
3565.507	1391.54
3568.339	1351.54
3571.169	1313.54
3573.996	1273.21
3576.822	1229.54
3579.645	1184.88
3582.466	1153.21
3585.285	1102.21
3588.101	1062.88
3590.916	1019.21
3593.728	1000.54
3596.538	963.88
3599.346	924.21
3602.152	887.21
3604.956	858.88
3607.757	825.21
3610.556	791.88
3613.354	760.88
3616.149	740.54
3618.942	708.88
3621.732	688.21
3624.521	659.21
3627.307	640.21
3630.092	627.88
3632.874	611.21
3635.654	583.54
3638.432	565.54
3641.208	550.21
3643.982	523.88
3646.753	506.21
3649.523	485.54
3652.29	473.54
3655.055	453.88
3657.818	433.54
3660.579	412.88
3663.338	403.54
3666.095	384.54
3668.849	366.54
3671.602	355.21
3674.352	335.88
3677.101	321.54
3679.847	304.88
3682.591	296.21
3685.333	279.21
3688.073	270.21
3690.811	260.21
3693.547	261.54
3696.281	238.88
3699.013	230.88
3701.742	224.21
3704.47	217.54
3707.195	206.21
3709.919	199.54
3712.64	190.54
3715.359	188.21
3718.076	179.88
3720.792	171.21
3723.505	165.54
3726.216	158.21
3728.925	151.54
3731.632	145.88
3734.336	146.88
3737.039	139.88
3739.74	133.88
3742.439	127.54
3745.136	121.88
3747.83	117.54
3750.523	118.54
3753.213	117.88
3755.902	108.21
3758.589	102.88
3761.273	107.54
3763.956	103.21
3766.636	100.54
3769.315	100.21
3771.991	91.21
3774.665	87.54
3777.338	86.21
3780.008	87.54
3782.677	84.88
3785.343	82.54
3788.007	75.54
3790.67	77.21
3793.33	76.21
3795.989	70.21
3798.645	72.88
3801.299	67.88
3803.952	68.21
3806.602	61.54
3809.251	65.88
3811.897	62.54
3814.542	61.88
3817.184	64.21
3819.825	62.54
3822.463	60.54
3825.1	55.88
3827.735	57.54
3830.367	54.54
3832.998	51.54
3835.627	57.21
3838.253	54.21
3840.878	46.54
3843.501	50.88
3846.122	48.54
3848.741	43.88
3851.358	45.54
3853.973	47.88
3856.586	45.54
3859.197	42.54
3861.806	44.54
3864.414	42.88
3867.019	48.54
3869.622	45.54
3872.224	54.21
3874.823	70.54
3877.421	83.88
3880.016	110.54
3882.61	129.88
3885.202	144.21
3887.792	122.88
3890.38	87.88
3892.966	38.54
3895.55	31.54
3898.132	37.21
3900.713	31.88
3903.291	32.54
3905.868	31.21
3908.442	28.88
3911.015	28.54
3913.586	32.21
3916.155	28.54
3918.722	26.21
3921.287	32.21
3923.85	27.21
3926.411	28.54
3928.971	24.54
3931.528	25.88
3934.084	25.54
3936.638	22.54
3939.19	21.88
3941.74	23.54
3944.288	25.21
3946.834	25.54
3949.378	24.54
3951.921	23.88
3954.462	23.88
3957	28.54
3959.537	26.54
3962.072	26.21
3964.606	30.88
3967.137	26.21
3969.667	27.54
3972.194	27.88
3974.72	29.88
3977.244	36.21
3979.766	38.54
3982.286	32.88
3984.805	37.21
3987.321	40.21
3989.836	39.54
3992.349	42.54
3994.86	39.21
3997.369	36.88
3999.877	41.88
4002.382	35.54
4004.886	36.88
4007.388	35.54
4009.888	39.54
4012.386	33.88
4014.883	37.21
4017.377	34.21
4019.87	33.88
4022.361	37.88
4024.85	31.54
4027.338	37.54
4029.823	36.21
4032.307	33.54
4034.789	32.88
4037.269	32.88
4039.747	28.21
4042.224	28.21
4044.699	31.88
4047.172	27.21
4049.643	33.21
4052.112	31.88
4054.58	28.21
4057.046	31.54
4059.51	30.21
4061.972	28.21
4064.432	31.21
4066.891	30.54
4069.348	26.88
4071.803	30.54
4074.256	29.88
4076.708	23.88
4079.158	28.88
4081.606	25.88
4084.052	28.54
4086.497	31.54
4088.939	25.54
4091.38	30.21
4093.819	30.54
4096.257	5.54
4098.693	-1.12
4101.127	-3.46
4103.559	0.21
4105.989	311.88
4108.418	319.21
4110.845	352.88
4113.27	371.54
4115.694	414.88
4118.115	472.21
4120.535	29.21
4122.954	28.21
4125.37	28.21
4127.785	29.21
4130.198	27.88
4132.609	30.88
4135.019	-3.46
4137.427	0.21
4139.833	0.54
4142.237	1.54
