160.701	630.88
166.742	834.54
172.777	1432.88
178.805	3341.21
184.826	8167.88
190.841	16947.21
196.849	27740.54
202.85	35553.21
208.845	37962.54
214.833	36996.88
220.815	35455.54
226.789	34358.54
232.758	33331.21
238.719	32311.21
244.674	31040.54
250.623	29769.54
256.565	28383.87
262.5	27033.88
268.429	25837.88
274.351	24762.88
280.267	23782.21
286.176	22983.21
292.079	22205.54
297.975	21516.54
303.865	20901.88
309.748	20421.87
315.625	19968.21
321.495	19620.88
327.359	19349.21
333.217	19153.21
339.068	19033.88
344.912	18967.88
350.751	18891.54
356.583	18883.54
362.408	18879.88
368.227	18930.21
374.04	19100.21
379.847	19272.54
385.647	19532.88
391.44	19473.88
397.228	19384.54
403.009	19397.87
408.784	19715.21
414.553	20336.21
420.315	21098.88
426.071	21214.54
431.821	20519.88
437.565	19767.21
443.302	19458.88
449.033	19264.54
454.758	19100.54
460.477	18991.88
466.189	18842.54
471.896	18680.88
477.596	18550.54
483.29	18460.88
488.978	18325.88
494.66	18186.54
500.335	17915.54
506.005	17572.21
511.668	17174.21
517.325	16762.21
522.977	16423.54
528.622	16174.88
534.261	15944.21
539.894	15739.21
545.521	15594.88
551.141	15458.88
556.756	15307.21
562.365	15172.54
567.968	15071.54
573.565	14954.54
579.155	14844.21
584.74	14734.54
590.319	14603.54
595.892	14438.21
601.459	14332.21
607.02	14226.88
612.575	14043.21
618.124	13885.21
623.667	13732.88
629.204	13619.54
634.735	13557.88
640.261	13573.54
645.781	13717.21
651.294	13754.54
656.802	13532.21
662.304	13212.54
667.8	12999.21
673.29	12857.21
678.775	12731.88
684.254	12615.54
689.726	12535.54
695.193	12420.21
700.655	12318.54
706.11	12183.88
711.56	12071.54
717.004	11956.54
722.442	11865.21
727.874	11768.21
733.301	11662.88
738.722	11623.88
744.137	11611.21
749.547	11599.54
754.951	11597.21
760.349	11509.21
765.741	11418.88
771.128	11296.88
776.509	11274.54
781.885	11240.88
787.254	11173.21
792.618	11098.54
797.977	10989.21
803.33	10851.88
808.677	10731.21
814.019	10604.88
819.355	10453.54
824.686	10317.21
830.011	10206.21
835.33	10097.88
840.644	9998.21
845.952	9937.54
851.255	9854.88
856.552	9743.88
861.844	9602.21
867.13	9542.54
872.41	9410.88
877.686	9293.21
882.955	9150.88
888.219	8993.88
893.478	8837.21
898.731	8664.54
903.979	8544.21
909.221	8404.54
914.458	8318.88
919.69	8256.88
924.916	8218.88
930.136	8174.54
935.351	8158.21
940.561	8115.54
945.766	8061.21
950.965	7989.88
956.158	7917.88
961.347	7810.54
966.529	7678.88
971.707	7553.88
976.879	7457.54
982.046	7355.54
987.208	7327.54
992.364	7283.21
997.515	7284.54
1002.66	7333.88
1007.801	7351.54
1012.936	7406.88
1018.066	7449.54
1023.19	7479.21
1028.309	7483.54
1033.423	7456.21
1038.532	7400.54
1043.636	7350.21
1048.734	7265.54
1053.827	7177.54
1058.915	7132.54
1063.998	7055.21
1069.075	7024.88
1074.147	7009.88
1079.214	7045.21
1084.276	7064.21
1089.333	7098.54
1094.385	7134.88
1099.431	7151.88
1104.472	7141.88
1109.509	7108.54
1114.54	7006.54
1119.565	6917.54
1124.586	6832.88
1129.602	6771.54
1134.613	6723.54
1139.618	6696.88
1144.619	6688.21
1149.614	6715.21
1154.604	6747.54
1159.589	6745.88
1164.57	6776.88
1169.545	6783.54
1174.515	6795.54
1179.48	6766.21
1184.44	6717.21
1189.395	6667.21
1194.345	6629.88
1199.29	6596.54
1204.23	6595.88
1209.165	6610.21
1214.095	6629.88
1219.021	6675.21
1223.941	6740.88
1228.856	6751.54
1233.766	6780.88
1238.672	6765.88
1243.572	6754.54
1248.467	6691.21
1253.358	6619.54
1258.244	6499.54
1263.124	6429.54
1268	6339.88
1272.871	6250.21
1277.737	6205.21
1282.599	6186.88
1287.455	6181.88
1292.306	6191.21
1297.153	6202.21
1301.995	6254.21
1306.832	6276.21
1311.664	6309.54
1316.491	6294.21
1321.314	6260.88
1326.132	6233.54
1330.945	6133.88
1335.753	6074.88
1340.556	6038.88
1345.354	5967.54
1350.148	5931.88
1354.937	5854.54
1359.722	5778.54
1364.501	5734.21
1369.276	5674.88
1374.046	5607.88
1378.811	5550.21
1383.572	5502.54
1388.327	5441.54
1393.079	5394.21
1397.825	5359.21
1402.567	5329.54
1407.304	5309.88
1412.036	5291.88
1416.764	5288.54
1421.487	5277.88
1426.205	5332.88
1430.919	5356.54
1435.628	5403.21
1440.333	5480.21
1445.032	5505.54
1449.727	5541.88
1454.418	5557.54
1459.104	5548.21
1463.785	5514.88
1468.462	5481.88
1473.134	5463.88
1477.802	5470.88
1482.465	5448.21
1487.123	5448.88
1491.777	5489.88
1496.426	5520.54
1501.071	5567.21
1505.711	5623.54
1510.347	5657.54
1514.978	5687.88
1519.604	5698.88
1524.226	5702.88
1528.844	5665.54
1533.457	5660.21
1538.065	5620.21
1542.669	5637.54
1547.269	5640.88
1551.864	5673.88
1556.454	5764.88
1561.041	5854.88
1565.622	5927.88
1570.199	6023.88
1574.772	6183.21
1579.34	6340.54
1583.904	6497.54
1588.464	6661.21
1593.019	6831.21
1597.569	6970.54
1602.115	7114.21
1606.657	7256.54
1611.195	7366.21
1615.728	7487.54
1620.256	7672.54
1624.78	7824.88
1629.3	8004.88
1633.816	8150.21
1638.327	8300.21
1642.834	8420.21
1647.336	8490.88
1651.834	8523.88
1656.328	8444.21
1660.817	8370.54
1665.302	8238.54
1669.783	8029.88
1674.259	7754.54
1678.732	7508.21
1683.199	7219.21
1687.663	6916.88
1692.122	6611.88
1696.577	6291.88
1701.028	5963.54
1705.474	5649.54
1709.917	5358.54
1714.355	5133.54
1718.788	4952.54
1723.218	4805.88
1727.643	4662.88
1732.064	4510.54
1736.481	4371.88
1740.893	4212.21
1745.301	4059.87
1749.705	3922.21
1754.105	3780.54
1758.501	3671.21
1762.893	3577.21
1767.28	3504.21
1771.663	3458.54
1776.042	3423.21
1780.417	3410.54
1784.787	3401.21
1789.154	3401.88
1793.516	3372.54
1797.874	3317.54
1802.228	3231.54
1806.578	3166.21
1810.924	3069.88
1815.266	3016.21
1819.603	2959.88
1823.937	2912.21
1828.266	2897.54
1832.591	2874.21
1836.913	2879.21
1841.23	2881.54
1845.543	2866.21
1849.852	2886.54
1854.156	2894.88
1858.457	2913.88
1862.754	2927.54
1867.047	2941.88
1871.335	2960.54
1875.62	2972.21
1879.9	2992.21
1884.177	2973.88
1888.449	2982.88
1892.718	2982.88
1896.982	2970.54
1901.243	2967.88
1905.499	2980.21
1909.752	2982.54
1914	2997.88
1918.245	2998.54
1922.485	3019.54
1926.722	3034.21
1930.954	3052.54
1935.183	3050.54
1939.408	3053.21
1943.628	3039.88
1947.845	3008.21
1952.058	2990.88
1956.267	2961.21
1960.472	2914.21
1964.673	2848.54
1968.87	2828.54
1973.063	2808.21
1977.252	2789.88
1981.438	2774.21
1985.619	2782.21
1989.797	2785.21
1993.971	2786.54
1998.14	2813.21
2002.306	2843.21
2006.469	2864.88
2010.627	2882.21
2014.781	2898.54
2018.932	2912.88
2023.078	2910.88
2027.221	2916.54
2031.36	2916.54
2035.495	2894.21
2039.627	2893.21
2043.754	2887.21
2047.878	2907.21
2051.998	2899.88
2056.114	2918.88
2060.226	2943.88
2064.334	2972.21
2068.439	3004.21
2072.54	3016.88
2076.637	3049.54
2080.73	3086.88
2084.82	3090.88
2088.906	3090.54
2092.988	3086.54
2097.066	3056.54
2101.14	3039.54
2105.211	3010.88
2109.278	2982.21
2113.342	2962.21
2117.401	2916.88
2121.457	2902.54
2125.509	2871.54
2129.558	2852.88
2133.602	2836.88
2137.643	2821.54
2141.681	2800.21
2145.714	2779.21
2149.744	2764.21
2153.77	2740.88
2157.793	2727.88
2161.812	2690.88
2165.827	2656.54
2169.838	2626.21
2173.846	2586.21
2177.851	2537.54
2181.851	2494.21
2185.848	2482.21
2189.841	2439.54
2193.831	2420.88
2197.817	2393.21
2201.799	2390.21
2205.778	2369.88
2209.753	2344.88
2213.725	2339.54
2217.693	2325.21
2221.657	2315.54
2225.618	2274.88
2229.575	2270.54
2233.529	2238.21
2237.479	2189.21
2241.425	2174.21
2245.368	2140.54
2249.307	2114.21
2253.243	2072.54
2257.175	2029.54
2261.104	2006.21
2265.029	1977.54
2268.95	1947.21
2272.868	1916.21
2276.783	1895.21
2280.694	1863.54
2284.601	1843.88
2288.505	1823.54
2292.405	1793.21
2296.302	1772.54
2300.195	1741.88
2304.085	1701.54
2307.971	1693.21
2311.854	1661.88
2315.734	1641.21
2319.609	1612.21
2323.482	1588.21
2327.351	1575.21
2331.216	1592.54
2335.078	1577.88
2338.937	1547.88
2342.792	1524.88
2346.643	1514.54
2350.492	1500.54
2354.336	1513.88
2358.178	1504.54
2362.015	1515.88
2365.85	1505.54
2369.681	1510.54
2373.508	1512.21
2377.333	1504.21
2381.153	1505.21
2384.971	1492.88
2388.785	1489.21
2392.595	1480.54
2396.402	1473.54
2400.206	1460.54
2404.007	1456.88
2407.804	1444.21
2411.597	1436.88
2415.388	1435.54
2419.174	1427.88
2422.958	1419.21
2426.738	1408.54
2430.515	1403.88
2434.289	1403.88
2438.059	1393.88
2441.825	1387.54
2445.589	1384.88
2449.349	1371.54
2453.106	1350.88
2456.859	1339.54
2460.61	1335.21
2464.356	1332.21
2468.1	1314.21
2471.84	1310.54
2475.577	1293.21
2479.311	1293.21
2483.041	1302.54
2486.768	1303.21
2490.492	1295.88
2494.213	1290.88
2497.93	1299.54
2501.644	1295.88
2505.355	1283.21
2509.062	1290.88
2512.766	1282.21
2516.467	1274.88
2520.165	1279.21
2523.859	1263.88
2527.551	1264.54
2531.239	1253.54
2534.923	1247.21
2538.605	1233.88
2542.283	1239.54
2545.958	1229.21
2549.63	1224.21
2553.299	1224.88
2556.964	1220.21
2560.626	1202.21
2564.285	1195.54
2567.941	1199.21
2571.594	1182.54
2575.243	1179.88
2578.89	1162.88
2582.533	1154.21
2586.173	1134.54
2589.809	1123.54
2593.443	1120.54
2597.073	1109.88
2600.701	1103.21
2604.325	1092.21
2607.946	1077.88
2611.564	1078.88
2615.178	1078.54
2618.79	1074.88
2622.398	1064.54
2626.004	1054.54
2629.606	1055.88
2633.205	1048.21
2636.801	1044.54
2640.394	1026.21
2643.983	1030.88
2647.57	1029.54
2651.153	1014.54
2654.734	1008.21
2658.311	1007.88
2661.885	999.54
2665.456	1003.54
2669.025	998.54
2672.589	998.88
2676.151	998.21
2679.71	989.88
2683.266	1000.21
2686.819	994.88
2690.368	985.88
2693.915	973.21
2697.458	984.21
2700.999	974.21
2704.536	967.54
2708.071	969.21
2711.602	961.21
2715.13	961.88
2718.656	964.88
2722.178	974.21
2725.697	974.21
2729.214	989.21
2732.727	1003.88
2736.237	1006.88
2739.744	1017.54
2743.249	1025.54
2746.75	1034.54
2750.248	1032.54
2753.743	1021.21
2757.236	1025.21
2760.725	1019.54
2764.211	1018.54
2767.695	1010.88
2771.175	997.21
2774.652	1005.88
2778.127	1007.88
2781.598	1012.21
2785.067	1024.21
2788.532	1037.54
2791.995	1054.54
2795.455	1062.21
2798.911	1080.88
2802.365	1094.21
2805.816	1110.54
2809.264	1127.88
2812.709	1141.21
2816.151	1159.21
2819.59	1168.88
2823.026	1173.88
2826.46	1182.21
2829.89	1198.88
2833.318	1214.88
2836.742	1227.54
2840.164	1240.88
2843.583	1265.21
2846.999	1273.88
2850.412	1291.88
2853.822	1314.21
2857.229	1334.54
2860.634	1352.88
2864.035	1361.88
2867.434	1399.88
2870.83	1417.21
2874.223	1437.88
2877.613	1449.54
2881	1462.21
2884.385	1488.88
2887.766	1507.88
2891.145	1513.21
2894.521	1545.21
2897.894	1559.88
2901.264	1582.21
2904.631	1601.54
2907.996	1629.88
2911.358	1652.21
2914.717	1679.21
2918.073	1701.88
2921.426	1741.54
2924.777	1779.88
2928.124	1817.54
2931.469	1861.88
2934.811	1909.54
2938.15	1936.88
2941.487	1987.88
2944.821	2020.21
2948.152	2065.21
2951.48	2102.54
2954.805	2140.88
2958.128	2183.54
2961.447	2237.88
2964.765	2295.54
2968.079	2336.21
2971.39	2405.21
2974.699	2470.54
2978.005	2519.54
2981.308	2591.21
2984.609	2653.54
2987.907	2741.88
2991.202	2813.54
2994.494	2892.21
2997.784	2950.88
3001.07	3040.21
3004.355	3115.88
3007.636	3187.88
3010.915	3247.21
3014.191	3327.54
3017.464	3373.88
3020.734	3451.88
3024.002	3532.54
3027.267	3602.54
3030.53	3661.21
3033.789	3749.21
3037.046	3854.21
3040.301	3956.54
3043.552	4049.87
3046.801	4167.21
3050.048	4267.54
3053.291	4407.88
3056.532	4541.88
3059.771	4681.88
3063.006	4833.54
3066.239	4997.54
3069.469	5145.54
3072.697	5292.21
3075.922	5428.21
3079.144	5600.54
3082.364	5726.21
3085.581	5857.54
3088.795	6008.54
3092.007	6145.21
3095.216	6301.54
3098.423	6427.88
3101.627	6594.88
3104.828	6759.88
3108.026	6884.54
3111.222	7033.88
3114.416	7208.54
3117.607	7370.54
3120.795	7542.88
3123.98	7704.88
3127.163	7878.88
3130.344	8084.21
3133.521	8247.21
3136.696	8426.21
3139.869	8593.88
3143.039	8748.54
3146.206	8855.88
3149.371	8970.88
3152.533	9053.54
3155.693	9136.54
3158.85	9208.21
3162.005	9276.54
3165.157	9325.88
3168.306	9359.21
3171.453	9425.54
3174.597	9438.21
3177.739	9477.21
3180.878	9534.21
3184.014	9564.54
3187.149	9597.88
3190.28	9638.54
3193.409	9657.88
3196.536	9716.54
3199.659	9752.88
3202.781	9790.21
3205.9	9825.88
3209.016	9856.88
3212.13	9813.21
3215.241	9782.54
3218.35	9734.21
3221.456	9690.88
3224.56	9615.21
3227.661	9564.88
3230.76	9462.88
3233.856	9397.21
3236.95	9337.21
3240.041	9259.88
3243.13	9202.88
3246.216	9140.21
3249.3	9122.21
3252.382	9051.88
3255.46	9028.54
3258.537	9034.88
3261.611	8959.21
3264.682	8929.54
3267.751	8922.54
3270.818	8879.88
3273.882	8822.21
3276.943	8790.21
3280.002	8722.88
3283.059	8639.54
3286.113	8544.88
3289.165	8455.21
3292.214	8363.54
3295.261	8238.88
3298.306	8144.88
3301.348	8036.54
3304.387	7940.21
3307.425	7864.54
3310.459	7765.54
3313.492	7693.21
3316.521	7625.54
3319.549	7563.54
3322.574	7546.21
3325.597	7491.88
3328.617	7449.54
3331.635	7436.54
3334.65	7396.54
3337.663	7368.21
3340.674	7344.21
3343.682	7321.54
3346.688	7329.21
3349.691	7300.54
3352.692	7269.54
3355.691	7259.54
3358.687	7215.54
3361.681	7139.88
3364.673	7076.21
3367.662	7009.54
3370.649	6925.21
3373.633	6851.21
3376.615	6767.88
3379.595	6703.54
3382.572	6633.54
3385.547	6550.88
3388.52	6491.88
3391.49	6406.54
3394.458	6363.21
3397.424	6301.54
3400.387	6231.88
3403.348	6173.54
3406.307	6110.88
3409.263	6056.88
3412.217	6023.88
3415.168	5962.21
3418.118	5929.88
3421.065	5861.88
3424.009	5816.88
3426.951	5730.88
3429.891	5658.88
3432.829	5578.54
3435.764	5487.88
3438.697	5397.88
3441.628	5292.21
3444.557	5191.54
3447.483	5059.54
3450.407	4958.54
3453.328	4864.21
3456.247	4722.21
3459.164	4635.88
3462.079	4515.88
3464.991	4412.54
3467.902	4303.21
3470.809	4198.21
3473.715	4077.88
3476.618	4004.88
3479.519	3924.88
3482.418	3812.21
3485.315	3759.88
3488.209	3665.88
3491.101	3586.21
3493.99	3504.21
3496.878	3417.54
3499.763	3354.54
3502.646	3270.54
3505.527	3181.88
3508.405	3108.54
3511.281	3010.54
3514.155	2914.88
3517.027	2812.88
3519.897	2722.88
3522.764	2628.54
3525.629	2540.88
3528.492	2457.21
3531.352	2352.54
3534.211	2278.21
3537.067	2185.21
3539.921	2104.88
3542.773	2035.54
3545.622	1950.88
3548.469	1885.54
3551.315	1830.88
3554.157	1760.54
3556.998	1701.54
3559.837	1669.54
3562.673	1610.54
3565.507	1569.88
3568.339	1508.21
3571.169	1466.21
3573.996	1418.54
3576.822	1373.21
3579.645	1332.21
3582.466	1288.88
3585.285	1233.21
3588.101	1189.88
3590.916	1156.54
3593.728	1120.54
3596.538	1071.54
3599.346	1024.21
3602.152	992.21
3604.956	956.21
3607.757	928.54
3610.556	882.88
3613.354	849.54
3616.149	820.88
3618.942	786.54
3621.732	768.21
3624.521	746.21
3627.307	718.54
3630.092	709.88
3632.874	684.21
3635.654	656.88
3638.432	637.21
3641.208	608.88
3643.982	594.88
3646.753	571.54
3649.523	544.88
3652.29	536.54
3655.055	511.88
3657.818	491.54
3660.579	473.54
3663.338	459.54
3666.095	438.88
3668.849	415.54
3671.602	397.21
3674.352	382.88
3677.101	360.54
3679.847	346.21
3682.591	333.54
3685.333	320.21
3688.073	307.88
3690.811	298.88
3693.547	290.54
3696.281	275.54
3699.013	262.21
3701.742	260.88
3704.47	246.88
3707.195	235.54
3709.919	228.21
3712.64	216.21
3715.359	213.54
3718.076	202.54
3720.792	191.54
3723.505	184.54
3726.216	179.88
3728.925	173.54
3731.632	164.88
3734.336	160.21
3737.039	153.88
3739.74	150.54
3742.439	145.21
3745.136	138.21
3747.83	133.54
3750.523	129.54
3753.213	115.54
3755.902	124.54
3758.589	122.21
3761.273	119.54
3763.956	116.88
3766.636	109.21
3769.315	107.54
3771.991	105.21
3774.665	100.54
3777.338	94.21
3780.008	100.21
3782.677	94.21
3785.343	92.88
3788.007	89.54
3790.67	86.21
3793.33	83.54
3795.989	78.21
3798.645	84.88
3801.299	75.54
3803.952	74.88
3806.602	70.54
3809.251	74.88
3811.897	66.88
3814.542	68.21
3817.184	69.54
3819.825	67.54
3822.463	65.88
3825.1	63.21
3827.735	63.21
3830.367	60.21
3832.998	60.54
3835.627	61.21
3838.253	59.88
3840.878	53.21
3843.501	51.88
3846.122	53.54
3848.741	54.54
3851.358	52.54
3853.973	54.54
3856.586	51.54
3859.197	52.54
3861.806	48.54
3864.414	48.54
3867.019	52.88
3869.622	51.88
3872.224	58.88
3874.823	77.54
3877.421	98.21
3880.016	124.54
3882.61	152.88
3885.202	159.54
3887.792	133.54
3890.38	89.21
3892.966	39.88
3895.55	33.21
3898.132	38.88
3900.713	34.88
3903.291	33.21
3905.868	34.54
3908.442	32.88
3911.015	30.21
3913.586	32.21
3916.155	34.21
3918.722	26.88
3921.287	27.54
3923.85	29.88
3926.411	26.21
3928.971	26.54
3931.528	24.88
3934.084	25.21
3936.638	24.88
3939.19	22.88
3941.74	29.54
3944.288	28.88
3946.834	23.88
3949.378	24.88
3951.921	23.88
3954.462	25.88
3957	29.88
3959.537	32.54
3962.072	31.88
3964.606	30.54
3967.137	31.21
3969.667	28.21
3972.194	27.88
3974.72	28.21
3977.244	34.88
3979.766	39.54
3982.286	33.54
3984.805	39.88
3987.321	43.21
3989.836	42.54
3992.349	48.88
3994.86	39.21
3997.369	40.21
3999.877	43.21
4002.382	37.21
4004.886	40.88
4007.388	42.54
4009.888	39.21
4012.386	38.54
4014.883	35.21
4017.377	37.54
4019.87	37.88
4022.361	40.21
4024.85	35.21
4027.338	35.88
4029.823	38.54
4032.307	34.54
4034.789	33.21
4037.269	35.88
4039.747	31.88
4042.224	30.54
4044.699	32.88
4047.172	33.21
4049.643	30.88
4052.112	31.88
4054.58	28.54
4057.046	30.21
4059.51	29.88
4061.972	25.54
4064.432	32.88
4066.891	29.54
4069.348	30.21
4071.803	28.88
4074.256	29.54
4076.708	27.88
4079.158	30.54
4081.606	28.54
4084.052	27.88
4086.497	31.88
4088.939	28.88
4091.38	33.54
4093.819	33.88
4096.257	4.54
4098.693	-0.79
4101.127	-2.79
4103.559	-0.12
4105.989	369.21
4108.418	378.54
4110.845	400.88
4113.27	431.21
4115.694	473.88
4118.115	542.54
4120.535	33.54
4122.954	31.21
4125.37	31.21
4127.785	27.88
4130.198	30.54
4132.609	32.88
4135.019	-2.46
4137.427	-0.46
4139.833	0.88
4142.237	1.21
