160.701	536.71
166.742	713.38
172.777	1212.04
178.805	2827.38
184.826	6854.71
190.841	14165.71
196.849	23062.37
202.85	29562.37
208.845	31461.04
214.833	30600.38
220.815	29327.71
226.789	28428.38
232.758	27698.37
238.719	26796.04
244.674	25820.71
250.623	24728.71
256.565	23598.04
262.5	22535.71
268.429	21551.04
274.351	20684.38
280.267	19903.38
286.176	19229.38
292.079	18620.38
297.975	18073.38
303.865	17534.04
309.748	17146.37
315.625	16789.38
321.495	16469.71
327.359	16276.04
333.217	16107.71
339.068	16048.38
344.912	15965.38
350.751	15895.71
356.583	15863.38
362.408	15885.04
368.227	15911.04
374.04	16011.71
379.847	16196.71
385.647	16340.38
391.44	16342.71
397.228	16224.04
403.009	16257.71
408.784	16500.71
414.553	16946.71
420.315	17528.71
426.071	17670.71
431.821	17095.38
437.565	16512.04
443.302	16266.04
449.033	16130.04
454.758	16037.04
460.477	15910.38
466.189	15796.71
471.896	15680.38
477.596	15552.71
483.29	15448.04
488.978	15410.04
494.66	15269.71
500.335	15057.71
506.005	14777.04
511.668	14483.04
517.325	14172.71
522.977	13928.38
528.622	13725.04
534.261	13561.71
539.894	13415.38
545.521	13267.38
551.141	13194.04
556.756	13072.71
562.365	12972.38
567.968	12852.71
573.565	12765.04
579.155	12693.71
584.74	12597.38
590.319	12483.71
595.892	12384.04
601.459	12270.71
607.02	12160.04
612.575	12022.38
618.124	11875.71
623.667	11763.04
629.204	11662.71
634.735	11605.38
640.261	11622.38
645.781	11707.04
651.294	11735.71
656.802	11573.04
662.304	11292.04
667.8	11124.38
673.29	11031.71
678.775	10933.71
684.254	10859.71
689.726	10779.38
695.193	10678.71
700.655	10588.04
706.11	10491.71
711.56	10389.04
717.004	10306.04
722.442	10250.38
727.874	10145.71
733.301	10103.04
738.722	10050.38
744.137	10031.71
749.547	10018.38
754.951	10000.38
760.349	9943.04
765.741	9820.04
771.128	9731.04
776.509	9717.04
781.885	9678.38
787.254	9608.71
792.618	9557.71
797.977	9455.38
803.33	9350.38
808.677	9241.38
814.019	9116.04
819.355	9008.38
824.686	8888.38
830.011	8818.71
835.33	8739.71
840.644	8646.38
845.952	8572.04
851.255	8522.04
856.552	8444.71
861.844	8344.71
867.13	8257.38
872.41	8187.38
877.686	8095.04
882.955	7940.71
888.219	7822.04
893.478	7702.71
898.731	7550.04
903.979	7446.04
909.221	7352.71
914.458	7278.04
919.69	7233.38
924.916	7194.04
930.136	7158.38
935.351	7124.38
940.561	7089.04
945.766	7058.71
950.965	7012.71
956.158	6937.71
961.347	6843.04
966.529	6717.38
971.707	6641.38
976.879	6543.71
982.046	6462.38
987.208	6419.04
992.364	6405.71
997.515	6396.71
1002.66	6442.38
1007.801	6465.38
1012.936	6500.71
1018.066	6533.04
1023.19	6574.38
1028.309	6563.71
1033.423	6535.71
1038.532	6492.04
1043.636	6453.38
1048.734	6363.04
1053.827	6286.71
1058.915	6237.71
1063.998	6195.38
1069.075	6164.38
1074.147	6155.38
1079.214	6174.38
1084.276	6192.71
1089.333	6240.71
1094.385	6258.71
1099.431	6291.38
1104.472	6250.38
1109.509	6224.04
1114.54	6171.38
1119.565	6089.04
1124.586	6008.04
1129.602	5946.38
1134.613	5919.04
1139.618	5869.71
1144.619	5887.38
1149.614	5898.38
1154.604	5909.71
1159.589	5935.38
1164.57	5954.04
1169.545	5968.04
1174.515	5973.04
1179.48	5944.71
1184.44	5913.38
1189.395	5867.71
1194.345	5799.38
1199.29	5802.71
1204.23	5794.38
1209.165	5818.04
1214.095	5842.71
1219.021	5868.71
1223.941	5916.38
1228.856	5934.71
1233.766	5953.04
1238.672	5951.38
1243.572	5948.04
1248.467	5901.04
1253.358	5826.71
1258.244	5748.04
1263.124	5663.04
1268	5565.71
1272.871	5522.04
1277.737	5468.71
1282.599	5462.71
1287.455	5445.04
1292.306	5474.71
1297.153	5495.71
1301.995	5534.38
1306.832	5565.71
1311.664	5581.04
1316.491	5574.38
1321.314	5551.71
1326.132	5495.71
1330.945	5445.38
1335.753	5404.04
1340.556	5335.71
1345.354	5294.38
1350.148	5254.04
1354.937	5195.38
1359.722	5134.38
1364.501	5065.04
1369.276	5020.71
1374.046	4975.38
1378.811	4935.04
1383.572	4893.04
1388.327	4864.38
1393.079	4820.38
1397.825	4795.71
1402.567	4766.38
1407.304	4721.71
1412.036	4721.04
1416.764	4710.04
1421.487	4715.04
1426.205	4749.71
1430.919	4759.71
1435.628	4807.71
1440.333	4868.38
1445.032	4885.71
1449.727	4927.71
1454.418	4926.04
1459.104	4947.04
1463.785	4903.71
1468.462	4872.71
1473.134	4856.38
1477.802	4842.71
1482.465	4832.38
1487.123	4811.38
1491.777	4852.71
1496.426	4900.38
1501.071	4936.38
1505.711	4980.04
1510.347	5006.04
1514.978	5045.71
1519.604	5048.04
1524.226	5060.04
1528.844	5032.04
1533.457	5014.38
1538.065	4994.04
1542.669	4981.38
1547.269	5004.71
1551.864	5006.71
1556.454	5081.38
1561.041	5168.04
1565.622	5212.04
1570.199	5314.38
1574.772	5426.38
1579.34	5563.38
1583.904	5711.04
1588.464	5830.71
1593.019	5960.71
1597.569	6086.38
1602.115	6197.71
1606.657	6292.71
1611.195	6391.38
1615.728	6519.04
1620.256	6651.38
1624.78	6789.38
1629.3	6938.71
1633.816	7070.71
1638.327	7177.38
1642.834	7273.38
1647.336	7337.38
1651.834	7352.04
1656.328	7350.38
1660.817	7281.38
1665.302	7150.04
1669.783	6970.04
1674.259	6766.38
1678.732	6530.04
1683.199	6302.71
1687.663	6065.38
1692.122	5778.38
1696.577	5515.04
1701.028	5235.71
1705.474	4959.71
1709.917	4745.38
1714.355	4546.04
1718.788	4384.38
1723.218	4265.71
1727.643	4139.38
1732.064	4000.04
1736.481	3872.04
1740.893	3739.71
1745.301	3605.71
1749.705	3487.38
1754.105	3371.71
1758.501	3275.04
1762.893	3168.04
1767.28	3131.04
1771.663	3092.38
1776.042	3051.38
1780.417	3041.71
1784.787	3029.04
1789.154	3018.04
1793.516	2986.38
1797.874	2944.04
1802.228	2891.71
1806.578	2809.38
1810.924	2744.71
1815.266	2736.38
1819.603	2658.04
1823.937	2620.38
1828.266	2601.38
1832.591	2604.38
1836.913	2587.38
1841.23	2582.71
1845.543	2584.04
1849.852	2587.71
1854.156	2603.38
1858.457	2617.38
1862.754	2631.04
1867.047	2634.38
1871.335	2649.04
1875.62	2666.04
1879.9	2661.71
1884.177	2678.38
1888.449	2664.38
1892.718	2666.04
1896.982	2648.71
1901.243	2652.04
1905.499	2639.04
1909.752	2657.04
1914	2658.38
1918.245	2672.71
1922.485	2670.71
1926.722	2682.38
1930.954	2695.38
1935.183	2703.71
1939.408	2703.04
1943.628	2690.04
1947.845	2670.71
1952.058	2641.71
1956.267	2608.04
1960.472	2572.04
1964.673	2536.71
1968.87	2520.71
1973.063	2502.04
1977.252	2472.04
1981.438	2473.04
1985.619	2472.71
1989.797	2475.71
1993.971	2478.04
1998.14	2498.04
2002.306	2524.04
2006.469	2544.38
2010.627	2549.38
2014.781	2560.38
2018.932	2577.38
2023.078	2575.38
2027.221	2578.04
2031.36	2579.04
2035.495	2556.71
2039.627	2546.71
2043.754	2543.04
2047.878	2546.71
2051.998	2558.38
2056.114	2575.71
2060.226	2605.38
2064.334	2626.71
2068.439	2651.71
2072.54	2668.71
2076.637	2675.04
2080.73	2718.38
2084.82	2727.71
2088.906	2717.38
2092.988	2720.04
2097.066	2683.38
2101.14	2666.04
2105.211	2656.04
2109.278	2617.04
2113.342	2592.71
2117.401	2566.04
2121.457	2543.38
2125.509	2529.38
2129.558	2487.38
2133.602	2484.04
2137.643	2458.38
2141.681	2449.71
2145.714	2447.71
2149.744	2410.71
2153.77	2416.71
2157.793	2381.04
2161.812	2354.04
2165.827	2325.71
2169.838	2292.38
2173.846	2263.04
2177.851	2224.04
2181.851	2195.04
2185.848	2165.71
2189.841	2132.04
2193.831	2115.71
2197.817	2096.71
2201.799	2079.71
2205.778	2066.04
2209.753	2049.38
2213.725	2046.04
2217.693	2026.04
2221.657	2018.71
2225.618	2003.38
2229.575	1985.04
2233.529	1950.71
2237.479	1913.71
2241.425	1883.04
2245.368	1881.71
2249.307	1851.04
2253.243	1809.38
2257.175	1781.04
2261.104	1755.04
2265.029	1724.38
2268.95	1706.38
2272.868	1682.04
2276.783	1647.71
2280.694	1627.38
2284.601	1604.71
2288.505	1584.38
2292.405	1562.04
2296.302	1546.38
2300.195	1517.71
2304.085	1500.71
2307.971	1477.38
2311.854	1456.38
2315.734	1423.04
2319.609	1402.38
2323.482	1379.71
2327.351	1383.71
2331.216	1381.38
2335.078	1375.38
2338.937	1359.71
2342.792	1333.04
2346.643	1313.04
2350.492	1313.04
2354.336	1327.38
2358.178	1323.71
2362.015	1315.04
2365.85	1311.38
2369.681	1322.04
2373.508	1314.04
2377.333	1309.04
2381.153	1312.38
2384.971	1299.38
2388.785	1295.04
2392.595	1284.04
2396.402	1281.38
2400.206	1281.71
2404.007	1260.38
2407.804	1259.71
2411.597	1258.04
2415.388	1250.71
2419.174	1238.04
2422.958	1238.04
2426.738	1238.71
2430.515	1225.04
2434.289	1218.04
2438.059	1218.04
2441.825	1209.04
2445.589	1194.04
2449.349	1197.71
2453.106	1182.04
2456.859	1171.04
2460.61	1158.04
2464.356	1154.04
2468.1	1144.71
2471.84	1140.71
2475.577	1136.04
2479.311	1136.71
2483.041	1138.04
2486.768	1135.04
2490.492	1133.38
2494.213	1135.38
2497.93	1129.38
2501.644	1132.71
2505.355	1125.71
2509.062	1121.38
2512.766	1119.04
2516.467	1124.04
2520.165	1110.38
2523.859	1116.38
2527.551	1103.38
2531.239	1101.04
2534.923	1098.38
2538.605	1100.04
2542.283	1089.04
2545.958	1080.71
2549.63	1073.71
2553.299	1074.04
2556.964	1073.71
2560.626	1064.04
2564.285	1056.04
2567.941	1045.04
2571.594	1039.71
2575.243	1035.04
2578.89	1022.38
2582.533	1020.04
2586.173	1003.71
2589.809	982.71
2593.443	984.04
2597.073	976.38
2600.701	963.04
2604.325	953.71
2607.946	955.04
2611.564	951.04
2615.178	938.38
2618.79	946.38
2622.398	935.71
2626.004	931.38
2629.606	929.71
2633.205	920.71
2636.801	912.71
2640.394	902.04
2643.983	898.38
2647.57	901.04
2651.153	896.38
2654.734	880.71
2658.311	881.38
2661.885	877.38
2665.456	871.38
2669.025	880.38
2672.589	881.38
2676.151	867.04
2679.71	863.71
2683.266	873.71
2686.819	862.38
2690.368	864.71
2693.915	861.38
2697.458	855.38
2700.999	853.38
2704.536	845.38
2708.071	844.71
2711.602	836.38
2715.13	842.71
2718.656	837.38
2722.178	853.04
2725.697	853.04
2729.214	863.38
2732.727	873.38
2736.237	870.71
2739.744	884.71
2743.249	888.71
2746.75	894.04
2750.248	898.71
2753.743	896.71
2757.236	885.04
2760.725	882.04
2764.211	879.38
2767.695	872.04
2771.175	866.38
2774.652	873.38
2778.127	868.38
2781.598	882.71
2785.067	884.38
2788.532	901.04
2791.995	916.71
2795.455	922.04
2798.911	935.71
2802.365	944.38
2805.816	956.71
2809.264	973.38
2812.709	978.04
2816.151	1000.04
2819.59	1009.04
2823.026	1023.04
2826.46	1035.04
2829.89	1032.38
2833.318	1047.71
2836.742	1063.71
2840.164	1074.71
2843.583	1081.38
2846.999	1108.71
2850.412	1124.38
2853.822	1138.04
2857.229	1150.38
2860.634	1174.71
2864.035	1183.38
2867.434	1205.04
2870.83	1219.71
2874.223	1238.71
2877.613	1253.71
2881	1258.04
2884.385	1278.38
2887.766	1286.04
2891.145	1300.71
2894.521	1321.38
2897.894	1330.71
2901.264	1351.38
2904.631	1372.71
2907.996	1391.38
2911.358	1413.38
2914.717	1431.71
2918.073	1463.38
2921.426	1483.38
2924.777	1522.71
2928.124	1555.04
2931.469	1583.04
2934.811	1624.04
2938.15	1650.71
2941.487	1688.04
2944.821	1733.71
2948.152	1760.71
2951.48	1801.04
2954.805	1832.38
2958.128	1875.71
2961.447	1911.04
2964.765	1962.38
2968.079	2001.71
2971.39	2062.71
2974.699	2109.38
2978.005	2168.71
2981.308	2220.04
2984.609	2295.71
2987.907	2369.38
2991.202	2421.38
2994.494	2497.38
2997.784	2540.71
3001.07	2621.38
3004.355	2692.38
3007.636	2756.38
3010.915	2800.38
3014.191	2860.38
3017.464	2908.38
3020.734	2960.71
3024.002	3013.71
3027.267	3063.38
3030.53	3135.04
3033.789	3196.04
3037.046	3266.04
3040.301	3368.71
3043.552	3439.38
3046.801	3535.71
3050.048	3607.38
3053.291	3744.38
3056.532	3856.71
3059.771	3977.38
3063.006	4087.37
3066.239	4227.04
3069.469	4342.71
3072.697	4489.04
3075.922	4605.71
3079.144	4716.38
3082.364	4836.04
3085.581	4963.38
3088.795	5070.38
3092.007	5197.04
3095.216	5328.38
3098.423	5457.04
3101.627	5591.38
3104.828	5701.71
3108.026	5837.04
3111.222	5956.71
3114.416	6091.71
3117.607	6240.04
3120.795	6376.04
3123.98	6544.38
3127.163	6686.71
3130.344	6834.71
3133.521	6992.38
3136.696	7142.04
3139.869	7278.38
3143.039	7395.71
3146.206	7520.04
3149.371	7620.04
3152.533	7715.04
3155.693	7742.04
3158.85	7800.71
3162.005	7865.71
3165.157	7904.04
3168.306	7959.38
3171.453	7974.71
3174.597	8009.71
3177.739	8048.71
3180.878	8067.04
3184.014	8117.71
3187.149	8135.71
3190.28	8179.38
3193.409	8218.71
3196.536	8248.71
3199.659	8301.38
3202.781	8318.71
3205.9	8344.71
3209.016	8367.71
3212.13	8350.04
3215.241	8344.04
3218.35	8320.71
3221.456	8255.71
3224.56	8208.04
3227.661	8181.38
3230.76	8115.38
3233.856	8084.04
3236.95	8035.04
3240.041	7985.38
3243.13	7947.04
3246.216	7917.38
3249.3	7886.71
3252.382	7846.04
3255.46	7821.04
3258.537	7805.71
3261.611	7790.04
3264.682	7745.38
3267.751	7743.38
3270.818	7695.71
3273.882	7637.38
3276.943	7602.71
3280.002	7523.38
3283.059	7473.38
3286.113	7361.04
3289.165	7287.38
3292.214	7190.71
3295.261	7068.71
3298.306	6989.71
3301.348	6871.04
3304.387	6788.71
3307.425	6709.71
3310.459	6634.38
3313.492	6566.04
3316.521	6492.71
3319.549	6444.71
3322.574	6396.38
3325.597	6352.04
3328.617	6320.04
3331.635	6311.38
3334.65	6281.71
3337.663	6234.04
3340.674	6225.71
3343.682	6208.38
3346.688	6214.38
3349.691	6201.71
3352.692	6162.04
3355.691	6125.71
3358.687	6075.04
3361.681	6038.71
3364.673	5988.71
3367.662	5933.04
3370.649	5877.04
3373.633	5829.38
3376.615	5743.71
3379.595	5697.04
3382.572	5632.38
3385.547	5588.38
3388.52	5504.04
3391.49	5455.04
3394.458	5416.38
3397.424	5346.71
3400.387	5278.04
3403.348	5257.04
3406.307	5214.71
3409.263	5172.38
3412.217	5135.38
3415.168	5099.71
3418.118	5051.04
3421.065	4999.38
3424.009	4968.38
3426.951	4920.71
3429.891	4916.38
3432.829	4906.71
3435.764	4756.04
3438.697	4625.71
3441.628	4536.38
3444.557	4449.04
3447.483	4349.71
3450.407	4261.71
3453.328	4173.38
3456.247	4077.04
3459.164	3993.38
3462.079	3899.38
3464.991	3805.38
3467.902	3724.38
3470.809	3643.38
3473.715	3537.38
3476.618	3472.71
3479.519	3392.38
3482.418	3325.71
3485.315	3245.04
3488.209	3184.38
3491.101	3126.38
3493.99	3043.71
3496.878	2991.71
3499.763	2909.38
3502.646	2859.38
3505.527	2768.38
3508.405	2698.04
3511.281	2615.71
3514.155	2535.04
3517.027	2472.04
3519.897	2383.71
3522.764	2301.71
3525.629	2220.38
3528.492	2146.04
3531.352	2068.04
3534.211	1991.38
3537.067	1919.71
3539.921	1855.38
3542.773	1781.38
3545.622	1720.38
3548.469	1656.38
3551.315	1603.04
3554.157	1561.04
3556.998	1500.38
3559.837	1449.38
3562.673	1417.38
3565.507	1370.04
3568.339	1324.38
3571.169	1282.38
3573.996	1238.71
3576.822	1205.04
3579.645	1164.38
3582.466	1130.71
3585.285	1085.71
3588.101	1043.04
3590.916	1008.04
3593.728	973.38
3596.538	944.04
3599.346	911.71
3602.152	869.04
3604.956	841.04
3607.757	802.04
3610.556	779.71
3613.354	753.38
3616.149	728.04
3618.942	700.71
3621.732	670.71
3624.521	653.04
3627.307	634.38
3630.092	611.38
3632.874	590.04
3635.654	574.38
3638.432	557.38
3641.208	535.71
3643.982	510.38
3646.753	498.38
3649.523	478.04
3652.29	463.38
3655.055	446.38
3657.818	418.04
3660.579	401.71
3663.338	393.04
3666.095	381.38
3668.849	356.71
3671.602	338.04
3674.352	331.04
3677.101	313.71
3679.847	299.71
3682.591	286.38
3685.333	274.71
3688.073	266.71
3690.811	254.04
3693.547	248.71
3696.281	238.38
3699.013	225.38
3701.742	222.04
3704.47	215.38
3707.195	203.04
3709.919	193.04
3712.64	191.38
3715.359	177.38
3718.076	177.04
3720.792	163.71
3723.505	160.71
3726.216	154.04
3728.925	147.04
3731.632	145.38
3734.336	140.04
3737.039	136.71
3739.74	131.38
3742.439	124.38
3745.136	119.71
3747.83	118.71
3750.523	111.71
3753.213	88.71
3755.902	105.38
3758.589	101.04
3761.273	103.04
3763.956	98.38
3766.636	95.71
3769.315	95.71
3771.991	93.38
3774.665	85.38
3777.338	85.04
3780.008	86.38
3782.677	83.71
3785.343	83.71
3788.007	77.38
3790.67	76.04
3793.33	74.71
3795.989	70.38
3798.645	68.38
3801.299	69.71
3803.952	66.04
3806.602	63.38
3809.251	70.38
3811.897	62.04
3814.542	60.71
3817.184	61.04
3819.825	61.04
3822.463	58.04
3825.1	54.71
3827.735	55.04
3830.367	55.04
3832.998	51.38
3835.627	50.71
3838.253	51.71
3840.878	46.04
3843.501	45.71
3846.122	47.04
3848.741	46.71
3851.358	46.04
3853.973	49.38
3856.586	44.38
3859.197	46.04
3861.806	43.04
3864.414	41.04
3867.019	47.04
3869.622	47.38
3872.224	56.38
3874.823	72.04
3877.421	90.71
3880.016	122.04
3882.61	158.71
3885.202	167.38
3887.792	132.04
3890.38	90.38
3892.966	37.71
3895.55	30.38
3898.132	37.04
3900.713	29.04
3903.291	31.38
3905.868	34.38
3908.442	30.04
3911.015	34.38
3913.586	29.71
3916.155	28.38
3918.722	24.71
3921.287	29.38
3923.85	27.38
3926.411	23.04
3928.971	25.71
3931.528	20.71
3934.084	22.04
3936.638	21.04
3939.19	24.71
3941.74	22.38
3944.288	28.38
3946.834	23.38
3949.378	21.04
3951.921	21.04
3954.462	22.38
3957	28.38
3959.537	27.04
3962.072	28.04
3964.606	26.04
3967.137	27.38
3969.667	27.71
3972.194	26.38
3974.72	27.71
3977.244	32.71
3979.766	37.04
3982.286	30.71
3984.805	36.71
3987.321	35.71
3989.836	39.71
3992.349	41.71
3994.86	36.04
3997.369	35.71
3999.877	37.04
4002.382	37.04
4004.886	34.04
4007.388	39.04
4009.888	38.38
4012.386	31.38
4014.883	36.71
4017.377	32.71
4019.87	34.71
4022.361	37.38
4024.85	31.71
4027.338	31.38
4029.823	33.04
4032.307	29.71
4034.789	30.38
4037.269	32.04
4039.747	30.38
4042.224	26.38
4044.699	30.04
4047.172	23.04
4049.643	26.04
4052.112	28.38
4054.58	25.71
4057.046	28.04
4059.51	27.04
4061.972	24.71
4064.432	26.71
4066.891	27.38
4069.348	27.38
4071.803	26.04
4074.256	27.38
4076.708	24.71
4079.158	29.71
4081.606	29.04
4084.052	29.04
4086.497	31.38
4088.939	25.71
4091.38	31.38
4093.819	29.04
4096.257	4.38
4098.693	-0.62
4101.127	-0.62
4103.559	-0.29
4105.989	313.71
4108.418	325.71
4110.845	350.38
4113.27	369.38
4115.694	404.04
4118.115	460.38
4120.535	28.71
4122.954	29.04
4125.37	26.38
4127.785	26.04
4130.198	24.38
4132.609	30.38
4135.019	-1.96
4137.427	0.38
4139.833	-0.62
4142.237	-0.62
