160.701	567.5
166.742	747.5
172.777	1298.5
178.805	3015.17
184.826	7325.17
190.841	15155.83
196.849	24701.83
202.85	31724.17
208.845	33902.5
214.833	33022.5
220.815	31768.83
226.789	30884.5
232.758	30041.5
238.719	29172.17
244.674	28130.5
250.623	27115.5
256.565	25907.83
262.5	24789.5
268.429	23814.17
274.351	22873.83
280.267	22114.83
286.176	21359.17
292.079	20753.83
297.975	20179.5
303.865	19690.5
309.748	19248.17
315.625	18876.5
321.495	18571.83
327.359	18346.5
333.217	18175.17
339.068	18081.5
344.912	17995.83
350.751	17918.83
356.583	17894.83
362.408	17908.5
368.227	17942.17
374.04	18061.5
379.847	18221.5
385.647	18387.5
391.44	18373.17
397.228	18303.83
403.009	18362.17
408.784	18538.17
414.553	19004.17
420.315	19556.5
426.071	19689.5
431.821	19185.83
437.565	18649.17
443.302	18461.17
449.033	18313.5
454.758	18197.5
460.477	18055.83
466.189	17952.5
471.896	17876.17
477.596	17761.17
483.29	17650.5
488.978	17560.83
494.66	17473.17
500.335	17248.83
506.005	17002.83
511.668	16678.83
517.325	16392.83
522.977	16118.17
528.622	15924.17
534.261	15738.5
539.894	15559.5
545.521	15465.17
551.141	15323.83
556.756	15286.5
562.365	15182.17
567.968	15086.83
573.565	14966.83
579.155	14899.17
584.74	14784.17
590.319	14663.83
595.892	14534.17
601.459	14475.83
607.02	14319.5
612.575	14220.17
618.124	14065.5
623.667	13910.17
629.204	13805.83
634.735	13769.5
640.261	13743.83
645.781	13843.83
651.294	13876.83
656.802	13721.83
662.304	13447.83
667.8	13266.5
673.29	13203.83
678.775	13105.5
684.254	13017.5
689.726	12962.5
695.193	12843.5
700.655	12724.17
706.11	12641.83
711.56	12526.83
717.004	12448.17
722.442	12355.83
727.874	12270.17
733.301	12222.17
738.722	12144.5
744.137	12120.83
749.547	12148.5
754.951	12117.17
760.349	12090.5
765.741	11969.83
771.128	11891.5
776.509	11878.5
781.885	11845.83
787.254	11770.83
792.618	11716.83
797.977	11619.5
803.33	11488.17
808.677	11367.83
814.019	11246.83
819.355	11123.83
824.686	11004.83
830.011	10938.17
835.33	10852.5
840.644	10785.17
845.952	10740.17
851.255	10676.5
856.552	10623.17
861.844	10526.83
867.13	10470.17
872.41	10384.17
877.686	10256.17
882.955	10119.5
888.219	9975.83
893.478	9835.5
898.731	9710.17
903.979	9558.17
909.221	9461.17
914.458	9377.83
919.69	9335.5
924.916	9330.17
930.136	9335.83
935.351	9292.5
940.561	9258.17
945.766	9199.83
950.965	9176.83
956.158	9084.83
961.347	8986.83
966.529	8872.83
971.707	8734.17
976.879	8635.83
982.046	8528.5
987.208	8468.83
992.364	8468.17
997.515	8508.83
1002.66	8526.5
1007.801	8582.83
1012.936	8651.83
1018.066	8702.17
1023.19	8718.17
1028.309	8751.17
1033.423	8713.5
1038.532	8666.83
1043.636	8600.83
1048.734	8511.5
1053.827	8418.5
1058.915	8338.5
1063.998	8281.83
1069.075	8259.83
1074.147	8252.5
1079.214	8282.5
1084.276	8322.83
1089.333	8360.83
1094.385	8396.17
1099.431	8469.5
1104.472	8458.5
1109.509	8419.83
1114.54	8331.83
1119.565	8232.17
1124.586	8136.5
1129.602	8035.17
1134.613	7991.17
1139.618	7964.83
1144.619	7955.5
1149.614	7990.5
1154.604	8010.17
1159.589	8055.5
1164.57	8059.5
1169.545	8098.5
1174.515	8119.5
1179.48	8065.83
1184.44	8005.17
1189.395	7950.17
1194.345	7875.17
1199.29	7870.5
1204.23	7889.83
1209.165	7896.83
1214.095	7927.5
1219.021	7968.17
1223.941	8093.83
1228.856	8113.83
1233.766	8106.5
1238.672	8103.5
1243.572	8096.83
1248.467	8023.83
1253.358	7957.17
1258.244	7829.17
1263.124	7711.5
1268	7641.5
1272.871	7540.83
1277.737	7501.83
1282.599	7469.17
1287.455	7488.5
1292.306	7499.5
1297.153	7531.5
1301.995	7584.5
1306.832	7619.17
1311.664	7662.83
1316.491	7652.83
1321.314	7642.17
1326.132	7607.5
1330.945	7573.17
1335.753	7485.5
1340.556	7409.5
1345.354	7398.5
1350.148	7300.17
1354.937	7204.5
1359.722	7088.5
1364.501	6987.83
1369.276	6877.83
1374.046	6787.83
1378.811	6705.17
1383.572	6670.17
1388.327	6615.5
1393.079	6589.17
1397.825	6561.5
1402.567	6542.17
1407.304	6516.83
1412.036	6518.5
1416.764	6508.5
1421.487	6530.5
1426.205	6565.83
1430.919	6612.5
1435.628	6674.17
1440.333	6749.83
1445.032	6797.5
1449.727	6837.83
1454.418	6868.5
1459.104	6888.83
1463.785	6829.17
1468.462	6802.17
1473.134	6763.17
1477.802	6736.17
1482.465	6740.17
1487.123	6717.83
1491.777	6743.17
1496.426	6803.83
1501.071	6814.5
1505.711	6842.83
1510.347	6884.83
1514.978	6894.83
1519.604	6856.17
1524.226	6868.83
1528.844	6809.17
1533.457	6733.5
1538.065	6701.5
1542.669	6678.83
1547.269	6663.83
1551.864	6690.83
1556.454	6771.17
1561.041	6838.83
1565.622	6930.83
1570.199	7017.17
1574.772	7162.17
1579.34	7322.17
1583.904	7460.5
1588.464	7612.17
1593.019	7737.83
1597.569	7864.5
1602.115	7961.17
1606.657	8048.5
1611.195	8136.5
1615.728	8262.5
1620.256	8356.83
1624.78	8485.5
1629.3	8653.83
1633.816	8791.83
1638.327	8888.17
1642.834	9007.5
1647.336	9123.5
1651.834	9131.83
1656.328	9122.5
1660.817	9064.83
1665.302	8944.83
1669.783	8748.17
1674.259	8529.83
1678.732	8300.5
1683.199	8071.5
1687.663	7809.5
1692.122	7522.17
1696.577	7170.83
1701.028	6836.17
1705.474	6506.83
1709.917	6227.5
1714.355	6004.5
1718.788	5851.83
1723.218	5733.17
1727.643	5622.17
1732.064	5521.5
1736.481	5374.17
1740.893	5224.5
1745.301	5072.17
1749.705	4922.17
1754.105	4785.17
1758.501	4679.83
1762.893	4588.17
1767.28	4522.17
1771.663	4475.5
1776.042	4472.5
1780.417	4469.5
1784.787	4466.5
1789.154	4451.17
1793.516	4420.17
1797.874	4336.5
1802.228	4239.17
1806.578	4121.83
1810.924	4027.5
1815.266	3954.83
1819.603	3919.17
1823.937	3883.83
1828.266	3872.83
1832.591	3897.83
1836.913	3884.17
1841.23	3893.83
1845.543	3920.5
1849.852	3928.5
1854.156	3959.5
1858.457	3973.5
1862.754	4006.17
1867.047	4023.17
1871.335	4036.17
1875.62	4062.83
1879.9	4072.17
1884.177	4077.83
1888.449	4070.83
1892.718	4071.83
1896.982	4055.17
1901.243	4039.17
1905.499	4044.17
1909.752	4048.17
1914	4037.17
1918.245	4045.83
1922.485	4069.17
1926.722	4072.17
1930.954	4080.17
1935.183	4067.5
1939.408	4041.17
1943.628	4015.17
1947.845	3968.5
1952.058	3913.83
1956.267	3879.83
1960.472	3784.17
1964.673	3748.5
1968.87	3696.83
1973.063	3654.17
1977.252	3643.17
1981.438	3617.17
1985.619	3611.83
1989.797	3622.83
1993.971	3640.83
1998.14	3655.17
2002.306	3682.83
2006.469	3700.83
2010.627	3713.5
2014.781	3744.17
2018.932	3733.5
2023.078	3738.83
2027.221	3737.5
2031.36	3708.5
2035.495	3700.83
2039.627	3686.17
2043.754	3685.83
2047.878	3677.17
2051.998	3684.83
2056.114	3712.17
2060.226	3722.83
2064.334	3754.5
2068.439	3792.17
2072.54	3819.17
2076.637	3839.83
2080.73	3856.5
2084.82	3877.5
2088.906	3861.5
2092.988	3854.17
2097.066	3823.83
2101.14	3775.83
2105.211	3739.83
2109.278	3705.17
2113.342	3654.5
2117.401	3607.83
2121.457	3576.17
2125.509	3534.83
2129.558	3521.5
2133.602	3503.17
2137.643	3463.17
2141.681	3460.83
2145.714	3443.83
2149.744	3418.5
2153.77	3409.5
2157.793	3381.17
2161.812	3342.83
2165.827	3301.83
2169.838	3264.17
2173.846	3221.83
2177.851	3165.17
2181.851	3124.83
2185.848	3100.17
2189.841	3062.5
2193.831	3033.5
2197.817	3016.83
2201.799	3006.5
2205.778	3000.17
2209.753	2971.83
2213.725	2970.5
2217.693	2951.17
2221.657	2937.17
2225.618	2922.5
2229.575	2895.17
2233.529	2866.83
2237.479	2817.83
2241.425	2788.5
2245.368	2755.17
2249.307	2720.5
2253.243	2683.5
2257.175	2623.17
2261.104	2605.5
2265.029	2551.83
2268.95	2536.5
2272.868	2504.83
2276.783	2458.5
2280.694	2436.5
2284.601	2412.17
2288.505	2375.83
2292.405	2352.5
2296.302	2323.17
2300.195	2292.17
2304.085	2256.5
2307.971	2230.5
2311.854	2204.5
2315.734	2166.83
2319.609	2139.17
2323.482	2113.17
2327.351	2100.17
2331.216	2096.83
2335.078	2090.17
2338.937	2071.17
2342.792	2046.5
2346.643	2031.83
2350.492	2046.5
2354.336	2042.17
2358.178	2051.83
2362.015	2048.5
2365.85	2051.5
2369.681	2064.17
2373.508	2049.17
2377.333	2048.5
2381.153	2058.5
2384.971	2049.83
2388.785	2044.83
2392.595	2033.83
2396.402	2030.17
2400.206	2015.17
2404.007	1997.5
2407.804	2001.5
2411.597	1996.5
2415.388	1983.83
2419.174	1982.83
2422.958	1977.5
2426.738	1965.83
2430.515	1965.5
2434.289	1948.83
2438.059	1953.17
2441.825	1941.83
2445.589	1928.17
2449.349	1913.17
2453.106	1891.83
2456.859	1893.83
2460.61	1870.5
2464.356	1861.83
2468.1	1855.83
2471.84	1839.17
2475.577	1828.83
2479.311	1833.83
2483.041	1828.5
2486.768	1836.5
2490.492	1833.83
2494.213	1835.5
2497.93	1833.83
2501.644	1823.83
2505.355	1830.83
2509.062	1823.17
2512.766	1819.17
2516.467	1809.83
2520.165	1806.83
2523.859	1806.5
2527.551	1803.5
2531.239	1793.5
2534.923	1790.17
2538.605	1760.83
2542.283	1765.17
2545.958	1758.17
2549.63	1753.83
2553.299	1751.17
2556.964	1740.5
2560.626	1729.83
2564.285	1720.83
2567.941	1715.17
2571.594	1689.83
2575.243	1682.5
2578.89	1664.17
2582.533	1663.5
2586.173	1633.17
2589.809	1616.83
2593.443	1608.5
2597.073	1588.17
2600.701	1565.83
2604.325	1562.83
2607.946	1553.5
2611.564	1539.83
2615.178	1530.5
2618.79	1526.5
2622.398	1531.17
2626.004	1528.5
2629.606	1501.83
2633.205	1496.83
2636.801	1486.83
2640.394	1472.5
2643.983	1470.5
2647.57	1454.5
2651.153	1452.17
2654.734	1447.83
2658.311	1425.17
2661.885	1433.5
2665.456	1415.83
2669.025	1421.17
2672.589	1413.17
2676.151	1413.17
2679.71	1399.83
2683.266	1393.17
2686.819	1386.5
2690.368	1376.83
2693.915	1372.83
2697.458	1356.83
2700.999	1358.5
2704.536	1336.83
2708.071	1329.83
2711.602	1337.17
2715.13	1327.5
2718.656	1320.83
2722.178	1326.83
2725.697	1329.5
2729.214	1348.17
2732.727	1358.5
2736.237	1357.83
2739.744	1379.5
2743.249	1381.17
2746.75	1370.5
2750.248	1363.83
2753.743	1358.17
2757.236	1338.17
2760.725	1328.17
2764.211	1305.83
2767.695	1281.5
2771.175	1275.83
2774.652	1277.83
2778.127	1271.5
2781.598	1267.83
2785.067	1289.5
2788.532	1297.17
2791.995	1316.83
2795.455	1330.17
2798.911	1341.17
2802.365	1359.5
2805.816	1364.83
2809.264	1390.83
2812.709	1389.17
2816.151	1408.17
2819.59	1423.17
2823.026	1427.83
2826.46	1438.5
2829.89	1448.5
2833.318	1459.17
2836.742	1459.17
2840.164	1474.5
2843.583	1488.83
2846.999	1506.83
2850.412	1514.17
2853.822	1525.5
2857.229	1540.5
2860.634	1559.17
2864.035	1563.83
2867.434	1580.83
2870.83	1601.17
2874.223	1621.83
2877.613	1620.83
2881	1628.83
2884.385	1642.17
2887.766	1652.83
2891.145	1654.17
2894.521	1676.17
2897.894	1674.17
2901.264	1695.5
2904.631	1705.83
2907.996	1728.17
2911.358	1745.83
2914.717	1768.17
2918.073	1786.83
2921.426	1822.17
2924.777	1846.5
2928.124	1878.83
2931.469	1903.5
2934.811	1942.17
2938.15	1985.5
2941.487	2019.5
2944.821	2056.17
2948.152	2081.83
2951.48	2111.5
2954.805	2148.83
2958.128	2187.17
2961.447	2219.17
2964.765	2264.83
2968.079	2310.83
2971.39	2354.5
2974.699	2409.5
2978.005	2464.17
2981.308	2532.17
2984.609	2590.83
2987.907	2650.83
2991.202	2711.83
2994.494	2785.5
2997.784	2834.17
3001.07	2903.17
3004.355	2959.5
3007.636	3012.5
3010.915	3071.5
3014.191	3119.17
3017.464	3188.17
3020.734	3222.83
3024.002	3284.5
3027.267	3327.17
3030.53	3401.5
3033.789	3446.83
3037.046	3521.83
3040.301	3618.5
3043.552	3689.83
3046.801	3786.5
3050.048	3892.17
3053.291	4002.83
3056.532	4112.5
3059.771	4229.17
3063.006	4358.83
3066.239	4488.17
3069.469	4615.83
3072.697	4752.17
3075.922	4862.17
3079.144	5004.17
3082.364	5127.83
3085.581	5231.17
3088.795	5359.17
3092.007	5481.17
3095.216	5606.83
3098.423	5716.17
3101.627	5856.5
3104.828	5988.17
3108.026	6106.5
3111.222	6244.5
3114.416	6392.17
3117.607	6522.83
3120.795	6657.83
3123.98	6822.5
3127.163	6985.83
3130.344	7129.17
3133.521	7260.5
3136.696	7436.17
3139.869	7576.5
3143.039	7698.17
3146.206	7802.83
3149.371	7898.83
3152.533	7967.17
3155.693	8024.83
3158.85	8098.17
3162.005	8105.5
3165.157	8188.5
3168.306	8212.83
3171.453	8235.83
3174.597	8265.83
3177.739	8301.83
3180.878	8303.17
3184.014	8359.83
3187.149	8359.5
3190.28	8413.5
3193.409	8430.5
3196.536	8458.5
3199.659	8531.17
3202.781	8545.83
3205.9	8558.17
3209.016	8587.5
3212.13	8567.17
3215.241	8547.5
3218.35	8518.17
3221.456	8452.83
3224.56	8422.17
3227.661	8333.5
3230.76	8299.17
3233.856	8251.5
3236.95	8205.83
3240.041	8152.5
3243.13	8113.17
3246.216	8070.83
3249.3	8011.5
3252.382	7997.83
3255.46	7982.83
3258.537	7929.5
3261.611	7916.17
3264.682	7878.83
3267.751	7852.83
3270.818	7818.83
3273.882	7783.5
3276.943	7733.5
3280.002	7662.17
3283.059	7599.83
3286.113	7495.5
3289.165	7409.5
3292.214	7328.83
3295.261	7230.5
3298.306	7132.83
3301.348	7014.5
3304.387	6967.17
3307.425	6829.17
3310.459	6793.17
3313.492	6704.83
3316.521	6643.83
3319.549	6569.5
3322.574	6527.17
3325.597	6497.17
3328.617	6451.5
3331.635	6435.17
3334.65	6390.5
3337.663	6361.17
3340.674	6340.83
3343.682	6354.17
3346.688	6334.83
3349.691	6320.83
3352.692	6290.5
3355.691	6251.17
3358.687	6223.17
3361.681	6169.5
3364.673	6108.83
3367.662	6046.5
3370.649	5990.5
3373.633	5934.83
3376.615	5855.5
3379.595	5796.5
3382.572	5738.5
3385.547	5669.83
3388.52	5625.83
3391.49	5547.17
3394.458	5484.17
3397.424	5438.5
3400.387	5400.5
3403.348	5348.17
3406.307	5304.83
3409.263	5259.83
3412.217	5199.5
3415.168	5174.5
3418.118	5125.17
3421.065	5098.5
3424.009	5043.5
3426.951	4986.17
3429.891	4905.17
3432.829	4859.5
3435.764	4782.83
3438.697	4700.83
3441.628	4612.5
3444.557	4504.83
3447.483	4422.5
3450.407	4340.17
3453.328	4234.5
3456.247	4142.17
3459.164	4049.17
3462.079	3948.83
3464.991	3856.17
3467.902	3757.17
3470.809	3680.5
3473.715	3594.5
3476.618	3506.17
3479.519	3424.17
3482.418	3364.17
3485.315	3289.17
3488.209	3218.5
3491.101	3163.5
3493.99	3084.5
3496.878	3019.17
3499.763	2957.5
3502.646	2890.5
3505.527	2819.5
3508.405	2736.5
3511.281	2656.17
3514.155	2580.83
3517.027	2493.5
3519.897	2405.83
3522.764	2324.17
3525.629	2265.17
3528.492	2173.17
3531.352	2104.5
3534.211	2024.83
3537.067	1951.83
3539.921	1864.83
3542.773	1808.17
3545.622	1742.17
3548.469	1678.17
3551.315	1624.17
3554.157	1560.5
3556.998	1522.83
3559.837	1477.17
3562.673	1433.17
3565.507	1394.5
3568.339	1341.17
3571.169	1312.5
3573.996	1258.5
3576.822	1226.83
3579.645	1183.17
3582.466	1148.17
3585.285	1102.5
3588.101	1066.83
3590.916	1024.17
3593.728	989.5
3596.538	960.83
3599.346	919.83
3602.152	888.17
3604.956	854.17
3607.757	822.17
3610.556	780.5
3613.354	765.83
3616.149	738.17
3618.942	711.5
3621.732	687.17
3624.521	673.17
3627.307	644.5
3630.092	629.5
3632.874	610.5
3635.654	579.83
3638.432	570.17
3641.208	555.83
3643.982	531.17
3646.753	514.5
3649.523	485.5
3652.29	475.83
3655.055	457.17
3657.818	438.83
3660.579	411.5
3663.338	408.17
3666.095	387.17
3668.849	367.5
3671.602	352.5
3674.352	342.17
3677.101	323.17
3679.847	316.5
3682.591	293.5
3685.333	284.5
3688.073	276.5
3690.811	266.83
3693.547	255.5
3696.281	250.17
3699.013	239.83
3701.742	234.5
3704.47	226.5
3707.195	214.17
3709.919	209.17
3712.64	199.5
3715.359	193.17
3718.076	188.5
3720.792	180.83
3723.505	170.5
3726.216	169.17
3728.925	163.83
3731.632	152.17
3734.336	149.5
3737.039	148.83
3739.74	139.17
3742.439	133.5
3745.136	132.5
3747.83	127.17
3750.523	121.83
3753.213	109.5
3755.902	117.17
3758.589	112.17
3761.273	114.17
3763.956	110.17
3766.636	105.5
3769.315	102.83
3771.991	101.5
3774.665	98.83
3777.338	92.5
3780.008	93.17
3782.677	89.17
3785.343	91.17
3788.007	83.17
3790.67	89.83
3793.33	83.17
3795.989	79.5
3798.645	77.83
3801.299	76.17
3803.952	76.83
3806.602	69.83
3809.251	75.17
3811.897	71.83
3814.542	72.83
3817.184	65.83
3819.825	67.5
3822.463	67.5
3825.1	60.83
3827.735	63.5
3830.367	59.17
3832.998	56.17
3835.627	57.5
3838.253	55.83
3840.878	50.83
3843.501	56.17
3846.122	49.5
3848.741	49.83
3851.358	53.5
3853.973	55.17
3856.586	53.83
3859.197	46.17
3861.806	46.83
3864.414	48.17
3867.019	54.17
3869.622	53.5
3872.224	64.17
3874.823	77.17
3877.421	93.83
3880.016	120.17
3882.61	143.17
3885.202	153.5
3887.792	126.83
3890.38	91.17
3892.966	40.5
3895.55	37.83
3898.132	42.17
3900.713	35.83
3903.291	37.5
3905.868	34.17
3908.442	33.17
3911.015	30.83
3913.586	34.17
3916.155	29.5
3918.722	28.83
3921.287	27.5
3923.85	25.83
3926.411	30.5
3928.971	28.17
3931.528	28.83
3934.084	28.83
3936.638	25.5
3939.19	25.5
3941.74	26.5
3944.288	31.17
3946.834	24.17
3949.378	25.83
3951.921	26.5
3954.462	29.5
3957	30.17
3959.537	28.5
3962.072	33.17
3964.606	28.83
3967.137	26.83
3969.667	30.5
3972.194	29.17
3974.72	29.83
3977.244	34.17
3979.766	39.17
3982.286	33.17
3984.805	37.83
3987.321	37.17
3989.836	38.5
3992.349	41.83
3994.86	42.17
3997.369	40.5
3999.877	43.83
4002.382	38.83
4004.886	39.17
4007.388	41.17
4009.888	41.5
4012.386	38.83
4014.883	38.17
4017.377	38.83
4019.87	37.17
4022.361	39.5
4024.85	34.83
4027.338	36.17
4029.823	35.5
4032.307	32.17
4034.789	32.5
4037.269	34.83
4039.747	32.17
4042.224	29.83
4044.699	30.17
4047.172	27.83
4049.643	29.83
4052.112	28.83
4054.58	28.17
4057.046	30.5
4059.51	26.5
4061.972	28.83
4064.432	30.5
4066.891	28.5
4069.348	29.83
4071.803	28.17
4074.256	32.83
4076.708	29.83
4079.158	30.5
4081.606	33.17
4084.052	31.17
4086.497	32.17
4088.939	34.5
4091.38	33.83
4093.819	32.83
4096.257	5.17
4098.693	-1.5
4101.127	-0.5
4103.559	1.17
4105.989	319.5
4108.418	334.83
4110.845	365.5
4113.27	389.5
4115.694	429.5
4118.115	485.17
4120.535	33.83
4122.954	32.17
4125.37	32.17
4127.785	28.5
4130.198	31.17
4132.609	29.83
4135.019	-3.5
4137.427	-0.5
4139.833	0.5
4142.237	-0.83
