160.701	487.54
166.742	649.88
172.777	1124.21
178.805	2616.54
184.826	6405.88
190.841	13304.21
196.849	21783.21
202.85	28009.54
208.845	29896.54
214.833	29104.54
220.815	27931.54
226.789	27123.54
232.758	26281.21
238.719	25526.88
244.674	24530.54
250.623	23515.88
256.565	22463.54
262.5	21405.21
268.429	20508.54
274.351	19668.54
280.267	18924.21
286.176	18275.21
292.079	17727.88
297.975	17196.21
303.865	16725.88
309.748	16331.21
315.625	15982.54
321.495	15722.54
327.359	15505.54
333.217	15365.21
339.068	15233.88
344.912	15204.54
350.751	15144.88
356.583	15102.21
362.408	15098.54
368.227	15157.21
374.04	15237.21
379.847	15436.88
385.647	15534.21
391.44	15524.54
397.228	15468.88
403.009	15506.88
408.784	15697.21
414.553	16173.54
420.315	16773.54
426.071	16919.21
431.821	16355.21
437.565	15726.21
443.302	15491.54
449.033	15365.54
454.758	15251.54
460.477	15131.21
466.189	15048.54
471.896	14920.21
477.596	14850.21
483.29	14730.54
488.978	14649.54
494.66	14522.21
500.335	14340.21
506.005	14091.88
511.668	13806.88
517.325	13535.54
522.977	13289.88
528.622	13100.88
534.261	12906.21
539.894	12800.88
545.521	12653.54
551.141	12549.88
556.756	12485.88
562.365	12358.21
567.968	12304.54
573.565	12217.88
579.155	12089.21
584.74	12038.88
590.319	11898.21
595.892	11809.54
601.459	11706.88
607.02	11607.88
612.575	11499.21
618.124	11362.88
623.667	11226.21
629.204	11163.54
634.735	11115.88
640.261	11133.21
645.781	11218.54
651.294	11274.54
656.802	11124.88
662.304	10842.54
667.8	10650.54
673.29	10540.21
678.775	10462.21
684.254	10392.21
689.726	10311.88
695.193	10228.54
700.655	10125.54
706.11	10047.88
711.56	9955.54
717.004	9868.88
722.442	9794.54
727.874	9737.21
733.301	9656.54
738.722	9606.88
744.137	9576.88
749.547	9568.21
754.951	9578.54
760.349	9534.54
765.741	9420.21
771.128	9329.54
776.509	9306.54
781.885	9271.88
787.254	9245.88
792.618	9165.54
797.977	9061.88
803.33	8969.54
808.677	8882.54
814.019	8780.54
819.355	8659.88
824.686	8532.21
830.011	8449.54
835.33	8383.21
840.644	8338.21
845.952	8257.54
851.255	8195.21
856.552	8116.88
861.844	8053.54
867.13	7969.88
872.41	7878.54
877.686	7779.54
882.955	7666.54
888.219	7534.88
893.478	7421.88
898.731	7301.88
903.979	7176.88
909.221	7073.88
914.458	7016.54
919.69	6973.88
924.916	6937.54
930.136	6918.88
935.351	6891.54
940.561	6864.21
945.766	6834.21
950.965	6779.88
956.158	6716.54
961.347	6604.54
966.529	6504.54
971.707	6412.21
976.879	6311.88
982.046	6230.21
987.208	6204.54
992.364	6171.88
997.515	6212.21
1002.66	6233.21
1007.801	6260.54
1012.936	6317.21
1018.066	6336.54
1023.19	6353.88
1028.309	6354.88
1033.423	6347.88
1038.532	6296.88
1043.636	6239.54
1048.734	6169.21
1053.827	6120.54
1058.915	6042.88
1063.998	6016.21
1069.075	6001.21
1074.147	5974.88
1079.214	5991.21
1084.276	6026.54
1089.333	6057.21
1094.385	6067.21
1099.431	6094.88
1104.472	6078.54
1109.509	6032.88
1114.54	5989.88
1119.565	5920.54
1124.586	5841.88
1129.602	5780.21
1134.613	5744.54
1139.618	5720.54
1144.619	5713.88
1149.614	5726.54
1154.604	5721.88
1159.589	5735.88
1164.57	5782.21
1169.545	5801.21
1174.515	5779.88
1179.48	5767.88
1184.44	5738.21
1189.395	5703.21
1194.345	5666.88
1199.29	5626.88
1204.23	5613.54
1209.165	5635.88
1214.095	5673.88
1219.021	5721.54
1223.941	5749.54
1228.856	5764.21
1233.766	5770.21
1238.672	5777.54
1243.572	5747.21
1248.467	5714.88
1253.358	5656.21
1258.244	5577.54
1263.124	5482.21
1268	5410.21
1272.871	5347.21
1277.737	5303.54
1282.599	5295.21
1287.455	5302.21
1292.306	5314.88
1297.153	5319.54
1301.995	5368.54
1306.832	5388.21
1311.664	5402.21
1316.491	5393.54
1321.314	5381.88
1326.132	5323.88
1330.945	5303.21
1335.753	5222.54
1340.556	5167.21
1345.354	5107.21
1350.148	5046.88
1354.937	4995.21
1359.722	4924.54
1364.501	4862.54
1369.276	4806.21
1374.046	4779.21
1378.811	4758.54
1383.572	4728.21
1388.327	4690.21
1393.079	4653.54
1397.825	4645.21
1402.567	4607.21
1407.304	4570.88
1412.036	4573.54
1416.764	4561.54
1421.487	4560.21
1426.205	4589.21
1430.919	4616.88
1435.628	4670.88
1440.333	4707.21
1445.032	4729.54
1449.727	4761.21
1454.418	4776.54
1459.104	4766.54
1463.785	4730.21
1468.462	4707.54
1473.134	4675.21
1477.802	4659.54
1482.465	4663.54
1487.123	4634.54
1491.777	4672.54
1496.426	4693.88
1501.071	4733.88
1505.711	4786.88
1510.347	4793.54
1514.978	4828.21
1519.604	4846.21
1524.226	4835.21
1528.844	4829.54
1533.457	4793.21
1538.065	4795.88
1542.669	4777.88
1547.269	4802.88
1551.864	4817.54
1556.454	4889.54
1561.041	4969.88
1565.622	5023.54
1570.199	5109.21
1574.772	5231.88
1579.34	5370.54
1583.904	5476.21
1588.464	5629.88
1593.019	5728.54
1597.569	5840.21
1602.115	5941.88
1606.657	6048.54
1611.195	6143.54
1615.728	6267.21
1620.256	6369.21
1624.78	6516.54
1629.3	6628.88
1633.816	6752.54
1638.327	6860.88
1642.834	6978.54
1647.336	7020.88
1651.834	7020.21
1656.328	7006.21
1660.817	6948.21
1665.302	6816.54
1669.783	6667.54
1674.259	6469.21
1678.732	6248.21
1683.199	6008.54
1687.663	5778.54
1692.122	5512.21
1696.577	5251.54
1701.028	4970.21
1705.474	4734.54
1709.917	4520.88
1714.355	4346.88
1718.788	4201.21
1723.218	4075.88
1727.643	3975.21
1732.064	3846.54
1736.481	3736.54
1740.893	3608.54
1745.301	3473.21
1749.705	3362.21
1754.105	3244.21
1758.501	3164.21
1762.893	3081.88
1767.28	3029.21
1771.663	2985.54
1776.042	2953.88
1780.417	2936.54
1784.787	2922.21
1789.154	2921.54
1793.516	2872.88
1797.874	2833.88
1802.228	2774.21
1806.578	2709.21
1810.924	2648.54
1815.266	2595.54
1819.603	2558.88
1823.937	2523.54
1828.266	2531.54
1832.591	2521.21
1836.913	2508.88
1841.23	2517.21
1845.543	2514.88
1849.852	2516.54
1854.156	2532.54
1858.457	2547.54
1862.754	2551.88
1867.047	2556.88
1871.335	2569.88
1875.62	2585.54
1879.9	2585.54
1884.177	2571.54
1888.449	2572.21
1892.718	2575.88
1896.982	2561.54
1901.243	2563.54
1905.499	2555.21
1909.752	2557.54
1914	2562.88
1918.245	2571.54
1922.485	2584.88
1926.722	2598.88
1930.954	2597.21
1935.183	2595.88
1939.408	2593.21
1943.628	2581.21
1947.845	2567.54
1952.058	2543.21
1956.267	2513.88
1960.472	2485.21
1964.673	2445.88
1968.87	2427.21
1973.063	2397.21
1977.252	2392.88
1981.438	2388.88
1985.619	2392.54
1989.797	2404.88
1993.971	2413.54
1998.14	2417.88
2002.306	2440.21
2006.469	2463.54
2010.627	2482.88
2014.781	2487.54
2018.932	2507.54
2023.078	2492.21
2027.221	2496.88
2031.36	2491.88
2035.495	2483.88
2039.627	2484.88
2043.754	2482.88
2047.878	2474.88
2051.998	2490.54
2056.114	2505.21
2060.226	2527.88
2064.334	2523.88
2068.439	2563.21
2072.54	2575.54
2076.637	2604.88
2080.73	2615.88
2084.82	2617.54
2088.906	2635.88
2092.988	2620.21
2097.066	2611.21
2101.14	2570.88
2105.211	2553.88
2109.278	2533.88
2113.342	2507.54
2117.401	2479.88
2121.457	2467.54
2125.509	2457.21
2129.558	2423.54
2133.602	2423.21
2137.643	2399.54
2141.681	2383.88
2145.714	2368.54
2149.744	2381.88
2153.77	2343.54
2157.793	2348.21
2161.812	2320.88
2165.827	2286.21
2169.838	2252.88
2173.846	2223.54
2177.851	2187.88
2181.851	2156.21
2185.848	2132.21
2189.841	2104.54
2193.831	2082.88
2197.817	2064.21
2201.799	2065.88
2205.778	2043.21
2209.753	2031.21
2213.725	2027.54
2217.693	2006.88
2221.657	2006.54
2225.618	1987.21
2229.575	1968.54
2233.529	1947.54
2237.479	1918.88
2241.425	1878.88
2245.368	1868.21
2249.307	1840.88
2253.243	1811.88
2257.175	1783.88
2261.104	1760.21
2265.029	1717.88
2268.95	1704.88
2272.868	1681.21
2276.783	1650.88
2280.694	1635.54
2284.601	1617.54
2288.505	1598.21
2292.405	1578.88
2296.302	1562.54
2300.195	1539.54
2304.085	1512.54
2307.971	1485.54
2311.854	1470.21
2315.734	1456.88
2319.609	1425.21
2323.482	1401.88
2327.351	1396.88
2331.216	1412.88
2335.078	1418.21
2338.937	1378.21
2342.792	1357.21
2346.643	1338.21
2350.492	1348.88
2354.336	1347.21
2358.178	1350.54
2362.015	1348.54
2365.85	1347.88
2369.681	1348.88
2373.508	1348.54
2377.333	1345.88
2381.153	1342.54
2384.971	1348.54
2388.785	1330.54
2392.595	1338.88
2396.402	1316.21
2400.206	1308.54
2404.007	1301.88
2407.804	1300.88
2411.597	1292.88
2415.388	1291.21
2419.174	1285.21
2422.958	1288.54
2426.738	1280.21
2430.515	1276.88
2434.289	1266.88
2438.059	1246.54
2441.825	1252.88
2445.589	1243.88
2449.349	1228.88
2453.106	1226.88
2456.859	1213.54
2460.61	1198.88
2464.356	1189.54
2468.1	1191.21
2471.84	1182.54
2475.577	1169.88
2479.311	1174.88
2483.041	1160.88
2486.768	1165.88
2490.492	1158.88
2494.213	1165.54
2497.93	1158.88
2501.644	1152.21
2505.355	1151.88
2509.062	1145.21
2512.766	1149.21
2516.467	1141.21
2520.165	1139.88
2523.859	1128.88
2527.551	1124.88
2531.239	1124.54
2534.923	1116.21
2538.605	1111.88
2542.283	1108.21
2545.958	1096.54
2549.63	1100.54
2553.299	1094.88
2556.964	1079.88
2560.626	1078.21
2564.285	1071.88
2567.941	1066.21
2571.594	1054.88
2575.243	1051.88
2578.89	1047.88
2582.533	1033.54
2586.173	1017.54
2589.809	1002.88
2593.443	996.88
2597.073	994.88
2600.701	984.88
2604.325	974.88
2607.946	968.88
2611.564	978.54
2615.178	964.88
2618.79	972.21
2622.398	961.21
2626.004	954.21
2629.606	942.54
2633.205	934.54
2636.801	934.21
2640.394	929.21
2643.983	916.54
2647.57	915.21
2651.153	916.54
2654.734	908.54
2658.311	897.21
2661.885	895.21
2665.456	900.21
2669.025	903.88
2672.589	895.21
2676.151	895.88
2679.71	888.54
2683.266	891.54
2686.819	881.88
2690.368	879.21
2693.915	877.88
2697.458	874.88
2700.999	864.21
2704.536	858.54
2708.071	863.88
2711.602	855.21
2715.13	851.54
2718.656	855.21
2722.178	861.54
2725.697	857.88
2729.214	873.54
2732.727	887.54
2736.237	883.54
2739.744	887.88
2743.249	895.21
2746.75	897.88
2750.248	897.88
2753.743	897.54
2757.236	882.88
2760.725	891.88
2764.211	872.88
2767.695	867.21
2771.175	863.21
2774.652	863.21
2778.127	876.88
2781.598	872.88
2785.067	883.21
2788.532	901.88
2791.995	912.54
2795.455	922.21
2798.911	932.21
2802.365	947.21
2805.816	960.88
2809.264	975.88
2812.709	980.88
2816.151	994.21
2819.59	995.88
2823.026	1010.54
2826.46	1021.54
2829.89	1028.88
2833.318	1050.54
2836.742	1045.88
2840.164	1060.54
2843.583	1072.88
2846.999	1083.21
2850.412	1102.54
2853.822	1115.54
2857.229	1147.21
2860.634	1152.21
2864.035	1158.88
2867.434	1182.88
2870.83	1195.88
2874.223	1224.54
2877.613	1238.21
2881	1238.88
2884.385	1250.54
2887.766	1261.54
2891.145	1273.54
2894.521	1289.88
2897.894	1304.54
2901.264	1317.88
2904.631	1333.88
2907.996	1358.54
2911.358	1378.54
2914.717	1393.88
2918.073	1426.88
2921.426	1447.54
2924.777	1485.54
2928.124	1502.54
2931.469	1546.21
2934.811	1579.54
2938.15	1599.21
2941.487	1644.54
2944.821	1682.54
2948.152	1705.54
2951.48	1742.21
2954.805	1765.21
2958.128	1797.88
2961.447	1824.88
2964.765	1888.21
2968.079	1911.21
2971.39	1965.21
2974.699	2017.21
2978.005	2062.88
2981.308	2131.54
2984.609	2188.21
2987.907	2239.21
2991.202	2305.88
2994.494	2358.21
2997.784	2427.21
3001.07	2489.54
3004.355	2541.54
3007.636	2610.54
3010.915	2654.21
3014.191	2715.54
3017.464	2767.21
3020.734	2801.88
3024.002	2853.21
3027.267	2918.88
3030.53	2965.54
3033.789	3040.54
3037.046	3100.54
3040.301	3170.54
3043.552	3260.88
3046.801	3338.54
3050.048	3446.54
3053.291	3548.54
3056.532	3641.88
3059.771	3765.88
3063.006	3885.21
3066.239	4000.21
3069.469	4132.21
3072.697	4228.21
3075.922	4358.54
3079.144	4485.21
3082.364	4589.88
3085.581	4701.88
3088.795	4813.54
3092.007	4943.88
3095.216	5038.54
3098.423	5162.21
3101.627	5264.21
3104.828	5387.88
3108.026	5498.21
3111.222	5617.54
3114.416	5748.88
3117.607	5870.54
3120.795	6021.21
3123.98	6163.88
3127.163	6306.54
3130.344	6453.54
3133.521	6582.88
3136.696	6719.54
3139.869	6855.54
3143.039	6980.88
3146.206	7080.54
3149.371	7165.21
3152.533	7245.21
3155.693	7321.54
3158.85	7359.21
3162.005	7405.21
3165.157	7432.54
3168.306	7467.21
3171.453	7513.54
3174.597	7521.54
3177.739	7549.21
3180.878	7595.21
3184.014	7617.21
3187.149	7660.21
3190.28	7675.21
3193.409	7712.54
3196.536	7769.54
3199.659	7784.54
3202.781	7819.88
3205.9	7839.54
3209.016	7851.54
3212.13	7861.54
3215.241	7815.54
3218.35	7803.21
3221.456	7768.21
3224.56	7700.21
3227.661	7668.54
3230.76	7600.88
3233.856	7547.21
3236.95	7489.21
3240.041	7466.88
3243.13	7442.88
3246.216	7377.54
3249.3	7348.88
3252.382	7321.54
3255.46	7296.88
3258.537	7294.88
3261.611	7253.21
3264.682	7236.54
3267.751	7204.21
3270.818	7154.54
3273.882	7137.54
3276.943	7083.21
3280.002	7047.54
3283.059	6968.21
3286.113	6885.21
3289.165	6804.88
3292.214	6720.54
3295.261	6632.54
3298.306	6525.54
3301.348	6448.54
3304.387	6355.21
3307.425	6307.88
3310.459	6214.54
3313.492	6154.21
3316.521	6101.21
3319.549	6060.21
3322.574	6024.88
3325.597	5977.88
3328.617	5944.54
3331.635	5918.88
3334.65	5883.21
3337.663	5872.88
3340.674	5852.21
3343.682	5839.21
3346.688	5835.21
3349.691	5815.21
3352.692	5773.54
3355.691	5768.21
3358.687	5730.21
3361.681	5655.21
3364.673	5623.88
3367.662	5571.21
3370.649	5508.21
3373.633	5463.21
3376.615	5406.88
3379.595	5337.21
3382.572	5291.21
3385.547	5229.54
3388.52	5156.54
3391.49	5112.54
3394.458	5055.88
3397.424	5004.21
3400.387	4958.21
3403.348	4935.21
3406.307	4889.54
3409.263	4844.54
3412.217	4813.21
3415.168	4767.21
3418.118	4738.88
3421.065	4687.21
3424.009	4643.88
3426.951	4584.21
3429.891	4523.54
3432.829	4471.21
3435.764	4414.21
3438.697	4320.54
3441.628	4236.88
3444.557	4158.88
3447.483	4066.88
3450.407	3981.54
3453.328	3895.21
3456.247	3802.54
3459.164	3734.21
3462.079	3637.21
3464.991	3548.88
3467.902	3461.54
3470.809	3379.21
3473.715	3296.88
3476.618	3225.21
3479.519	3157.88
3482.418	3097.54
3485.315	3013.88
3488.209	2969.21
3491.101	2898.88
3493.99	2847.21
3496.878	2793.54
3499.763	2708.21
3502.646	2663.54
3505.527	2591.54
3508.405	2525.21
3511.281	2448.21
3514.155	2361.54
3517.027	2300.54
3519.897	2212.88
3522.764	2141.88
3525.629	2077.88
3528.492	1985.21
3531.352	1925.54
3534.211	1848.88
3537.067	1790.88
3539.921	1711.54
3542.773	1657.21
3545.622	1598.88
3548.469	1537.21
3551.315	1491.21
3554.157	1441.21
3556.998	1402.21
3559.837	1364.88
3562.673	1321.21
3565.507	1278.88
3568.339	1233.88
3571.169	1193.54
3573.996	1161.88
3576.822	1110.21
3579.645	1086.54
3582.466	1043.54
3585.285	1006.21
3588.101	976.21
3590.916	944.54
3593.728	902.21
3596.538	878.21
3599.346	838.54
3602.152	809.88
3604.956	778.21
3607.757	756.21
3610.556	709.21
3613.354	691.88
3616.149	673.88
3618.942	644.88
3621.732	627.21
3624.521	613.21
3627.307	588.54
3630.092	569.21
3632.874	554.88
3635.654	530.21
3638.432	517.21
3641.208	503.54
3643.982	488.54
3646.753	465.54
3649.523	446.88
3652.29	439.54
3655.055	414.21
3657.818	399.88
3660.579	383.21
3663.338	368.54
3666.095	350.54
3668.849	336.88
3671.602	322.54
3674.352	308.54
3677.101	297.21
3679.847	280.54
3682.591	269.88
3685.333	259.21
3688.073	246.88
3690.811	239.54
3693.547	236.21
3696.281	219.21
3699.013	212.21
3701.742	207.21
3704.47	199.21
3707.195	188.88
3709.919	181.54
3712.64	177.21
3715.359	173.54
3718.076	161.88
3720.792	158.54
3723.505	151.54
3726.216	149.88
3728.925	144.88
3731.632	135.21
3734.336	135.54
3737.039	124.54
3739.74	126.88
3742.439	116.54
3745.136	114.88
3747.83	114.21
3750.523	106.21
3753.213	79.21
3755.902	103.21
3758.589	99.21
3761.273	98.21
3763.956	95.21
3766.636	92.21
3769.315	91.21
3771.991	86.54
3774.665	82.21
3777.338	76.54
3780.008	82.54
3782.677	77.88
3785.343	77.21
3788.007	69.21
3790.67	71.21
3793.33	69.88
3795.989	60.88
3798.645	65.21
3801.299	67.88
3803.952	60.88
3806.602	59.88
3809.251	59.21
3811.897	55.88
3814.542	57.88
3817.184	57.21
3819.825	52.88
3822.463	53.21
3825.1	53.88
3827.735	53.54
3830.367	52.88
3832.998	49.88
3835.627	50.21
3838.253	50.54
3840.878	45.21
3843.501	45.54
3846.122	46.54
3848.741	42.21
3851.358	44.21
3853.973	45.21
3856.586	43.88
3859.197	41.88
3861.806	41.88
3864.414	37.54
3867.019	43.54
3869.622	41.21
3872.224	49.54
3874.823	60.21
3877.421	68.54
3880.016	85.54
3882.61	105.88
3885.202	119.54
3887.792	99.54
3890.38	72.88
3892.966	28.54
3895.55	26.88
3898.132	33.54
3900.713	28.88
3903.291	27.21
3905.868	26.88
3908.442	24.21
3911.015	24.54
3913.586	24.88
3916.155	28.21
3918.722	23.54
3921.287	23.21
3923.85	25.88
3926.411	28.21
3928.971	23.88
3931.528	19.88
3934.084	22.88
3936.638	20.88
3939.19	21.88
3941.74	18.88
3944.288	23.54
3946.834	23.21
3949.378	20.21
3951.921	21.88
3954.462	20.54
3957	26.54
3959.537	26.21
3962.072	28.88
3964.606	24.88
3967.137	27.54
3969.667	28.21
3972.194	26.21
3974.72	24.88
3977.244	33.54
3979.766	34.88
3982.286	29.54
3984.805	34.54
3987.321	37.21
3989.836	36.88
3992.349	36.21
3994.86	35.54
3997.369	35.88
3999.877	37.21
4002.382	35.88
4004.886	32.88
4007.388	33.88
4009.888	35.21
4012.386	31.21
4014.883	31.88
4017.377	29.88
4019.87	28.21
4022.361	28.21
4024.85	28.88
4027.338	30.21
4029.823	31.88
4032.307	28.54
4034.789	25.21
4037.269	28.54
4039.747	24.54
4042.224	23.21
4044.699	23.21
4047.172	22.54
4049.643	23.21
4052.112	27.88
4054.58	23.21
4057.046	24.54
4059.51	23.88
4061.972	22.54
4064.432	26.54
4066.891	23.21
4069.348	25.88
4071.803	27.21
4074.256	22.21
4076.708	27.21
4079.158	27.54
4081.606	24.21
4084.052	26.54
4086.497	29.21
4088.939	27.21
4091.38	28.88
4093.819	30.21
4096.257	5.21
4098.693	-0.12
4101.127	-4.12
4103.559	-1.79
4105.989	271.54
4108.418	277.54
4110.845	301.54
4113.27	328.21
4115.694	360.88
4118.115	416.54
4120.535	28.21
4122.954	26.88
4125.37	27.21
4127.785	25.21
4130.198	23.21
4132.609	26.88
4135.019	-1.12
4137.427	0.88
4139.833	-0.46
4142.237	1.54
