160.701	631.54
166.742	827.21
172.777	1415.21
178.805	3270.88
184.826	7943.88
190.841	16450.21
196.849	26970.21
202.85	34623.21
208.845	37032.21
214.833	36094.21
220.815	34595.88
226.789	33545.21
232.758	32603.21
238.719	31581.54
244.674	30432.88
250.623	29133.88
256.565	27826.88
262.5	26507.21
268.429	25378.54
274.351	24329.21
280.267	23429.54
286.176	22585.21
292.079	21876.21
297.975	21192.21
303.865	20624.88
309.748	20126.54
315.625	19726.54
321.495	19375.54
327.359	19134.21
333.217	18921.54
339.068	18820.54
344.912	18728.88
350.751	18654.54
356.583	18606.88
362.408	18576.88
368.227	18668.21
374.04	18784.21
379.847	19003.54
385.647	19168.21
391.44	19169.21
397.228	19055.54
403.009	19108.21
408.784	19369.54
414.553	19918.21
420.315	20568.21
426.071	20745.21
431.821	20116.54
437.565	19397.21
443.302	19131.88
449.033	18954.54
454.758	18863.88
460.477	18711.54
466.189	18579.88
471.896	18456.88
477.596	18321.54
483.29	18200.54
488.978	18051.21
494.66	17973.88
500.335	17700.88
506.005	17399.88
511.668	17027.21
517.325	16676.54
522.977	16391.88
528.622	16116.54
534.261	15932.21
539.894	15733.21
545.521	15609.54
551.141	15457.21
556.756	15345.88
562.365	15206.54
567.968	15075.54
573.565	14977.88
579.155	14906.21
584.74	14807.88
590.319	14639.21
595.892	14520.88
601.459	14398.21
607.02	14259.54
612.575	14122.88
618.124	13980.54
623.667	13816.21
629.204	13702.54
634.735	13598.88
640.261	13652.21
645.781	13794.88
651.294	13780.88
656.802	13611.88
662.304	13300.88
667.8	13054.21
673.29	12938.21
678.775	12863.21
684.254	12753.88
689.726	12677.21
695.193	12558.88
700.655	12436.54
706.11	12343.21
711.56	12176.54
717.004	12101.21
722.442	12025.54
727.874	11941.54
733.301	11832.54
738.722	11775.88
744.137	11768.21
749.547	11759.54
754.951	11747.88
760.349	11664.54
765.741	11547.54
771.128	11450.54
776.509	11420.54
781.885	11412.88
787.254	11322.88
792.618	11247.54
797.977	11141.88
803.33	10994.88
808.677	10874.21
814.019	10743.54
819.355	10608.54
824.686	10489.54
830.011	10369.54
835.33	10294.88
840.644	10199.54
845.952	10125.21
851.255	10016.21
856.552	9956.54
861.844	9856.21
867.13	9774.54
872.41	9655.54
877.686	9522.88
882.955	9387.88
888.219	9227.88
893.478	9071.54
898.731	8934.21
903.979	8800.54
909.221	8675.54
914.458	8607.21
919.69	8538.88
924.916	8503.88
930.136	8464.21
935.351	8443.21
940.561	8412.54
945.766	8345.54
950.965	8291.21
956.158	8179.54
961.347	8091.21
966.529	7985.88
971.707	7834.54
976.879	7731.21
982.046	7642.21
987.208	7592.21
992.364	7561.54
997.515	7587.54
1002.66	7617.21
1007.801	7652.88
1012.936	7704.54
1018.066	7750.54
1023.19	7781.88
1028.309	7778.21
1033.423	7734.21
1038.532	7695.54
1043.636	7634.88
1048.734	7544.21
1053.827	7488.88
1058.915	7394.54
1063.998	7352.88
1069.075	7329.54
1074.147	7323.88
1079.214	7348.21
1084.276	7365.54
1089.333	7392.88
1094.385	7426.54
1099.431	7472.88
1104.472	7454.88
1109.509	7414.54
1114.54	7325.54
1119.565	7241.54
1124.586	7152.88
1129.602	7060.54
1134.613	7020.21
1139.618	7005.54
1144.619	6988.54
1149.614	6999.88
1154.604	7037.54
1159.589	7063.21
1164.57	7061.21
1169.545	7086.21
1174.515	7096.54
1179.48	7054.54
1184.44	7028.54
1189.395	6967.54
1194.345	6923.88
1199.29	6886.88
1204.23	6891.21
1209.165	6918.88
1214.095	6932.54
1219.021	6982.21
1223.941	7041.88
1228.856	7063.21
1233.766	7057.54
1238.672	7072.54
1243.572	7069.54
1248.467	7000.21
1253.358	6918.88
1258.244	6855.88
1263.124	6740.21
1268	6631.21
1272.871	6558.88
1277.737	6518.54
1282.599	6491.88
1287.455	6493.21
1292.306	6492.88
1297.153	6556.21
1301.995	6587.88
1306.832	6617.21
1311.664	6636.88
1316.491	6640.88
1321.314	6615.21
1326.132	6566.88
1330.945	6501.54
1335.753	6446.88
1340.556	6402.54
1345.354	6345.88
1350.148	6285.54
1354.937	6235.54
1359.722	6146.54
1364.501	6061.21
1369.276	5969.21
1374.046	5896.88
1378.811	5832.54
1383.572	5766.54
1388.327	5727.88
1393.079	5686.88
1397.825	5648.88
1402.567	5612.54
1407.304	5588.88
1412.036	5591.88
1416.764	5589.54
1421.487	5625.88
1426.205	5605.54
1430.919	5666.21
1435.628	5716.21
1440.333	5785.88
1445.032	5810.88
1449.727	5864.21
1454.418	5888.88
1459.104	5870.54
1463.785	5884.21
1468.462	5841.88
1473.134	5810.54
1477.802	5805.88
1482.465	5804.54
1487.123	5801.88
1491.777	5835.54
1496.426	5879.54
1501.071	5921.88
1505.711	5966.21
1510.347	6003.21
1514.978	6019.54
1519.604	6035.54
1524.226	6014.21
1528.844	5976.88
1533.457	5966.54
1538.065	5927.54
1542.669	5921.54
1547.269	5916.54
1551.864	5943.88
1556.454	6024.88
1561.041	6087.21
1565.622	6174.54
1570.199	6295.21
1574.772	6451.21
1579.34	6596.21
1583.904	6747.21
1588.464	6927.54
1593.019	7062.54
1597.569	7200.54
1602.115	7352.21
1606.657	7470.54
1611.195	7587.21
1615.728	7730.54
1620.256	7876.54
1624.78	8041.54
1629.3	8212.21
1633.816	8382.21
1638.327	8523.21
1642.834	8621.21
1647.336	8707.54
1651.834	8736.54
1656.328	8688.54
1660.817	8614.54
1665.302	8495.54
1669.783	8278.88
1674.259	8055.21
1678.732	7808.21
1683.199	7525.54
1687.663	7258.21
1692.122	6943.88
1696.577	6610.21
1701.028	6256.88
1705.474	5966.54
1709.917	5649.21
1714.355	5425.54
1718.788	5220.54
1723.218	5086.21
1727.643	4948.21
1732.064	4799.21
1736.481	4643.88
1740.893	4488.21
1745.301	4321.54
1749.705	4177.21
1754.105	4063.88
1758.501	3945.54
1762.893	3835.88
1767.28	3769.88
1771.663	3725.88
1776.042	3711.21
1780.417	3692.21
1784.787	3699.88
1789.154	3684.21
1793.516	3657.54
1797.874	3593.54
1802.228	3506.88
1806.578	3420.88
1810.924	3327.54
1815.266	3256.21
1819.603	3197.88
1823.937	3169.88
1828.266	3144.21
1832.591	3138.88
1836.913	3136.54
1841.23	3142.21
1845.543	3149.21
1849.852	3157.88
1854.156	3172.54
1858.457	3185.21
1862.754	3209.54
1867.047	3203.88
1871.335	3251.21
1875.62	3256.21
1879.9	3273.88
1884.177	3276.88
1888.449	3284.88
1892.718	3272.88
1896.982	3257.88
1901.243	3263.88
1905.499	3267.54
1909.752	3274.88
1914	3279.21
1918.245	3280.88
1922.485	3313.21
1926.722	3324.21
1930.954	3341.54
1935.183	3331.54
1939.408	3328.88
1943.628	3296.54
1947.845	3284.54
1952.058	3231.21
1956.267	3197.21
1960.472	3160.54
1964.673	3105.21
1968.87	3066.54
1973.063	3040.21
1977.252	3014.88
1981.438	2995.54
1985.619	3009.54
1989.797	3006.21
1993.971	3025.88
1998.14	3040.88
2002.306	3065.21
2006.469	3089.21
2010.627	3097.88
2014.781	3115.54
2018.932	3129.88
2023.078	3140.88
2027.221	3131.54
2031.36	3114.88
2035.495	3101.21
2039.627	3113.54
2043.754	3104.54
2047.878	3095.88
2051.998	3124.88
2056.114	3148.21
2060.226	3167.21
2064.334	3210.54
2068.439	3218.88
2072.54	3261.88
2076.637	3278.88
2080.73	3302.21
2084.82	3329.88
2088.906	3311.54
2092.988	3313.21
2097.066	3293.54
2101.14	3264.88
2105.211	3236.88
2109.278	3188.54
2113.342	3164.21
2117.401	3130.88
2121.457	3100.54
2125.509	3073.21
2129.558	3041.54
2133.602	3014.88
2137.643	2997.21
2141.681	2976.54
2145.714	2958.54
2149.744	2947.88
2153.77	2926.54
2157.793	2903.54
2161.812	2865.88
2165.827	2814.54
2169.838	2785.88
2173.846	2747.54
2177.851	2697.88
2181.851	2655.88
2185.848	2627.54
2189.841	2604.54
2193.831	2577.54
2197.817	2548.88
2201.799	2532.21
2205.778	2520.21
2209.753	2510.88
2213.725	2488.21
2217.693	2465.88
2221.657	2456.21
2225.618	2441.21
2229.575	2417.21
2233.529	2394.88
2237.479	2355.88
2241.425	2311.54
2245.368	2271.88
2249.307	2255.54
2253.243	2227.54
2257.175	2177.88
2261.104	2146.21
2265.029	2118.21
2268.95	2071.21
2272.868	2055.54
2276.783	2015.54
2280.694	1986.21
2284.601	1965.88
2288.505	1947.21
2292.405	1924.21
2296.302	1897.54
2300.195	1855.88
2304.085	1834.54
2307.971	1801.21
2311.854	1791.88
2315.734	1753.21
2319.609	1722.88
2323.482	1701.21
2327.351	1689.21
2331.216	1683.54
2335.078	1679.54
2338.937	1662.88
2342.792	1632.54
2346.643	1618.88
2350.492	1628.88
2354.336	1622.54
2358.178	1622.54
2362.015	1624.54
2365.85	1623.54
2369.681	1614.54
2373.508	1620.54
2377.333	1628.21
2381.153	1617.88
2384.971	1603.54
2388.785	1599.88
2392.595	1580.88
2396.402	1583.54
2400.206	1565.21
2404.007	1557.88
2407.804	1551.21
2411.597	1536.21
2415.388	1537.54
2419.174	1534.88
2422.958	1521.54
2426.738	1525.54
2430.515	1499.88
2434.289	1513.54
2438.059	1501.21
2441.825	1499.88
2445.589	1482.88
2449.349	1477.54
2453.106	1463.21
2456.859	1454.88
2460.61	1446.54
2464.356	1430.88
2468.1	1421.54
2471.84	1407.21
2475.577	1412.54
2479.311	1403.54
2483.041	1410.88
2486.768	1410.54
2490.492	1403.88
2494.213	1408.54
2497.93	1403.88
2501.644	1407.88
2505.355	1407.54
2509.062	1405.21
2512.766	1390.21
2516.467	1393.88
2520.165	1388.54
2523.859	1381.54
2527.551	1377.54
2531.239	1363.21
2534.923	1369.88
2538.605	1361.21
2542.283	1357.21
2545.958	1335.54
2549.63	1352.54
2553.299	1351.54
2556.964	1344.21
2560.626	1330.21
2564.285	1325.88
2567.941	1321.21
2571.594	1302.54
2575.243	1293.21
2578.89	1284.54
2582.533	1280.54
2586.173	1263.54
2589.809	1240.54
2593.443	1236.21
2597.073	1225.21
2600.701	1222.21
2604.325	1204.21
2607.946	1203.88
2611.564	1192.21
2615.178	1187.21
2618.79	1177.88
2622.398	1187.54
2626.004	1161.21
2629.606	1164.54
2633.205	1142.21
2636.801	1143.54
2640.394	1128.21
2643.983	1133.54
2647.57	1120.88
2651.153	1109.88
2654.734	1104.54
2658.311	1099.21
2661.885	1085.88
2665.456	1089.21
2669.025	1098.88
2672.589	1095.21
2676.151	1085.88
2679.71	1085.54
2683.266	1073.88
2686.819	1078.88
2690.368	1073.21
2693.915	1076.54
2697.458	1058.88
2700.999	1057.54
2704.536	1049.54
2708.071	1045.88
2711.602	1036.88
2715.13	1046.21
2718.656	1048.21
2722.178	1048.54
2725.697	1061.88
2729.214	1073.54
2732.727	1087.88
2736.237	1100.54
2739.744	1109.88
2743.249	1113.54
2746.75	1116.21
2750.248	1123.54
2753.743	1115.54
2757.236	1098.88
2760.725	1098.88
2764.211	1084.88
2767.695	1068.54
2771.175	1066.54
2774.652	1067.88
2778.127	1068.21
2781.598	1070.88
2785.067	1086.21
2788.532	1097.88
2791.995	1108.54
2795.455	1124.21
2798.911	1146.54
2802.365	1156.88
2805.816	1172.88
2809.264	1188.21
2812.709	1200.21
2816.151	1215.54
2819.59	1214.54
2823.026	1243.88
2826.46	1251.21
2829.89	1266.54
2833.318	1271.21
2836.742	1285.21
2840.164	1301.88
2843.583	1322.21
2846.999	1339.21
2850.412	1350.21
2853.822	1379.54
2857.229	1397.88
2860.634	1410.21
2864.035	1425.88
2867.434	1450.88
2870.83	1471.88
2874.223	1481.21
2877.613	1508.88
2881	1507.88
2884.385	1529.21
2887.766	1553.54
2891.145	1550.54
2894.521	1575.21
2897.894	1599.21
2901.264	1612.88
2904.631	1620.21
2907.996	1652.21
2911.358	1693.21
2914.717	1710.21
2918.073	1743.21
2921.426	1769.21
2924.777	1805.54
2928.124	1838.21
2931.469	1880.88
2934.811	1916.88
2938.15	1981.88
2941.487	2009.54
2944.821	2056.21
2948.152	2089.54
2951.48	2123.21
2954.805	2178.21
2958.128	2216.21
2961.447	2251.21
2964.765	2313.54
2968.079	2383.88
2971.39	2428.88
2974.699	2484.21
2978.005	2552.21
2981.308	2629.88
2984.609	2695.21
2987.907	2780.54
2991.202	2839.21
2994.494	2915.21
2997.784	2980.21
3001.07	3062.88
3004.355	3134.54
3007.636	3209.88
3010.915	3268.21
3014.191	3339.54
3017.464	3384.88
3020.734	3449.88
3024.002	3519.54
3027.267	3587.54
3030.53	3653.21
3033.789	3739.88
3037.046	3830.21
3040.301	3922.21
3043.552	4015.21
3046.801	4136.21
3050.048	4240.88
3053.291	4372.88
3056.532	4512.88
3059.771	4646.21
3063.006	4792.21
3066.239	4945.54
3069.469	5092.21
3072.697	5241.88
3075.922	5389.54
3079.144	5532.21
3082.364	5675.88
3085.581	5814.21
3088.795	5965.54
3092.007	6093.54
3095.216	6223.54
3098.423	6386.54
3101.627	6529.88
3104.828	6696.21
3108.026	6838.21
3111.222	7003.21
3114.416	7158.21
3117.607	7311.21
3120.795	7478.54
3123.98	7646.54
3127.163	7823.54
3130.344	7999.54
3133.521	8193.54
3136.696	8374.88
3139.869	8499.21
3143.039	8657.54
3146.206	8799.54
3149.371	8914.21
3152.533	9003.21
3155.693	9058.21
3158.85	9149.21
3162.005	9180.21
3165.157	9232.21
3168.306	9263.21
3171.453	9328.21
3174.597	9352.88
3177.739	9382.54
3180.878	9417.54
3184.014	9469.88
3187.149	9496.21
3190.28	9549.88
3193.409	9565.54
3196.536	9623.88
3199.659	9655.21
3202.781	9706.88
3205.9	9736.21
3209.016	9737.54
3212.13	9743.88
3215.241	9712.21
3218.35	9670.88
3221.456	9634.21
3224.56	9535.21
3227.661	9489.54
3230.76	9416.21
3233.856	9376.54
3236.95	9295.54
3240.041	9253.54
3243.13	9179.88
3246.216	9164.88
3249.3	9110.21
3252.382	9075.21
3255.46	9037.54
3258.537	9036.21
3261.611	8992.88
3264.682	8943.54
3267.751	8917.54
3270.818	8866.88
3273.882	8813.88
3276.943	8772.21
3280.002	8708.54
3283.059	8606.54
3286.113	8516.88
3289.165	8372.21
3292.214	8290.88
3295.261	8174.21
3298.306	8072.21
3301.348	7971.54
3304.387	7862.88
3307.425	7780.54
3310.459	7691.54
3313.492	7596.54
3316.521	7542.88
3319.549	7466.88
3322.574	7428.21
3325.597	7393.21
3328.617	7350.88
3331.635	7316.21
3334.65	7285.88
3337.663	7270.54
3340.674	7233.54
3343.682	7231.88
3346.688	7213.88
3349.691	7193.21
3352.692	7192.88
3355.691	7145.21
3358.687	7099.88
3361.681	7039.54
3364.673	6985.54
3367.662	6896.21
3370.649	6841.21
3373.633	6774.21
3376.615	6666.88
3379.595	6625.21
3382.572	6553.54
3385.547	6454.88
3388.52	6417.21
3391.49	6347.54
3394.458	6297.54
3397.424	6229.88
3400.387	6154.88
3403.348	6114.21
3406.307	6073.88
3409.263	6001.54
3412.217	5957.21
3415.168	5923.88
3418.118	5881.88
3421.065	5818.54
3424.009	5762.54
3426.951	5692.88
3429.891	5637.88
3432.829	5552.21
3435.764	5457.21
3438.697	5368.54
3441.628	5241.54
3444.557	5159.21
3447.483	5057.21
3450.407	4935.88
3453.328	4833.21
3456.247	4713.88
3459.164	4608.21
3462.079	4494.21
3464.991	4388.21
3467.902	4291.88
3470.809	4194.88
3473.715	4089.88
3476.618	3994.21
3479.519	3929.88
3482.418	3831.21
3485.315	3736.88
3488.209	3660.88
3491.101	3591.88
3493.99	3510.54
3496.878	3438.88
3499.763	3360.54
3502.646	3286.54
3505.527	3200.54
3508.405	3115.21
3511.281	3027.21
3514.155	2915.21
3517.027	2830.54
3519.897	2736.21
3522.764	2643.54
3525.629	2553.21
3528.492	2456.88
3531.352	2369.21
3534.211	2288.54
3537.067	2192.88
3539.921	2112.21
3542.773	2039.54
3545.622	1966.54
3548.469	1903.54
3551.315	1834.54
3554.157	1770.54
3556.998	1723.54
3559.837	1667.54
3562.673	1614.54
3565.507	1565.54
3568.339	1516.88
3571.169	1474.21
3573.996	1425.54
3576.822	1382.21
3579.645	1336.88
3582.466	1296.21
3585.285	1240.88
3588.101	1193.21
3590.916	1160.21
3593.728	1127.54
3596.538	1072.54
3599.346	1031.54
3602.152	997.21
3604.956	963.54
3607.757	923.54
3610.556	879.54
3613.354	866.88
3616.149	830.54
3618.942	801.88
3621.732	770.21
3624.521	744.21
3627.307	722.54
3630.092	709.21
3632.874	683.54
3635.654	656.54
3638.432	638.21
3641.208	619.21
3643.982	590.21
3646.753	575.54
3649.523	550.54
3652.29	529.21
3655.055	507.88
3657.818	487.54
3660.579	468.21
3663.338	452.88
3666.095	433.54
3668.849	417.21
3671.602	392.21
3674.352	376.88
3677.101	363.88
3679.847	348.21
3682.591	332.54
3685.333	315.88
3688.073	310.21
3690.811	294.54
3693.547	283.21
3696.281	268.54
3699.013	259.88
3701.742	255.21
3704.47	243.21
3707.195	237.21
3709.919	221.88
3712.64	218.88
3715.359	208.54
3718.076	201.88
3720.792	188.88
3723.505	191.21
3726.216	181.21
3728.925	169.54
3731.632	164.21
3734.336	161.21
3737.039	150.21
3739.74	150.54
3742.439	142.54
3745.136	136.54
3747.83	132.88
3750.523	132.54
3753.213	123.21
3755.902	123.54
3758.589	120.21
3761.273	118.54
3763.956	115.88
3766.636	115.21
3769.315	114.21
3771.991	104.21
3774.665	106.21
3777.338	95.88
3780.008	101.54
3782.677	94.54
3785.343	95.88
3788.007	90.21
3790.67	90.54
3793.33	85.21
3795.989	78.21
3798.645	81.21
3801.299	78.54
3803.952	74.88
3806.602	69.54
3809.251	73.88
3811.897	70.21
3814.542	71.54
3817.184	71.21
3819.825	67.54
3822.463	62.88
3825.1	63.21
3827.735	63.21
3830.367	60.88
3832.998	61.88
3835.627	61.88
3838.253	60.54
3840.878	54.21
3843.501	55.88
3846.122	54.88
3848.741	51.88
3851.358	57.88
3853.973	59.21
3856.586	53.88
3859.197	52.88
3861.806	48.88
3864.414	49.21
3867.019	51.88
3869.622	53.54
3872.224	64.88
3874.823	79.88
3877.421	99.21
3880.016	122.54
3882.61	155.88
3885.202	167.21
3887.792	140.54
3890.38	100.21
3892.966	40.54
3895.55	36.88
3898.132	42.21
3900.713	32.88
3903.291	34.54
3905.868	36.88
3908.442	34.21
3911.015	30.21
3913.586	33.54
3916.155	30.54
3918.722	30.54
3921.287	28.54
3923.85	28.88
3926.411	30.88
3928.971	28.21
3931.528	27.21
3934.084	22.54
3936.638	26.54
3939.19	26.21
3941.74	26.21
3944.288	31.54
3946.834	29.88
3949.378	25.88
3951.921	27.21
3954.462	30.21
3957	33.21
3959.537	33.21
3962.072	30.21
3964.606	29.88
3967.137	29.21
3969.667	29.54
3972.194	28.21
3974.72	30.21
3977.244	35.21
3979.766	38.88
3982.286	32.21
3984.805	38.21
3987.321	42.54
3989.836	41.88
3992.349	45.21
3994.86	41.54
3997.369	39.88
3999.877	39.21
4002.382	39.54
4004.886	43.88
4007.388	38.54
4009.888	39.54
4012.386	39.54
4014.883	40.88
4017.377	38.88
4019.87	38.88
4022.361	38.88
4024.85	34.54
4027.338	38.21
4029.823	37.88
4032.307	31.21
4034.789	33.21
4037.269	36.88
4039.747	34.21
4042.224	34.54
4044.699	32.54
4047.172	30.54
4049.643	32.88
4052.112	34.54
4054.58	28.21
4057.046	31.21
4059.51	26.88
4061.972	26.88
4064.432	29.21
4066.891	30.54
4069.348	29.21
4071.803	31.21
4074.256	28.88
4076.708	29.54
4079.158	29.88
4081.606	30.88
4084.052	31.21
4086.497	33.21
4088.939	33.21
4091.38	34.88
4093.819	35.21
4096.257	3.54
4098.693	-1.12
4101.127	-3.46
4103.559	0.88
4105.989	371.88
4108.418	383.21
4110.845	413.54
4113.27	440.54
4115.694	476.54
4118.115	535.88
4120.535	30.21
4122.954	34.54
4125.37	33.54
4127.785	28.88
4130.198	32.88
4132.609	31.54
4135.019	-2.46
4137.427	-0.46
4139.833	0.54
4142.237	2.54
