160.701	561.62
166.742	748.96
172.777	1301.62
178.805	3040.62
184.826	7353.96
190.841	15119.29
196.849	24533.96
202.85	31377.29
208.845	33476.62
214.833	32604.29
220.815	31236.62
226.789	30292.29
232.758	29475.96
238.719	28580.96
244.674	27552.29
250.623	26434.62
256.565	25252.62
262.5	24117.96
268.429	23037.62
274.351	22173.96
280.267	21369.96
286.176	20611.29
292.079	19976.29
297.975	19429.62
303.865	18859.62
309.748	18441.62
315.625	18016.29
321.495	17730.96
327.359	17469.62
333.217	17319.62
339.068	17180.96
344.912	17107.96
350.751	17030.96
356.583	17037.29
362.408	17016.62
368.227	17030.29
374.04	17146.96
379.847	17368.96
385.647	17529.96
391.44	17507.96
397.228	17395.62
403.009	17437.62
408.784	17674.62
414.553	18126.29
420.315	18683.62
426.071	18821.29
431.821	18257.62
437.565	17690.62
443.302	17436.96
449.033	17317.62
454.758	17196.96
460.477	17066.62
466.189	16996.29
471.896	16899.29
477.596	16776.29
483.29	16648.96
488.978	16580.62
494.66	16465.96
500.335	16279.29
506.005	15997.29
511.668	15667.62
517.325	15389.96
522.977	15133.29
528.622	14913.96
534.261	14771.29
539.894	14613.96
545.521	14446.63
551.141	14334.96
556.756	14258.62
562.365	14156.29
567.968	14030.29
573.565	13942.29
579.155	13863.29
584.74	13769.29
590.319	13667.29
595.892	13539.62
601.459	13408.29
607.02	13276.29
612.575	13124.29
618.124	13039.63
623.667	12868.96
629.204	12787.29
634.735	12729.96
640.261	12751.62
645.781	12802.29
651.294	12829.96
656.802	12678.29
662.304	12384.96
667.8	12221.62
673.29	12135.62
678.775	12035.29
684.254	11974.63
689.726	11871.29
695.193	11785.96
700.655	11660.96
706.11	11575.96
711.56	11451.29
717.004	11349.62
722.442	11297.96
727.874	11207.96
733.301	11186.96
738.722	11167.96
744.137	11125.96
749.547	11089.96
754.951	11026.96
760.349	10937.29
765.741	10839.63
771.128	10742.96
776.509	10711.29
781.885	10652.29
787.254	10622.96
792.618	10516.63
797.977	10409.62
803.33	10310.62
808.677	10202.29
814.019	10058.96
819.355	9953.29
824.686	9819.29
830.011	9712.29
835.33	9669.29
840.644	9583.63
845.952	9513.62
851.255	9452.62
856.552	9370.96
861.844	9268.62
867.13	9206.29
872.41	9083.29
877.686	8987.29
882.955	8870.62
888.219	8735.29
893.478	8597.96
898.731	8438.96
903.979	8303.29
909.221	8214.96
914.458	8118.63
919.69	8077.63
924.916	8029.62
930.136	8013.29
935.351	7984.96
940.561	7919.96
945.766	7886.63
950.965	7834.96
956.158	7752.63
961.347	7675.63
966.529	7561.96
971.707	7426.29
976.879	7335.29
982.046	7246.63
987.208	7186.96
992.364	7178.63
997.515	7187.63
1002.66	7187.96
1007.801	7240.29
1012.936	7288.96
1018.066	7327.96
1023.19	7333.29
1028.309	7358.96
1033.423	7336.96
1038.532	7283.29
1043.636	7197.29
1048.734	7137.29
1053.827	7050.63
1058.915	6993.29
1063.998	6938.63
1069.075	6912.63
1074.147	6896.29
1079.214	6923.62
1084.276	6954.29
1089.333	6986.63
1094.385	6998.96
1099.431	7037.96
1104.472	7009.96
1109.509	6997.96
1114.54	6906.63
1119.565	6825.29
1124.586	6749.29
1129.602	6662.62
1134.613	6628.96
1139.618	6619.96
1144.619	6591.63
1149.614	6592.63
1154.604	6618.29
1159.589	6656.96
1164.57	6659.29
1169.545	6680.96
1174.515	6686.29
1179.48	6653.63
1184.44	6606.63
1189.395	6568.62
1194.345	6515.96
1199.29	6510.63
1204.23	6497.62
1209.165	6503.63
1214.095	6543.96
1219.021	6593.96
1223.941	6631.29
1228.856	6648.96
1233.766	6649.63
1238.672	6668.29
1243.572	6643.63
1248.467	6594.29
1253.358	6523.29
1258.244	6426.96
1263.124	6329.29
1268	6220.29
1272.871	6167.96
1277.737	6118.96
1282.599	6094.62
1287.455	6109.96
1292.306	6120.63
1297.153	6163.63
1301.995	6198.96
1306.832	6204.63
1311.664	6226.29
1316.491	6214.29
1321.314	6195.63
1326.132	6132.63
1330.945	6072.29
1335.753	5997.96
1340.556	5936.96
1345.354	5884.29
1350.148	5827.63
1354.937	5765.63
1359.722	5700.63
1364.501	5632.29
1369.276	5592.96
1374.046	5559.29
1378.811	5513.29
1383.572	5496.29
1388.327	5466.29
1393.079	5418.62
1397.825	5357.96
1402.567	5343.96
1407.304	5293.62
1412.036	5280.63
1416.764	5272.96
1421.487	5263.62
1426.205	5277.29
1430.919	5315.63
1435.628	5354.29
1440.333	5412.96
1445.032	5432.29
1449.727	5477.96
1454.418	5477.96
1459.104	5468.62
1463.785	5435.29
1468.462	5411.96
1473.134	5368.96
1477.802	5358.62
1482.465	5318.63
1487.123	5323.96
1491.777	5351.63
1496.426	5387.62
1501.071	5423.29
1505.711	5486.29
1510.347	5509.29
1514.978	5547.29
1519.604	5570.62
1524.226	5572.63
1528.844	5557.29
1533.457	5535.96
1538.065	5523.96
1542.669	5501.29
1547.269	5499.29
1551.864	5539.29
1556.454	5586.96
1561.041	5655.62
1565.622	5722.29
1570.199	5832.96
1574.772	5944.29
1579.34	6079.96
1583.904	6229.29
1588.464	6360.29
1593.019	6488.29
1597.569	6595.63
1602.115	6706.96
1606.657	6811.63
1611.195	6901.96
1615.728	7022.62
1620.256	7126.96
1624.78	7275.63
1629.3	7426.96
1633.816	7553.62
1638.327	7665.29
1642.834	7792.96
1647.336	7842.63
1651.834	7862.29
1656.328	7839.96
1660.817	7764.29
1665.302	7635.96
1669.783	7476.63
1674.259	7257.29
1678.732	7006.96
1683.199	6761.96
1687.663	6489.96
1692.122	6210.62
1696.577	5930.96
1701.028	5647.62
1705.474	5376.96
1709.917	5112.96
1714.355	4955.96
1718.788	4800.96
1723.218	4659.96
1727.643	4513.62
1732.064	4399.63
1736.481	4248.62
1740.893	4118.29
1745.301	3969.62
1749.705	3830.63
1754.105	3714.96
1758.501	3602.63
1762.893	3511.29
1767.28	3438.29
1771.663	3383.63
1776.042	3349.96
1780.417	3339.29
1784.787	3319.62
1789.154	3309.96
1793.516	3280.63
1797.874	3245.29
1802.228	3179.63
1806.578	3115.29
1810.924	3035.29
1815.266	2991.63
1819.603	2941.63
1823.937	2915.63
1828.266	2888.63
1832.591	2863.62
1836.913	2861.63
1841.23	2863.63
1845.543	2868.96
1849.852	2874.62
1854.156	2880.63
1858.457	2877.96
1862.754	2916.29
1867.047	2901.96
1871.335	2920.29
1875.62	2929.62
1879.9	2941.29
1884.177	2928.29
1888.449	2927.29
1892.718	2908.29
1896.982	2912.96
1901.243	2898.29
1905.499	2887.96
1909.752	2901.96
1914	2905.29
1918.245	2901.63
1922.485	2916.96
1926.722	2934.29
1930.954	2946.63
1935.183	2943.63
1939.408	2948.96
1943.628	2932.96
1947.845	2907.29
1952.058	2873.63
1956.267	2852.96
1960.472	2809.62
1964.673	2776.63
1968.87	2741.29
1973.063	2710.29
1977.252	2706.62
1981.438	2689.29
1985.619	2687.96
1989.797	2681.96
1993.971	2699.96
1998.14	2709.96
2002.306	2730.29
2006.469	2755.62
2010.627	2758.96
2014.781	2777.96
2018.932	2783.96
2023.078	2780.96
2027.221	2786.96
2031.36	2774.63
2035.495	2743.62
2039.627	2749.96
2043.754	2731.96
2047.878	2740.96
2051.998	2738.62
2056.114	2782.96
2060.226	2786.63
2064.334	2807.63
2068.439	2829.63
2072.54	2852.96
2076.637	2868.29
2080.73	2892.96
2084.82	2897.96
2088.906	2916.96
2092.988	2912.29
2097.066	2886.96
2101.14	2866.62
2105.211	2831.29
2109.278	2815.96
2113.342	2771.29
2117.401	2747.29
2121.457	2724.63
2125.509	2702.29
2129.558	2682.29
2133.602	2664.63
2137.643	2641.63
2141.681	2635.62
2145.714	2595.96
2149.744	2589.29
2153.77	2565.96
2157.793	2558.29
2161.812	2512.96
2165.827	2487.96
2169.838	2459.29
2173.846	2413.29
2177.851	2379.29
2181.851	2344.29
2185.848	2308.29
2189.841	2281.96
2193.831	2254.96
2197.817	2235.29
2201.799	2225.29
2205.778	2205.29
2209.753	2185.29
2213.725	2187.63
2217.693	2161.62
2221.657	2142.29
2225.618	2134.29
2229.575	2115.63
2233.529	2083.63
2237.479	2046.96
2241.425	2019.96
2245.368	1987.62
2249.307	1966.29
2253.243	1928.96
2257.175	1893.29
2261.104	1861.62
2265.029	1832.63
2268.95	1808.96
2272.868	1779.96
2276.783	1761.96
2280.694	1723.96
2284.601	1702.96
2288.505	1682.96
2292.405	1660.29
2296.302	1633.63
2300.195	1603.96
2304.085	1595.62
2307.971	1561.63
2311.854	1551.29
2315.734	1507.29
2319.609	1497.29
2323.482	1467.96
2327.351	1451.63
2331.216	1459.96
2335.078	1447.96
2338.937	1429.63
2342.792	1418.96
2346.643	1398.29
2350.492	1397.29
2354.336	1400.96
2358.178	1394.29
2362.015	1401.29
2365.85	1389.96
2369.681	1390.29
2373.508	1384.29
2377.333	1389.96
2381.153	1381.96
2384.971	1376.63
2388.785	1370.62
2392.595	1361.96
2396.402	1353.29
2400.206	1342.96
2404.007	1324.96
2407.804	1322.29
2411.597	1313.29
2415.388	1316.96
2419.174	1310.63
2422.958	1304.96
2426.738	1293.29
2430.515	1285.96
2434.289	1295.96
2438.059	1273.63
2441.825	1268.29
2445.589	1256.29
2449.349	1256.63
2453.106	1240.63
2456.859	1233.62
2460.61	1222.96
2464.356	1203.29
2468.1	1197.62
2471.84	1195.29
2475.577	1193.96
2479.311	1186.63
2483.041	1189.63
2486.768	1193.96
2490.492	1191.96
2494.213	1182.63
2497.93	1188.29
2501.644	1188.96
2505.355	1180.96
2509.062	1172.63
2512.766	1167.96
2516.467	1168.63
2520.165	1162.96
2523.859	1161.29
2527.551	1147.63
2531.239	1146.62
2534.923	1140.62
2538.605	1139.96
2542.283	1132.63
2545.958	1122.29
2549.63	1121.63
2553.299	1117.29
2556.964	1103.63
2560.626	1111.29
2564.285	1098.29
2567.941	1090.96
2571.594	1079.96
2575.243	1065.96
2578.89	1065.63
2582.533	1050.29
2586.173	1036.62
2589.809	1028.96
2593.443	1031.29
2597.073	1016.29
2600.701	1007.63
2604.325	996.62
2607.946	998.62
2611.564	1002.29
2615.178	981.29
2618.79	983.29
2622.398	982.96
2626.004	971.63
2629.606	961.96
2633.205	955.96
2636.801	951.29
2640.394	945.29
2643.983	938.96
2647.57	934.29
2651.153	936.29
2654.734	923.63
2658.311	921.29
2661.885	915.63
2665.456	910.29
2669.025	909.96
2672.589	909.96
2676.151	910.29
2679.71	896.29
2683.266	902.62
2686.819	903.29
2690.368	901.29
2693.915	893.96
2697.458	883.96
2700.999	884.29
2704.536	869.96
2708.071	867.96
2711.602	871.62
2715.13	872.63
2718.656	869.29
2722.178	875.63
2725.697	875.29
2729.214	891.63
2732.727	898.63
2736.237	914.63
2739.744	918.29
2743.249	923.63
2746.75	924.29
2750.248	923.63
2753.743	922.96
2757.236	918.62
2760.725	916.96
2764.211	900.63
2767.695	898.96
2771.175	907.29
2774.652	900.62
2778.127	911.29
2781.598	907.96
2785.067	911.29
2788.532	932.62
2791.995	940.29
2795.455	951.29
2798.911	967.96
2802.365	976.63
2805.816	989.29
2809.264	1007.29
2812.709	1017.29
2816.151	1036.29
2819.59	1040.63
2823.026	1054.62
2826.46	1065.96
2829.89	1079.96
2833.318	1084.63
2836.742	1097.96
2840.164	1098.96
2843.583	1125.96
2846.999	1131.96
2850.412	1158.29
2853.822	1176.29
2857.229	1190.63
2860.634	1199.29
2864.035	1227.96
2867.434	1236.63
2870.83	1262.96
2874.223	1285.63
2877.613	1290.63
2881	1295.96
2884.385	1319.62
2887.766	1330.62
2891.145	1343.29
2894.521	1356.96
2897.894	1382.29
2901.264	1399.29
2904.631	1422.96
2907.996	1436.29
2911.358	1455.29
2914.717	1480.96
2918.073	1506.96
2921.426	1539.63
2924.777	1561.96
2928.124	1595.63
2931.469	1636.96
2934.811	1672.29
2938.15	1718.29
2941.487	1753.63
2944.821	1789.29
2948.152	1822.29
2951.48	1862.62
2954.805	1882.96
2958.128	1927.29
2961.447	1970.29
2964.765	2020.96
2968.079	2069.63
2971.39	2125.96
2974.699	2172.63
2978.005	2239.96
2981.308	2314.96
2984.609	2378.63
2987.907	2444.96
2991.202	2514.96
2994.494	2589.29
2997.784	2655.96
3001.07	2725.29
3004.355	2778.96
3007.636	2847.96
3010.915	2902.96
3014.191	2969.29
3017.464	3026.62
3020.734	3076.63
3024.002	3116.63
3027.267	3170.96
3030.53	3259.29
3033.789	3321.96
3037.046	3399.96
3040.301	3470.63
3043.552	3552.29
3046.801	3651.29
3050.048	3757.96
3053.291	3883.96
3056.532	4000.96
3059.771	4114.29
3063.006	4234.62
3066.239	4358.29
3069.469	4504.96
3072.697	4638.29
3075.922	4769.96
3079.144	4897.29
3082.364	5029.62
3085.581	5140.96
3088.795	5271.96
3092.007	5392.62
3095.216	5529.96
3098.423	5648.29
3101.627	5787.96
3104.828	5918.29
3108.026	6056.29
3111.222	6210.29
3114.416	6337.63
3117.607	6491.62
3120.795	6652.63
3123.98	6811.29
3127.163	6960.96
3130.344	7123.96
3133.521	7280.96
3136.696	7433.29
3139.869	7571.29
3143.039	7696.96
3146.206	7825.62
3149.371	7940.62
3152.533	8018.62
3155.693	8059.29
3158.85	8139.29
3162.005	8192.62
3165.157	8227.62
3168.306	8280.63
3171.453	8320.63
3174.597	8334.96
3177.739	8387.63
3180.878	8387.29
3184.014	8424.29
3187.149	8464.63
3190.28	8494.96
3193.409	8522.29
3196.536	8554.29
3199.659	8581.29
3202.781	8614.96
3205.9	8645.96
3209.016	8663.96
3212.13	8666.29
3215.241	8642.96
3218.35	8612.96
3221.456	8559.63
3224.56	8508.96
3227.661	8446.96
3230.76	8403.63
3233.856	8334.96
3236.95	8269.29
3240.041	8236.62
3243.13	8186.29
3246.216	8152.62
3249.3	8118.63
3252.382	8076.96
3255.46	8074.29
3258.537	8031.62
3261.611	8016.29
3264.682	7979.63
3267.751	7951.63
3270.818	7934.29
3273.882	7872.29
3276.943	7821.29
3280.002	7749.29
3283.059	7679.63
3286.113	7609.63
3289.165	7493.29
3292.214	7384.63
3295.261	7303.62
3298.306	7200.96
3301.348	7080.29
3304.387	6977.62
3307.425	6922.62
3310.459	6826.63
3313.492	6759.96
3316.521	6707.62
3319.549	6616.62
3322.574	6598.62
3325.597	6529.29
3328.617	6504.29
3331.635	6478.29
3334.65	6441.96
3337.663	6413.96
3340.674	6416.63
3343.682	6397.29
3346.688	6381.96
3349.691	6358.29
3352.692	6330.63
3355.691	6287.62
3358.687	6263.96
3361.681	6230.63
3364.673	6154.29
3367.662	6090.63
3370.649	6022.29
3373.633	5965.29
3376.615	5897.96
3379.595	5821.29
3382.572	5770.29
3385.547	5695.63
3388.52	5658.96
3391.49	5601.96
3394.458	5535.96
3397.424	5500.62
3400.387	5444.62
3403.348	5386.29
3406.307	5336.63
3409.263	5296.96
3412.217	5248.96
3415.168	5199.62
3418.118	5175.96
3421.065	5121.96
3424.009	5085.29
3426.951	5006.96
3429.891	4955.63
3432.829	4875.96
3435.764	4812.96
3438.697	4716.62
3441.628	4621.96
3444.557	4536.29
3447.483	4446.96
3450.407	4348.29
3453.328	4260.62
3456.247	4162.29
3459.164	4062.29
3462.079	3964.96
3464.991	3872.29
3467.902	3791.29
3470.809	3695.29
3473.715	3607.96
3476.618	3530.29
3479.519	3451.63
3482.418	3383.96
3485.315	3299.63
3488.209	3232.96
3491.101	3175.62
3493.99	3117.29
3496.878	3035.62
3499.763	2963.63
3502.646	2907.63
3505.527	2821.63
3508.405	2745.96
3511.281	2674.96
3514.155	2585.29
3517.027	2499.29
3519.897	2419.29
3522.764	2343.62
3525.629	2256.96
3528.492	2172.62
3531.352	2091.96
3534.211	2021.96
3537.067	1958.96
3539.921	1877.96
3542.773	1808.62
3545.622	1745.63
3548.469	1689.29
3551.315	1633.63
3554.157	1572.29
3556.998	1530.96
3559.837	1472.63
3562.673	1433.29
3565.507	1394.29
3568.339	1349.62
3571.169	1311.96
3573.996	1262.29
3576.822	1225.29
3579.645	1184.96
3582.466	1140.63
3585.285	1104.29
3588.101	1055.96
3590.916	1019.96
3593.728	998.29
3596.538	957.62
3599.346	918.29
3602.152	872.63
3604.956	843.29
3607.757	815.63
3610.556	783.96
3613.354	757.62
3616.149	730.96
3618.942	701.96
3621.732	676.29
3624.521	667.29
3627.307	637.29
3630.092	619.96
3632.874	600.29
3635.654	580.63
3638.432	561.96
3641.208	541.63
3643.982	516.96
3646.753	504.63
3649.523	479.62
3652.29	467.29
3655.055	448.29
3657.818	425.96
3660.579	407.29
3663.338	386.63
3666.095	379.63
3668.849	353.29
3671.602	346.96
3674.352	331.29
3677.101	312.96
3679.847	305.96
3682.591	286.29
3685.333	278.29
3688.073	264.96
3690.811	257.96
3693.547	252.63
3696.281	236.63
3699.013	220.29
3701.742	221.96
3704.47	210.96
3707.195	205.63
3709.919	188.96
3712.64	186.29
3715.359	184.96
3718.076	171.29
3720.792	164.29
3723.505	159.63
3726.216	153.29
3728.925	148.63
3731.632	141.62
3734.336	139.96
3737.039	131.63
3739.74	130.96
3742.439	121.63
3745.136	119.62
3747.83	118.29
3750.523	109.29
3753.213	103.62
3755.902	105.62
3758.589	103.29
3761.273	103.96
3763.956	100.63
3766.636	93.96
3769.315	95.96
3771.991	90.63
3774.665	86.96
3777.338	80.29
3780.008	82.96
3782.677	82.29
3785.343	81.29
3788.007	74.63
3790.67	73.63
3793.33	74.63
3795.989	68.29
3798.645	70.29
3801.299	68.96
3803.952	63.29
3806.602	60.63
3809.251	66.29
3811.897	59.96
3814.542	59.29
3817.184	60.29
3819.825	55.96
3822.463	56.96
3825.1	53.63
3827.735	53.96
3830.367	49.96
3832.998	50.62
3835.627	52.62
3838.253	52.96
3840.878	41.96
3843.501	47.96
3846.122	43.29
3848.741	45.63
3851.358	42.96
3853.973	46.96
3856.586	45.96
3859.197	41.29
3861.806	44.63
3864.414	37.96
3867.019	45.29
3869.622	44.63
3872.224	54.96
3874.823	73.96
3877.421	98.29
3880.016	127.29
3882.61	161.29
3885.202	172.63
3887.792	139.96
3890.38	92.96
3892.966	36.63
3895.55	30.63
3898.132	37.29
3900.713	31.29
3903.291	29.63
3905.868	32.96
3908.442	27.29
3911.015	28.63
3913.586	27.62
3916.155	29.96
3918.722	24.63
3921.287	24.63
3923.85	22.96
3926.411	24.62
3928.971	22.29
3931.528	19.62
3934.084	23.96
3936.638	21.62
3939.19	21.96
3941.74	22.29
3944.288	24.62
3946.834	22.63
3949.378	20.29
3951.921	22.63
3954.462	22.63
3957	27.29
3959.537	25.96
3962.072	29.62
3964.606	25.96
3967.137	26.29
3969.667	25.62
3972.194	26.96
3974.72	25.29
3977.244	30.29
3979.766	38.29
3982.286	32.63
3984.805	34.29
3987.321	40.29
3989.836	37.62
3992.349	40.96
3994.86	39.29
3997.369	34.96
3999.877	40.62
4002.382	37.96
4004.886	36.96
4007.388	37.29
4009.888	38.96
4012.386	32.62
4014.883	33.96
4017.377	31.29
4019.87	31.29
4022.361	33.63
4024.85	28.29
4027.338	34.62
4029.823	34.63
4032.307	27.96
4034.789	28.29
4037.269	30.62
4039.747	28.29
4042.224	25.29
4044.699	30.29
4047.172	26.96
4049.643	24.96
4052.112	29.63
4054.58	28.96
4057.046	28.96
4059.51	24.29
4061.972	23.29
4064.432	30.29
4066.891	25.96
4069.348	25.29
4071.803	24.96
4074.256	25.63
4076.708	26.96
4079.158	26.63
4081.606	24.29
4084.052	25.29
4086.497	27.63
4088.939	24.29
4091.38	30.63
4093.819	31.62
4096.257	5.29
4098.693	-0.04
4101.127	-2.71
4103.559	-0.37
4105.989	315.63
4108.418	331.62
4110.845	358.29
4113.27	379.63
4115.694	420.96
4118.115	480.96
4120.535	27.63
4122.954	27.63
4125.37	27.62
4127.785	23.62
4130.198	28.96
4132.609	29.29
4135.019	-3.04
4137.427	-1.04
4139.833	0.62
4142.237	1.29
