160.701	533.04
166.742	719.71
172.777	1233.71
178.805	2864.71
184.826	6973.38
190.841	14352.38
196.849	23335.04
202.85	29871.38
208.845	31806.71
214.833	31016.38
220.815	29767.04
226.789	28866.38
232.758	28056.04
238.719	27204.04
244.674	26225.04
250.623	25125.04
256.565	24049.04
262.5	22912.38
268.429	21946.71
274.351	21092.71
280.267	20341.38
286.176	19636.71
292.079	19085.04
297.975	18513.38
303.865	18036.71
309.748	17561.04
315.625	17230.38
321.495	16934.04
327.359	16702.71
333.217	16551.38
339.068	16408.71
344.912	16385.71
350.751	16294.04
356.583	16303.04
362.408	16262.04
368.227	16313.71
374.04	16449.71
379.847	16627.71
385.647	16819.71
391.44	16785.04
397.228	16695.71
403.009	16704.71
408.784	16897.38
414.553	17357.71
420.315	17959.38
426.071	18030.38
431.821	17525.38
437.565	16923.71
443.302	16680.04
449.033	16554.04
454.758	16452.04
460.477	16341.04
466.189	16243.04
471.896	16132.04
477.596	16001.71
483.29	15893.71
488.978	15831.71
494.66	15676.38
500.335	15502.04
506.005	15226.04
511.668	14956.71
517.325	14660.04
522.977	14406.38
528.622	14203.38
534.261	14031.38
539.894	13854.04
545.521	13764.71
551.141	13676.04
556.756	13566.04
562.365	13430.71
567.968	13339.71
573.565	13254.04
579.155	13191.04
584.74	13088.38
590.319	12969.04
595.892	12856.38
601.459	12741.04
607.02	12630.71
612.575	12507.71
618.124	12395.71
623.667	12242.38
629.204	12122.04
634.735	12073.71
640.261	12094.04
645.781	12183.71
651.294	12207.38
656.802	12024.38
662.304	11779.38
667.8	11595.04
673.29	11503.71
678.775	11448.71
684.254	11359.71
689.726	11247.38
695.193	11163.38
700.655	11052.71
706.11	10982.38
711.56	10882.38
717.004	10775.04
722.442	10726.38
727.874	10699.38
733.301	10684.04
738.722	10679.71
744.137	10632.04
749.547	10530.38
754.951	10498.38
760.349	10397.38
765.741	10305.04
771.128	10206.38
776.509	10160.71
781.885	10128.04
787.254	10049.71
792.618	9969.38
797.977	9904.04
803.33	9786.04
808.677	9667.71
814.019	9571.04
819.355	9444.71
824.686	9342.38
830.011	9256.38
835.33	9161.71
840.644	9093.71
845.952	9040.38
851.255	8961.38
856.552	8910.71
861.844	8811.38
867.13	8730.71
872.41	8643.71
877.686	8548.38
882.955	8390.71
888.219	8271.38
893.478	8154.04
898.731	7996.04
903.979	7871.04
909.221	7798.38
914.458	7714.38
919.69	7652.38
924.916	7635.71
930.136	7608.71
935.351	7567.38
940.561	7528.71
945.766	7499.38
950.965	7446.71
956.158	7365.71
961.347	7277.71
966.529	7176.04
971.707	7067.04
976.879	6961.71
982.046	6889.71
987.208	6846.71
992.364	6832.38
997.515	6856.38
1002.66	6877.04
1007.801	6912.38
1012.936	6935.71
1018.066	6974.04
1023.19	7000.71
1028.309	6986.04
1033.423	6966.71
1038.532	6922.38
1043.636	6881.71
1048.734	6813.38
1053.827	6701.38
1058.915	6665.71
1063.998	6598.04
1069.075	6601.38
1074.147	6597.04
1079.214	6609.71
1084.276	6626.04
1089.333	6652.04
1094.385	6679.38
1099.431	6713.71
1104.472	6702.38
1109.509	6666.71
1114.54	6593.38
1119.565	6502.71
1124.586	6429.71
1129.602	6371.04
1134.613	6322.38
1139.618	6306.71
1144.619	6289.04
1149.614	6313.04
1154.604	6340.04
1159.589	6355.04
1164.57	6369.04
1169.545	6380.38
1174.515	6394.04
1179.48	6358.04
1184.44	6309.04
1189.395	6272.71
1194.345	6243.38
1199.29	6209.71
1204.23	6207.04
1209.165	6231.38
1214.095	6248.04
1219.021	6308.71
1223.941	6353.71
1228.856	6371.71
1233.766	6391.38
1238.672	6384.04
1243.572	6340.38
1248.467	6323.38
1253.358	6233.71
1258.244	6141.38
1263.124	6050.04
1268	5970.38
1272.871	5903.71
1277.737	5868.38
1282.599	5825.04
1287.455	5847.71
1292.306	5874.71
1297.153	5932.71
1301.995	5958.71
1306.832	5978.71
1311.664	5991.04
1316.491	5979.38
1321.314	5948.38
1326.132	5916.71
1330.945	5856.71
1335.753	5822.71
1340.556	5768.38
1345.354	5741.71
1350.148	5706.38
1354.937	5671.71
1359.722	5624.71
1364.501	5591.71
1369.276	5557.38
1374.046	5524.04
1378.811	5491.71
1383.572	5497.38
1388.327	5451.38
1393.079	5370.38
1397.825	5275.38
1402.567	5191.71
1407.304	5153.38
1412.036	5111.38
1416.764	5103.04
1421.487	5093.04
1426.205	5108.38
1430.919	5140.04
1435.628	5192.04
1440.333	5266.38
1445.032	5288.38
1449.727	5334.38
1454.418	5347.04
1459.104	5356.04
1463.785	5352.38
1468.462	5331.04
1473.134	5319.04
1477.802	5319.38
1482.465	5363.04
1487.123	5376.38
1491.777	5422.71
1496.426	5487.04
1501.071	5546.38
1505.711	5598.38
1510.347	5672.71
1514.978	5690.71
1519.604	5717.71
1524.226	5734.38
1528.844	5714.71
1533.457	5660.71
1538.065	5621.04
1542.669	5589.71
1547.269	5572.04
1551.864	5587.71
1556.454	5623.71
1561.041	5658.71
1565.622	5717.71
1570.199	5791.38
1574.772	5906.71
1579.34	6036.04
1583.904	6174.71
1588.464	6284.71
1593.019	6405.38
1597.569	6522.71
1602.115	6638.38
1606.657	6742.04
1611.195	6844.04
1615.728	6948.38
1620.256	7069.71
1624.78	7203.71
1629.3	7367.71
1633.816	7509.38
1638.327	7644.38
1642.834	7711.71
1647.336	7825.38
1651.834	7841.04
1656.328	7821.71
1660.817	7771.04
1665.302	7666.71
1669.783	7519.71
1674.259	7336.38
1678.732	7099.04
1683.199	6867.71
1687.663	6668.71
1692.122	6409.38
1696.577	6154.71
1701.028	5890.04
1705.474	5664.04
1709.917	5460.38
1714.355	5251.71
1718.788	5073.04
1723.218	4926.38
1727.643	4786.38
1732.064	4624.71
1736.481	4491.38
1740.893	4348.71
1745.301	4179.71
1749.705	4056.38
1754.105	3942.71
1758.501	3828.71
1762.893	3744.04
1767.28	3701.71
1771.663	3681.71
1776.042	3647.04
1780.417	3657.04
1784.787	3668.71
1789.154	3680.04
1793.516	3681.04
1797.874	3650.38
1802.228	3600.71
1806.578	3529.04
1810.924	3435.38
1815.266	3344.38
1819.603	3278.04
1823.937	3220.04
1828.266	3175.04
1832.591	3148.04
1836.913	3127.71
1841.23	3111.71
1845.543	3113.04
1849.852	3115.38
1854.156	3128.71
1858.457	3134.04
1862.754	3160.04
1867.047	3181.71
1871.335	3199.04
1875.62	3209.38
1879.9	3228.04
1884.177	3236.38
1888.449	3236.04
1892.718	3254.38
1896.982	3245.38
1901.243	3239.04
1905.499	3270.71
1909.752	3280.71
1914	3319.71
1918.245	3334.38
1922.485	3358.71
1926.722	3394.38
1930.954	3411.71
1935.183	3414.71
1939.408	3434.38
1943.628	3402.71
1947.845	3380.04
1952.058	3340.71
1956.267	3295.38
1960.472	3246.04
1964.673	3162.71
1968.87	3126.71
1973.063	3088.04
1977.252	3044.04
1981.438	3023.38
1985.619	3004.71
1989.797	2985.71
1993.971	2994.04
1998.14	3011.71
2002.306	3030.38
2006.469	3034.71
2010.627	3041.71
2014.781	3035.38
2018.932	3049.04
2023.078	3046.04
2027.221	3044.04
2031.36	3038.04
2035.495	3021.04
2039.627	3007.38
2043.754	2985.71
2047.878	3010.38
2051.998	3033.71
2056.114	3042.71
2060.226	3080.38
2064.334	3099.71
2068.439	3143.04
2072.54	3163.71
2076.637	3197.71
2080.73	3213.71
2084.82	3219.71
2088.906	3241.38
2092.988	3222.38
2097.066	3217.38
2101.14	3189.04
2105.211	3150.04
2109.278	3136.04
2113.342	3082.38
2117.401	3060.38
2121.457	3018.04
2125.509	2990.71
2129.558	2952.38
2133.602	2949.04
2137.643	2907.04
2141.681	2888.71
2145.714	2864.38
2149.744	2845.04
2153.77	2818.71
2157.793	2795.04
2161.812	2746.38
2165.827	2709.71
2169.838	2685.04
2173.846	2628.71
2177.851	2573.71
2181.851	2535.71
2185.848	2498.71
2189.841	2488.04
2193.831	2449.04
2197.817	2427.71
2201.799	2403.38
2205.778	2390.71
2209.753	2369.71
2213.725	2360.38
2217.693	2351.71
2221.657	2326.04
2225.618	2307.04
2229.575	2286.04
2233.529	2263.38
2237.479	2210.38
2241.425	2194.38
2245.368	2171.71
2249.307	2135.71
2253.243	2089.71
2257.175	2061.71
2261.104	2026.71
2265.029	2010.04
2268.95	1968.38
2272.868	1935.38
2276.783	1910.38
2280.694	1874.71
2284.601	1857.38
2288.505	1824.38
2292.405	1796.71
2296.302	1779.71
2300.195	1750.38
2304.085	1717.04
2307.971	1682.71
2311.854	1659.71
2315.734	1635.71
2319.609	1595.04
2323.482	1578.04
2327.351	1566.38
2331.216	1559.38
2335.078	1556.38
2338.937	1529.04
2342.792	1496.71
2346.643	1483.71
2350.492	1476.71
2354.336	1470.04
2358.178	1479.71
2362.015	1477.71
2365.85	1461.38
2369.681	1468.04
2373.508	1461.04
2377.333	1459.38
2381.153	1445.38
2384.971	1439.71
2388.785	1435.71
2392.595	1412.71
2396.402	1416.71
2400.206	1403.71
2404.007	1397.38
2407.804	1387.04
2411.597	1388.38
2415.388	1374.71
2419.174	1368.04
2422.958	1366.38
2426.738	1367.38
2430.515	1359.04
2434.289	1349.04
2438.059	1344.04
2441.825	1331.38
2445.589	1332.38
2449.349	1314.71
2453.106	1291.71
2456.859	1292.71
2460.61	1278.38
2464.356	1277.71
2468.1	1272.71
2471.84	1258.38
2475.577	1253.38
2479.311	1252.04
2483.041	1254.71
2486.768	1252.38
2490.492	1257.38
2494.213	1261.04
2497.93	1257.38
2501.644	1265.38
2505.355	1259.71
2509.062	1254.71
2512.766	1246.38
2516.467	1240.38
2520.165	1247.38
2523.859	1239.04
2527.551	1234.38
2531.239	1231.71
2534.923	1231.71
2538.605	1210.71
2542.283	1213.71
2545.958	1208.71
2549.63	1210.04
2553.299	1206.71
2556.964	1199.71
2560.626	1198.04
2564.285	1187.04
2567.941	1177.38
2571.594	1175.38
2575.243	1160.71
2578.89	1151.38
2582.533	1149.71
2586.173	1126.04
2589.809	1119.71
2593.443	1099.04
2597.073	1094.04
2600.701	1085.04
2604.325	1074.04
2607.946	1075.71
2611.564	1067.38
2615.178	1056.71
2618.79	1060.38
2622.398	1057.38
2626.004	1044.04
2629.606	1036.38
2633.205	1025.04
2636.801	1015.38
2640.394	1006.38
2643.983	1007.04
2647.57	996.71
2651.153	983.38
2654.734	983.71
2658.311	964.38
2661.885	968.38
2665.456	967.38
2669.025	960.38
2672.589	952.38
2676.151	958.38
2679.71	947.38
2683.266	944.38
2686.819	941.38
2690.368	944.38
2693.915	936.38
2697.458	937.04
2700.999	929.04
2704.536	929.71
2708.071	921.04
2711.602	920.38
2715.13	922.04
2718.656	929.38
2722.178	932.04
2725.697	939.71
2729.214	954.04
2732.727	960.04
2736.237	973.38
2739.744	991.38
2743.249	990.71
2746.75	997.04
2750.248	1004.71
2753.743	999.71
2757.236	995.04
2760.725	997.04
2764.211	990.38
2767.695	987.38
2771.175	986.71
2774.652	979.38
2778.127	978.38
2781.598	985.04
2785.067	987.04
2788.532	1007.04
2791.995	1011.04
2795.455	1014.71
2798.911	1032.04
2802.365	1043.38
2805.816	1064.38
2809.264	1063.71
2812.709	1080.38
2816.151	1095.04
2819.59	1100.38
2823.026	1109.71
2826.46	1120.38
2829.89	1126.71
2833.318	1146.71
2836.742	1147.38
2840.164	1159.04
2843.583	1173.38
2846.999	1186.04
2850.412	1207.71
2853.822	1226.71
2857.229	1238.71
2860.634	1249.04
2864.035	1263.38
2867.434	1277.04
2870.83	1299.38
2874.223	1318.38
2877.613	1328.04
2881	1341.38
2884.385	1358.38
2887.766	1362.04
2891.145	1366.04
2894.521	1386.71
2897.894	1406.71
2901.264	1419.04
2904.631	1434.38
2907.996	1448.04
2911.358	1477.04
2914.717	1491.71
2918.073	1531.04
2921.426	1553.38
2924.777	1575.71
2928.124	1603.04
2931.469	1642.38
2934.811	1676.04
2938.15	1719.04
2941.487	1750.71
2944.821	1782.04
2948.152	1822.38
2951.48	1849.04
2954.805	1884.38
2958.128	1921.71
2961.447	1959.71
2964.765	2005.71
2968.079	2050.38
2971.39	2107.71
2974.699	2158.38
2978.005	2214.71
2981.308	2280.04
2984.609	2340.04
2987.907	2407.04
2991.202	2476.38
2994.494	2536.71
2997.784	2601.71
3001.07	2675.71
3004.355	2730.38
3007.636	2800.71
3010.915	2864.38
3014.191	2903.04
3017.464	2965.71
3020.734	3009.04
3024.002	3064.04
3027.267	3128.38
3030.53	3184.71
3033.789	3237.38
3037.046	3321.71
3040.301	3395.04
3043.552	3464.38
3046.801	3574.71
3050.048	3647.71
3053.291	3784.04
3056.532	3874.38
3059.771	3999.04
3063.006	4126.71
3066.239	4253.04
3069.469	4370.71
3072.697	4502.04
3075.922	4632.71
3079.144	4743.04
3082.364	4850.71
3085.581	4992.38
3088.795	5116.71
3092.007	5225.71
3095.216	5363.04
3098.423	5480.71
3101.627	5609.04
3104.828	5723.71
3108.026	5838.38
3111.222	5969.38
3114.416	6117.04
3117.607	6256.71
3120.795	6414.71
3123.98	6536.04
3127.163	6702.38
3130.344	6842.38
3133.521	6993.38
3136.696	7162.04
3139.869	7268.38
3143.039	7408.71
3146.206	7516.04
3149.371	7597.71
3152.533	7698.38
3155.693	7770.71
3158.85	7813.38
3162.005	7867.71
3165.157	7917.38
3168.306	7952.04
3171.453	8006.04
3174.597	8012.04
3177.739	8042.71
3180.878	8085.38
3184.014	8122.71
3187.149	8138.38
3190.28	8179.04
3193.409	8211.04
3196.536	8248.38
3199.659	8285.71
3202.781	8323.71
3205.9	8369.71
3209.016	8358.38
3212.13	8398.38
3215.241	8355.04
3218.35	8323.04
3221.456	8269.04
3224.56	8222.71
3227.661	8169.71
3230.76	8123.38
3233.856	8075.71
3236.95	8004.38
3240.041	7983.38
3243.13	7947.04
3246.216	7915.04
3249.3	7860.04
3252.382	7825.38
3255.46	7815.71
3258.537	7788.38
3261.611	7773.38
3264.682	7740.71
3267.751	7723.71
3270.818	7682.71
3273.882	7669.38
3276.943	7595.38
3280.002	7545.38
3283.059	7490.04
3286.113	7376.38
3289.165	7282.71
3292.214	7207.71
3295.261	7084.71
3298.306	7005.04
3301.348	6910.38
3304.387	6818.71
3307.425	6726.71
3310.459	6645.04
3313.492	6587.71
3316.521	6505.38
3319.549	6457.71
3322.574	6402.04
3325.597	6358.38
3328.617	6321.38
3331.635	6300.04
3334.65	6278.04
3337.663	6253.04
3340.674	6209.71
3343.682	6206.71
3346.688	6210.38
3349.691	6167.04
3352.692	6163.04
3355.691	6122.04
3358.687	6084.38
3361.681	6029.71
3364.673	5965.04
3367.662	5908.38
3370.649	5859.71
3373.633	5780.71
3376.615	5745.04
3379.595	5693.71
3382.572	5612.38
3385.547	5541.38
3388.52	5482.04
3391.49	5449.04
3394.458	5380.04
3397.424	5337.71
3400.387	5271.04
3403.348	5229.38
3406.307	5201.04
3409.263	5152.04
3412.217	5107.71
3415.168	5066.71
3418.118	5039.71
3421.065	4989.38
3424.009	4921.71
3426.951	4897.04
3429.891	4803.71
3432.829	4754.71
3435.764	4681.38
3438.697	4595.04
3441.628	4528.04
3444.557	4404.71
3447.483	4319.71
3450.407	4229.38
3453.328	4146.04
3456.247	4052.38
3459.164	3954.04
3462.079	3876.71
3464.991	3790.38
3467.902	3701.38
3470.809	3606.38
3473.715	3529.71
3476.618	3456.71
3479.519	3363.71
3482.418	3312.71
3485.315	3238.04
3488.209	3176.04
3491.101	3098.04
3493.99	3038.04
3496.878	2972.38
3499.763	2906.38
3502.646	2841.71
3505.527	2764.38
3508.405	2691.71
3511.281	2671.04
3514.155	2550.71
3517.027	2456.71
3519.897	2370.71
3522.764	2296.38
3525.629	2214.38
3528.492	2136.38
3531.352	2051.71
3534.211	1976.38
3537.067	1914.04
3539.921	1838.04
3542.773	1777.04
3545.622	1712.04
3548.469	1647.38
3551.315	1598.71
3554.157	1541.04
3556.998	1491.71
3559.837	1442.38
3562.673	1401.38
3565.507	1359.04
3568.339	1325.04
3571.169	1288.04
3573.996	1242.04
3576.822	1199.38
3579.645	1162.04
3582.466	1112.71
3585.285	1080.04
3588.101	1043.04
3590.916	1006.71
3593.728	981.38
3596.538	940.71
3599.346	912.04
3602.152	869.71
3604.956	841.38
3607.757	802.71
3610.556	766.04
3613.354	750.71
3616.149	723.38
3618.942	692.04
3621.732	671.71
3624.521	653.38
3627.307	625.04
3630.092	613.71
3632.874	592.38
3635.654	570.71
3638.432	562.04
3641.208	531.71
3643.982	516.04
3646.753	498.38
3649.523	476.71
3652.29	460.38
3655.055	440.04
3657.818	424.71
3660.579	410.04
3663.338	393.71
3666.095	374.38
3668.849	359.71
3671.602	342.04
3674.352	326.38
3677.101	314.04
3679.847	291.71
3682.591	286.04
3685.333	277.38
3688.073	262.71
3690.811	257.04
3693.547	263.71
3696.281	246.04
3699.013	226.04
3701.742	219.04
3704.47	212.38
3707.195	204.71
3709.919	196.04
3712.64	183.04
3715.359	183.04
3718.076	177.71
3720.792	168.04
3723.505	164.38
3726.216	150.71
3728.925	153.38
3731.632	141.71
3734.336	143.38
3737.039	134.71
3739.74	132.38
3742.439	123.71
3745.136	119.38
3747.83	114.04
3750.523	117.71
3753.213	115.38
3755.902	107.04
3758.589	104.71
3761.273	106.38
3763.956	100.38
3766.636	93.38
3769.315	97.04
3771.991	88.04
3774.665	87.71
3777.338	81.04
3780.008	82.38
3782.677	82.04
3785.343	84.04
3788.007	75.38
3790.67	75.71
3793.33	75.38
3795.989	69.71
3798.645	70.04
3801.299	65.04
3803.952	67.71
3806.602	63.38
3809.251	66.04
3811.897	62.04
3814.542	58.71
3817.184	60.04
3819.825	57.04
3822.463	56.71
3825.1	55.71
3827.735	58.38
3830.367	55.38
3832.998	52.71
3835.627	53.04
3838.253	51.04
3840.878	48.71
3843.501	48.38
3846.122	45.04
3848.741	47.71
3851.358	44.71
3853.973	46.71
3856.586	44.04
3859.197	40.04
3861.806	42.38
3864.414	38.38
3867.019	43.38
3869.622	47.04
3872.224	54.38
3874.823	75.38
3877.421	86.71
3880.016	112.04
3882.61	135.04
3885.202	141.71
3887.792	123.04
3890.38	89.38
3892.966	37.71
3895.55	37.04
3898.132	39.04
3900.713	30.71
3903.291	31.71
3905.868	31.38
3908.442	28.04
3911.015	30.04
3913.586	31.71
3916.155	28.04
3918.722	23.38
3921.287	24.38
3923.85	24.38
3926.411	26.71
3928.971	26.04
3931.528	20.71
3934.084	26.04
3936.638	21.38
3939.19	23.04
3941.74	23.04
3944.288	26.04
3946.834	21.38
3949.378	22.04
3951.921	22.38
3954.462	23.04
3957	28.71
3959.537	29.04
3962.072	29.71
3964.606	26.38
3967.137	27.04
3969.667	26.38
3972.194	25.38
3974.72	29.71
3977.244	33.04
3979.766	34.38
3982.286	32.71
3984.805	35.04
3987.321	37.71
3989.836	34.71
3992.349	39.38
3994.86	41.04
3997.369	33.38
3999.877	36.04
4002.382	32.38
4004.886	33.04
4007.388	36.04
4009.888	35.04
4012.386	29.04
4014.883	37.38
4017.377	33.71
4019.87	29.04
4022.361	34.38
4024.85	34.04
4027.338	35.38
4029.823	35.04
4032.307	30.71
4034.789	28.71
4037.269	30.04
4039.747	27.38
4042.224	25.04
4044.699	32.71
4047.172	25.71
4049.643	26.04
4052.112	28.38
4054.58	24.04
4057.046	29.38
4059.51	24.71
4061.972	26.04
4064.432	28.71
4066.891	28.71
4069.348	25.71
4071.803	27.04
4074.256	26.38
4076.708	23.38
4079.158	28.04
4081.606	28.04
4084.052	28.04
4086.497	30.71
4088.939	26.71
4091.38	29.71
4093.819	29.71
4096.257	2.71
4098.693	-1.62
4101.127	-2.62
4103.559	1.04
4105.989	306.38
4108.418	309.38
4110.845	341.04
4113.27	368.71
4115.694	396.71
4118.115	459.04
4120.535	30.38
4122.954	30.04
4125.37	31.04
4127.785	26.71
4130.198	28.71
4132.609	28.71
4135.019	-1.62
4137.427	0.04
4139.833	3.04
4142.237	-0.96
