160.701	460.92
166.742	619.25
172.777	1082.25
178.805	2570.25
184.826	6278.92
190.841	12919.25
196.849	21091.92
202.85	27020.92
208.845	28760.58
214.833	27957.92
220.815	26775.92
226.789	25951.58
232.758	25217.92
238.719	24384.25
244.674	23459.92
250.623	22454.58
256.565	21400.92
262.5	20404.92
268.429	19492.58
274.351	18707.58
280.267	17957.58
286.176	17304.25
292.079	16760.25
297.975	16249.25
303.865	15751.92
309.748	15379.58
315.625	15031.25
321.495	14782.92
327.359	14591.58
333.217	14416.58
339.068	14317.92
344.912	14260.92
350.751	14213.92
356.583	14188.25
362.408	14144.58
368.227	14170.25
374.04	14303.58
379.847	14435.92
385.647	14597.25
391.44	14572.92
397.228	14484.92
403.009	14534.92
408.784	14719.25
414.553	15100.58
420.315	15605.92
426.071	15737.25
431.821	15255.92
437.565	14720.25
443.302	14560.92
449.033	14414.25
454.758	14327.58
460.477	14221.58
466.189	14136.92
471.896	14030.58
477.596	13925.25
483.29	13798.25
488.978	13735.25
494.66	13657.58
500.335	13466.25
506.005	13207.92
511.668	12934.58
517.325	12689.25
522.977	12452.25
528.622	12274.92
534.261	12115.25
539.894	11970.58
545.521	11848.58
551.141	11745.58
556.756	11672.25
562.365	11602.58
567.968	11486.58
573.565	11411.25
579.155	11319.58
584.74	11239.58
590.319	11133.58
595.892	11016.58
601.459	10954.58
607.02	10858.25
612.575	10739.58
618.124	10594.58
623.667	10503.58
629.204	10393.25
634.735	10348.25
640.261	10371.25
645.781	10443.58
651.294	10462.58
656.802	10325.58
662.304	10074.92
667.8	9952.92
673.29	9852.25
678.775	9758.25
684.254	9686.58
689.726	9653.92
695.193	9580.92
700.655	9467.25
706.11	9377.25
711.56	9285.25
717.004	9210.58
722.442	9106.92
727.874	9065.25
733.301	9008.25
738.722	8960.92
744.137	8920.92
749.547	8930.92
754.951	8913.58
760.349	8859.58
765.741	8782.58
771.128	8706.25
776.509	8681.58
781.885	8645.58
787.254	8609.25
792.618	8543.25
797.977	8456.92
803.33	8349.58
808.677	8261.58
814.019	8147.92
819.355	8056.58
824.686	7961.92
830.011	7876.58
835.33	7793.25
840.644	7743.25
845.952	7670.25
851.255	7630.92
856.552	7555.58
861.844	7490.58
867.13	7403.25
872.41	7330.25
877.686	7234.25
882.955	7117.58
888.219	6985.25
893.478	6903.92
898.731	6756.92
903.979	6639.92
909.221	6571.25
914.458	6517.25
919.69	6461.58
924.916	6431.25
930.136	6397.58
935.351	6366.58
940.561	6355.58
945.766	6325.92
950.965	6250.25
956.158	6206.58
961.347	6121.92
966.529	6026.25
971.707	5935.92
976.879	5853.25
982.046	5774.25
987.208	5737.92
992.364	5731.92
997.515	5738.58
1002.66	5753.25
1007.801	5782.58
1012.936	5839.92
1018.066	5858.58
1023.19	5876.92
1028.309	5870.58
1033.423	5838.92
1038.532	5821.92
1043.636	5773.92
1048.734	5719.92
1053.827	5638.92
1058.915	5597.58
1063.998	5565.92
1069.075	5532.25
1074.147	5525.92
1079.214	5554.25
1084.276	5580.58
1089.333	5602.58
1094.385	5630.58
1099.431	5642.92
1104.472	5634.92
1109.509	5586.25
1114.54	5534.92
1119.565	5477.92
1124.586	5417.58
1129.602	5353.92
1134.613	5311.25
1139.618	5294.92
1144.619	5287.58
1149.614	5298.92
1154.604	5337.25
1159.589	5339.92
1164.57	5360.92
1169.545	5364.25
1174.515	5372.25
1179.48	5333.58
1184.44	5314.92
1189.395	5248.25
1194.345	5217.92
1199.29	5202.58
1204.23	5211.92
1209.165	5237.58
1214.095	5265.92
1219.021	5275.25
1223.941	5311.25
1228.856	5348.92
1233.766	5346.58
1238.672	5346.58
1243.572	5330.92
1248.467	5299.25
1253.358	5245.92
1258.244	5167.25
1263.124	5083.92
1268	5007.58
1272.871	4957.92
1277.737	4912.58
1282.599	4899.25
1287.455	4910.58
1292.306	4920.58
1297.153	4949.58
1301.995	4988.25
1306.832	4996.92
1311.664	5022.92
1316.491	5001.25
1321.314	4993.58
1326.132	4942.25
1330.945	4917.25
1335.753	4875.92
1340.556	4816.58
1345.354	4796.25
1350.148	4747.25
1354.937	4715.58
1359.722	4667.25
1364.501	4615.25
1369.276	4554.25
1374.046	4492.92
1378.811	4463.58
1383.572	4419.58
1388.327	4391.25
1393.079	4369.25
1397.825	4323.25
1402.567	4294.58
1407.304	4259.58
1412.036	4261.92
1416.764	4241.25
1421.487	4266.92
1426.205	4279.58
1430.919	4297.58
1435.628	4349.58
1440.333	4394.25
1445.032	4420.92
1449.727	4456.92
1454.418	4470.25
1459.104	4462.92
1463.785	4462.92
1468.462	4428.92
1473.134	4429.25
1477.802	4411.58
1482.465	4424.92
1487.123	4422.25
1491.777	4430.58
1496.426	4492.58
1501.071	4518.58
1505.711	4558.58
1510.347	4606.25
1514.978	4626.92
1519.604	4641.25
1524.226	4629.58
1528.844	4621.25
1533.457	4582.25
1538.065	4577.58
1542.669	4561.25
1547.269	4584.92
1551.864	4593.25
1556.454	4656.25
1561.041	4728.92
1565.622	4759.25
1570.199	4841.92
1574.772	4942.58
1579.34	5086.58
1583.904	5192.92
1588.464	5323.58
1593.019	5427.25
1597.569	5558.25
1602.115	5645.58
1606.657	5736.58
1611.195	5845.58
1615.728	5931.25
1620.256	6059.25
1624.78	6203.25
1629.3	6323.92
1633.816	6433.92
1638.327	6546.92
1642.834	6634.92
1647.336	6697.92
1651.834	6708.25
1656.328	6678.25
1660.817	6631.25
1665.302	6513.58
1669.783	6354.58
1674.259	6172.25
1678.732	5995.58
1683.199	5781.58
1687.663	5584.25
1692.122	5335.25
1696.577	5086.92
1701.028	4834.25
1705.474	4580.92
1709.917	4362.92
1714.355	4202.58
1718.788	4052.58
1723.218	3945.25
1727.643	3826.92
1732.064	3702.25
1736.481	3583.25
1740.893	3459.92
1745.301	3345.58
1749.705	3231.58
1754.105	3124.92
1758.501	3036.58
1762.893	2971.58
1767.28	2915.25
1771.663	2889.25
1776.042	2849.92
1780.417	2856.58
1784.787	2854.58
1789.154	2864.58
1793.516	2821.92
1797.874	2795.25
1802.228	2753.25
1806.578	2675.58
1810.924	2598.92
1815.266	2562.92
1819.603	2495.92
1823.937	2479.58
1828.266	2452.58
1832.591	2447.92
1836.913	2441.25
1841.23	2434.25
1845.543	2462.25
1849.852	2449.58
1854.156	2459.92
1858.457	2472.58
1862.754	2489.58
1867.047	2500.58
1871.335	2523.92
1875.62	2514.92
1879.9	2532.92
1884.177	2537.92
1888.449	2540.92
1892.718	2529.25
1896.982	2541.58
1901.243	2542.92
1905.499	2541.25
1909.752	2547.92
1914	2556.25
1918.245	2570.92
1922.485	2581.25
1926.722	2603.25
1930.954	2600.25
1935.183	2602.58
1939.408	2611.92
1943.628	2597.58
1947.845	2580.92
1952.058	2547.92
1956.267	2512.92
1960.472	2490.25
1964.673	2439.25
1968.87	2410.92
1973.063	2398.25
1977.252	2379.25
1981.438	2376.92
1985.619	2376.92
1989.797	2368.92
1993.971	2380.92
1998.14	2385.25
2002.306	2414.25
2006.469	2427.92
2010.627	2436.92
2014.781	2461.25
2018.932	2469.25
2023.078	2474.58
2027.221	2472.25
2031.36	2456.92
2035.495	2461.25
2039.627	2452.25
2043.754	2461.25
2047.878	2445.58
2051.998	2449.25
2056.114	2486.92
2060.226	2494.92
2064.334	2520.25
2068.439	2544.92
2072.54	2554.92
2076.637	2606.58
2080.73	2614.58
2084.82	2613.92
2088.906	2626.92
2092.988	2628.58
2097.066	2601.58
2101.14	2589.25
2105.211	2561.92
2109.278	2540.58
2113.342	2513.25
2117.401	2485.25
2121.457	2462.92
2125.509	2444.25
2129.558	2430.92
2133.602	2395.58
2137.643	2378.92
2141.681	2374.92
2145.714	2359.25
2149.744	2341.25
2153.77	2324.92
2157.793	2305.58
2161.812	2285.25
2165.827	2257.58
2169.838	2220.58
2173.846	2189.92
2177.851	2148.58
2181.851	2115.92
2185.848	2093.25
2189.841	2077.58
2193.831	2052.58
2197.817	2038.58
2201.799	2016.25
2205.778	2022.92
2209.753	1999.58
2213.725	1995.25
2217.693	1984.25
2221.657	1967.58
2225.618	1954.58
2229.575	1929.58
2233.529	1914.25
2237.479	1870.92
2241.425	1859.25
2245.368	1835.92
2249.307	1815.58
2253.243	1782.58
2257.175	1748.58
2261.104	1725.92
2265.029	1698.58
2268.95	1685.92
2272.868	1650.25
2276.783	1630.58
2280.694	1610.58
2284.601	1586.92
2288.505	1570.25
2292.405	1548.92
2296.302	1527.92
2300.195	1503.58
2304.085	1482.58
2307.971	1472.58
2311.854	1433.58
2315.734	1419.25
2319.609	1392.92
2323.482	1376.92
2327.351	1365.25
2331.216	1369.25
2335.078	1362.92
2338.937	1346.25
2342.792	1322.92
2346.643	1314.25
2350.492	1311.58
2354.336	1307.25
2358.178	1307.58
2362.015	1307.92
2365.85	1309.25
2369.681	1298.25
2373.508	1305.58
2377.333	1302.92
2381.153	1300.92
2384.971	1291.58
2388.785	1280.25
2392.595	1274.92
2396.402	1270.25
2400.206	1259.25
2404.007	1254.58
2407.804	1251.25
2411.597	1248.58
2415.388	1241.92
2419.174	1236.58
2422.958	1232.92
2426.738	1225.92
2430.515	1229.58
2434.289	1217.25
2438.059	1210.25
2441.825	1216.25
2445.589	1197.25
2449.349	1174.58
2453.106	1185.92
2456.859	1167.92
2460.61	1161.58
2464.356	1148.92
2468.1	1152.25
2471.84	1137.58
2475.577	1135.92
2479.311	1141.58
2483.041	1142.58
2486.768	1137.58
2490.492	1135.58
2494.213	1139.92
2497.93	1133.58
2501.644	1141.58
2505.355	1134.92
2509.062	1132.92
2512.766	1135.25
2516.467	1135.92
2520.165	1126.58
2523.859	1123.92
2527.551	1119.58
2531.239	1108.25
2534.923	1115.25
2538.605	1103.58
2542.283	1105.58
2545.958	1094.92
2549.63	1090.58
2553.299	1091.25
2556.964	1084.25
2560.626	1074.25
2564.285	1076.92
2567.941	1065.58
2571.594	1050.58
2575.243	1059.58
2578.89	1042.58
2582.533	1046.58
2586.173	1030.25
2589.809	1007.92
2593.443	1001.25
2597.073	993.58
2600.701	987.58
2604.325	978.58
2607.946	973.25
2611.564	971.58
2615.178	964.25
2618.79	957.58
2622.398	965.58
2626.004	953.25
2629.606	943.25
2633.205	934.58
2636.801	929.58
2640.394	922.25
2643.983	910.25
2647.57	910.58
2651.153	902.25
2654.734	894.25
2658.311	896.58
2661.885	891.92
2665.456	888.58
2669.025	887.25
2672.589	890.58
2676.151	880.58
2679.71	873.58
2683.266	878.25
2686.819	868.58
2690.368	877.92
2693.915	866.92
2697.458	861.58
2700.999	860.58
2704.536	861.92
2708.071	858.92
2711.602	845.92
2715.13	850.25
2718.656	850.58
2722.178	857.25
2725.697	862.92
2729.214	865.92
2732.727	878.92
2736.237	887.92
2739.744	900.25
2743.249	894.25
2746.75	906.25
2750.248	914.92
2753.743	901.25
2757.236	897.92
2760.725	892.58
2764.211	880.25
2767.695	880.58
2771.175	872.58
2774.652	870.25
2778.127	867.92
2781.598	877.92
2785.067	887.25
2788.532	891.58
2791.995	904.58
2795.455	905.92
2798.911	921.25
2802.365	945.25
2805.816	947.25
2809.264	962.92
2812.709	972.92
2816.151	988.92
2819.59	987.92
2823.026	996.92
2826.46	1008.58
2829.89	1014.25
2833.318	1027.58
2836.742	1036.92
2840.164	1040.58
2843.583	1062.92
2846.999	1071.25
2850.412	1085.25
2853.822	1110.58
2857.229	1128.25
2860.634	1141.58
2864.035	1145.92
2867.434	1155.25
2870.83	1170.25
2874.223	1196.92
2877.613	1199.92
2881	1212.58
2884.385	1225.92
2887.766	1239.25
2891.145	1249.92
2894.521	1255.92
2897.894	1275.25
2901.264	1289.92
2904.631	1304.58
2907.996	1321.25
2911.358	1341.92
2914.717	1359.92
2918.073	1386.58
2921.426	1422.92
2924.777	1436.25
2928.124	1465.25
2931.469	1496.25
2934.811	1529.92
2938.15	1569.92
2941.487	1601.25
2944.821	1631.58
2948.152	1672.92
2951.48	1691.25
2954.805	1723.92
2958.128	1746.58
2961.447	1793.58
2964.765	1828.25
2968.079	1874.58
2971.39	1922.58
2974.699	1973.92
2978.005	2026.58
2981.308	2090.25
2984.609	2131.58
2987.907	2206.58
2991.202	2254.25
2994.494	2320.92
2997.784	2380.25
3001.07	2433.58
3004.355	2488.92
3007.636	2556.25
3010.915	2613.58
3014.191	2644.25
3017.464	2705.25
3020.734	2739.25
3024.002	2779.92
3027.267	2850.58
3030.53	2891.25
3033.789	2960.92
3037.046	3025.25
3040.301	3112.92
3043.552	3171.25
3046.801	3261.58
3050.048	3350.25
3053.291	3449.58
3056.532	3553.25
3059.771	3650.58
3063.006	3776.92
3066.239	3896.25
3069.469	4001.92
3072.697	4127.92
3075.922	4235.58
3079.144	4349.25
3082.364	4453.92
3085.581	4573.25
3088.795	4672.25
3092.007	4793.58
3095.216	4894.25
3098.423	5009.92
3101.627	5124.58
3104.828	5232.58
3108.026	5360.58
3111.222	5476.92
3114.416	5617.25
3117.607	5725.58
3120.795	5862.25
3123.98	6001.58
3127.163	6134.25
3130.344	6278.25
3133.521	6394.58
3136.696	6541.92
3139.869	6664.92
3143.039	6782.25
3146.206	6903.25
3149.371	6978.58
3152.533	7031.92
3155.693	7111.92
3158.85	7143.92
3162.005	7203.58
3165.157	7238.58
3168.306	7278.92
3171.453	7296.92
3174.597	7340.92
3177.739	7358.92
3180.878	7386.25
3184.014	7416.92
3187.149	7434.25
3190.28	7468.25
3193.409	7500.92
3196.536	7518.58
3199.659	7577.58
3202.781	7569.58
3205.9	7596.92
3209.016	7632.92
3212.13	7613.92
3215.241	7584.92
3218.35	7568.58
3221.456	7512.92
3224.56	7487.58
3227.661	7451.25
3230.76	7361.92
3233.856	7337.58
3236.95	7276.25
3240.041	7229.92
3243.13	7208.58
3246.216	7176.25
3249.3	7141.58
3252.382	7115.25
3255.46	7088.58
3258.537	7048.25
3261.611	7031.25
3264.682	7019.58
3267.751	6975.58
3270.818	6973.92
3273.882	6925.25
3276.943	6880.92
3280.002	6826.58
3283.059	6751.92
3286.113	6691.25
3289.165	6607.25
3292.214	6524.25
3295.261	6416.58
3298.306	6344.58
3301.348	6237.58
3304.387	6172.25
3307.425	6099.58
3310.459	6026.58
3313.492	5968.92
3316.521	5909.92
3319.549	5866.25
3322.574	5832.58
3325.597	5796.25
3328.617	5742.92
3331.635	5720.25
3334.65	5688.25
3337.663	5660.25
3340.674	5667.25
3343.682	5650.58
3346.688	5634.92
3349.691	5610.58
3352.692	5594.25
3355.691	5563.92
3358.687	5525.58
3361.681	5482.25
3364.673	5444.25
3367.662	5368.58
3370.649	5310.92
3373.633	5269.58
3376.615	5219.25
3379.595	5158.92
3382.572	5099.58
3385.547	5044.58
3388.52	5010.92
3391.49	4947.92
3394.458	4886.92
3397.424	4839.25
3400.387	4794.25
3403.348	4747.92
3406.307	4714.92
3409.263	4689.25
3412.217	4635.92
3415.168	4614.58
3418.118	4559.25
3421.065	4540.25
3424.009	4490.58
3426.951	4432.92
3429.891	4390.25
3432.829	4291.25
3435.764	4243.58
3438.697	4190.58
3441.628	4100.25
3444.557	4012.58
3447.483	3926.58
3450.407	3846.92
3453.328	3757.92
3456.247	3669.58
3459.164	3599.58
3462.079	3518.92
3464.991	3429.92
3467.902	3343.92
3470.809	3265.58
3473.715	3188.25
3476.618	3116.92
3479.519	3057.58
3482.418	2990.58
3485.315	2933.92
3488.209	2867.92
3491.101	2798.58
3493.99	2753.58
3496.878	2695.58
3499.763	2628.92
3502.646	2569.25
3505.527	2506.58
3508.405	2430.58
3511.281	2365.92
3514.155	2283.92
3517.027	2222.58
3519.897	2144.25
3522.764	2080.25
3525.629	2004.92
3528.492	1929.25
3531.352	1850.92
3534.211	1791.92
3537.067	1717.25
3539.921	1666.92
3542.773	1597.92
3545.622	1543.25
3548.469	1493.92
3551.315	1446.58
3554.157	1387.25
3556.998	1360.58
3559.837	1297.58
3562.673	1274.25
3565.507	1236.25
3568.339	1184.58
3571.169	1147.58
3573.996	1122.92
3576.822	1086.25
3579.645	1039.58
3582.466	1012.25
3585.285	972.25
3588.101	949.58
3590.916	904.58
3593.728	879.58
3596.538	850.58
3599.346	814.92
3602.152	780.58
3604.956	749.92
3607.757	715.25
3610.556	700.25
3613.354	675.58
3616.149	655.25
3618.942	625.58
3621.732	606.25
3624.521	590.92
3627.307	566.92
3630.092	557.92
3632.874	533.92
3635.654	509.92
3638.432	502.92
3641.208	484.25
3643.982	465.25
3646.753	448.58
3649.523	430.58
3652.29	417.92
3655.055	401.92
3657.818	386.92
3660.579	367.92
3663.338	351.25
3666.095	340.58
3668.849	326.58
3671.602	309.25
3674.352	302.25
3677.101	287.58
3679.847	272.92
3682.591	261.58
3685.333	248.92
3688.073	237.92
3690.811	234.58
3693.547	228.58
3696.281	216.25
3699.013	202.92
3701.742	198.92
3704.47	188.58
3707.195	185.25
3709.919	170.25
3712.64	169.92
3715.359	164.92
3718.076	160.25
3720.792	149.92
3723.505	144.92
3726.216	140.58
3728.925	139.58
3731.632	133.92
3734.336	129.92
3737.039	120.92
3739.74	117.92
3742.439	112.92
3745.136	111.92
3747.83	105.92
3750.523	104.92
3753.213	101.58
3755.902	98.92
3758.589	91.25
3761.273	95.58
3763.956	90.25
3766.636	88.58
3769.315	89.25
3771.991	82.58
3774.665	79.25
3777.338	77.58
3780.008	77.25
3782.677	80.58
3785.343	72.25
3788.007	71.58
3790.67	71.25
3793.33	67.58
3795.989	64.25
3798.645	64.58
3801.299	63.25
3803.952	63.25
3806.602	59.58
3809.251	60.25
3811.897	54.92
3814.542	57.58
3817.184	57.92
3819.825	50.58
3822.463	55.58
3825.1	49.58
3827.735	49.58
3830.367	48.25
3832.998	43.92
3835.627	47.92
3838.253	48.92
3840.878	36.92
3843.501	43.92
3846.122	41.25
3848.741	44.92
3851.358	42.58
3853.973	41.25
3856.586	39.92
3859.197	39.25
3861.806	40.92
3864.414	34.25
3867.019	41.92
3869.622	41.58
3872.224	48.92
3874.823	58.58
3877.421	73.25
3880.016	89.58
3882.61	110.92
3885.202	119.58
3887.792	102.58
3890.38	69.58
3892.966	22.25
3895.55	23.92
3898.132	30.92
3900.713	28.58
3903.291	28.25
3905.868	32.25
3908.442	23.58
3911.015	29.92
3913.586	28.58
3916.155	24.92
3918.722	20.92
3921.287	24.58
3923.85	23.92
3926.411	22.92
3928.971	19.58
3931.528	23.58
3934.084	22.25
3936.638	22.25
3939.19	18.25
3941.74	17.92
3944.288	24.58
3946.834	21.92
3949.378	20.25
3951.921	20.25
3954.462	21.92
3957	24.58
3959.537	21.58
3962.072	25.58
3964.606	22.92
3967.137	24.92
3969.667	23.25
3972.194	22.58
3974.72	23.58
3977.244	25.25
3979.766	30.92
3982.286	27.92
3984.805	32.25
3987.321	34.25
3989.836	33.58
3992.349	36.25
3994.86	32.58
3997.369	29.58
3999.877	34.25
4002.382	30.92
4004.886	33.92
4007.388	32.92
4009.888	30.92
4012.386	29.58
4014.883	32.58
4017.377	29.92
4019.87	29.58
4022.361	29.25
4024.85	28.58
4027.338	30.25
4029.823	30.92
4032.307	26.92
4034.789	28.25
4037.269	25.58
4039.747	23.25
4042.224	22.92
4044.699	25.92
4047.172	21.58
4049.643	25.92
4052.112	26.58
4054.58	21.25
4057.046	23.25
4059.51	23.25
4061.972	22.58
4064.432	22.92
4066.891	25.92
4069.348	23.58
4071.803	21.25
4074.256	22.58
4076.708	24.92
4079.158	24.92
4081.606	23.92
4084.052	23.58
4086.497	28.25
4088.939	22.25
4091.38	27.92
4093.819	30.58
4096.257	5.58
4098.693	-1.08
4101.127	-2.08
4103.559	-0.08
4105.989	247.92
4108.418	257.25
4110.845	284.92
4113.27	305.25
4115.694	335.58
4118.115	392.58
4120.535	25.58
4122.954	23.92
4125.37	25.25
4127.785	24.25
4130.198	22.58
4132.609	26.92
4135.019	-2.08
4137.427	-1.42
4139.833	0.58
4142.237	0.58
