160.701	499.92
166.742	679.58
172.777	1173.58
178.805	2764.25
184.826	6751.58
190.841	13915.92
196.849	22657.92
202.85	28963.58
208.845	30870.25
214.833	30070.92
220.815	28871.92
226.789	27998.25
232.758	27281.58
238.719	26470.25
244.674	25497.92
250.623	24487.92
256.565	23434.58
262.5	22347.92
268.429	21402.25
274.351	20599.92
280.267	19830.58
286.176	19221.58
292.079	18656.25
297.975	18132.58
303.865	17651.58
309.748	17233.92
315.625	16848.25
321.495	16566.92
327.359	16379.92
333.217	16194.25
339.068	16107.92
344.912	16009.58
350.751	15976.58
356.583	15972.58
362.408	15919.58
368.227	15978.58
374.04	16067.25
379.847	16305.58
385.647	16449.25
391.44	16438.25
397.228	16343.58
403.009	16350.58
408.784	16524.25
414.553	16971.58
420.315	17503.58
426.071	17645.25
431.821	17129.25
437.565	16561.25
443.302	16343.58
449.033	16231.25
454.758	16088.25
460.477	16005.58
466.189	15932.25
471.896	15797.92
477.596	15711.92
483.29	15596.92
488.978	15528.92
494.66	15407.58
500.335	15197.58
506.005	14978.25
511.668	14670.58
517.325	14390.92
522.977	14166.58
528.622	14004.58
534.261	13822.25
539.894	13679.58
545.521	13555.58
551.141	13482.25
556.756	13385.92
562.365	13286.58
567.968	13220.92
573.565	13096.58
579.155	13029.58
584.74	12938.58
590.319	12806.92
595.892	12705.92
601.459	12607.25
607.02	12504.58
612.575	12392.25
618.124	12234.25
623.667	12106.92
629.204	12036.25
634.735	11956.92
640.261	12000.58
645.781	12055.58
651.294	12094.25
656.802	11938.58
662.304	11666.58
667.8	11501.92
673.29	11415.25
678.775	11332.58
684.254	11255.92
689.726	11177.25
695.193	11074.58
700.655	11003.92
706.11	10909.25
711.56	10837.92
717.004	10729.92
722.442	10662.25
727.874	10659.92
733.301	10688.58
738.722	10681.92
744.137	10607.92
749.547	10509.92
754.951	10424.25
760.349	10352.25
765.741	10233.92
771.128	10162.25
776.509	10122.92
781.885	10061.92
787.254	9992.92
792.618	9953.58
797.977	9893.25
803.33	9757.58
808.677	9649.92
814.019	9548.92
819.355	9434.58
824.686	9307.25
830.011	9250.58
835.33	9147.25
840.644	9086.92
845.952	9029.92
851.255	8966.25
856.552	8905.25
861.844	8820.25
867.13	8786.25
872.41	8671.58
877.686	8564.25
882.955	8443.58
888.219	8313.92
893.478	8177.58
898.731	8032.25
903.979	7949.25
909.221	7835.92
914.458	7764.92
919.69	7705.92
924.916	7677.25
930.136	7649.92
935.351	7632.58
940.561	7603.25
945.766	7553.25
950.965	7518.92
956.158	7443.25
961.347	7347.92
966.529	7244.25
971.707	7129.92
976.879	7045.58
982.046	6948.92
987.208	6894.58
992.364	6901.25
997.515	6883.25
1002.66	6925.92
1007.801	6964.92
1012.936	7032.58
1018.066	7061.92
1023.19	7085.25
1028.309	7083.92
1033.423	7044.58
1038.532	7006.25
1043.636	6947.58
1048.734	6877.58
1053.827	6791.58
1058.915	6718.25
1063.998	6672.58
1069.075	6673.58
1074.147	6647.25
1079.214	6667.25
1084.276	6694.58
1089.333	6720.92
1094.385	6754.92
1099.431	6777.58
1104.472	6768.25
1109.509	6741.58
1114.54	6670.92
1119.565	6584.92
1124.586	6510.25
1129.602	6448.25
1134.613	6400.92
1139.618	6390.92
1144.619	6372.25
1149.614	6378.58
1154.604	6404.25
1159.589	6419.58
1164.57	6450.92
1169.545	6450.92
1174.515	6479.58
1179.48	6427.25
1184.44	6396.25
1189.395	6341.25
1194.345	6308.25
1199.29	6302.25
1204.23	6262.58
1209.165	6318.58
1214.095	6344.58
1219.021	6397.25
1223.941	6433.25
1228.856	6459.92
1233.766	6472.58
1238.672	6466.25
1243.572	6444.58
1248.467	6393.92
1253.358	6321.92
1258.244	6232.25
1263.124	6129.58
1268	6068.92
1272.871	5989.58
1277.737	5935.25
1282.599	5926.92
1287.455	5947.25
1292.306	5962.92
1297.153	6002.58
1301.995	6050.58
1306.832	6078.58
1311.664	6089.58
1316.491	6071.92
1321.314	6045.92
1326.132	6018.92
1330.945	5950.58
1335.753	5883.25
1340.556	5839.25
1345.354	5801.25
1350.148	5737.58
1354.937	5692.58
1359.722	5667.25
1364.501	5592.58
1369.276	5576.92
1374.046	5507.58
1378.811	5485.58
1383.572	5450.58
1388.327	5393.92
1393.079	5331.92
1397.825	5272.58
1402.567	5219.92
1407.304	5181.25
1412.036	5156.58
1416.764	5147.92
1421.487	5157.58
1426.205	5165.58
1430.919	5214.58
1435.628	5257.25
1440.333	5301.58
1445.032	5328.25
1449.727	5375.92
1454.418	5392.58
1459.104	5393.25
1463.785	5388.25
1468.462	5372.92
1473.134	5321.92
1477.802	5327.92
1482.465	5327.58
1487.123	5325.58
1491.777	5372.25
1496.426	5414.92
1501.071	5470.58
1505.711	5498.25
1510.347	5557.25
1514.978	5584.58
1519.604	5598.58
1524.226	5602.25
1528.844	5546.58
1533.457	5516.25
1538.065	5506.58
1542.669	5485.58
1547.269	5467.25
1551.864	5450.58
1556.454	5522.25
1561.041	5569.92
1565.622	5634.25
1570.199	5718.25
1574.772	5802.92
1579.34	5944.58
1583.904	6080.92
1588.464	6211.92
1593.019	6315.58
1597.569	6454.58
1602.115	6534.92
1606.657	6613.92
1611.195	6722.25
1615.728	6826.25
1620.256	6932.58
1624.78	7056.92
1629.3	7197.92
1633.816	7329.58
1638.327	7430.92
1642.834	7536.58
1647.336	7594.25
1651.834	7651.92
1656.328	7632.25
1660.817	7547.25
1665.302	7455.58
1669.783	7284.58
1674.259	7108.58
1678.732	6888.92
1683.199	6660.58
1687.663	6454.92
1692.122	6196.25
1696.577	5926.58
1701.028	5650.58
1705.474	5411.92
1709.917	5176.58
1714.355	5007.58
1718.788	4828.58
1723.218	4713.92
1727.643	4581.25
1732.064	4463.92
1736.481	4334.58
1740.893	4198.58
1745.301	4059.92
1749.705	3918.25
1754.105	3808.58
1758.501	3712.58
1762.893	3633.58
1767.28	3566.58
1771.663	3536.58
1776.042	3502.58
1780.417	3507.58
1784.787	3503.92
1789.154	3517.92
1793.516	3502.58
1797.874	3468.58
1802.228	3400.25
1806.578	3326.92
1810.924	3237.92
1815.266	3170.58
1819.603	3104.58
1823.937	3063.92
1828.266	3045.58
1832.591	3024.92
1836.913	2998.58
1841.23	2991.58
1845.543	3009.58
1849.852	3014.25
1854.156	3030.58
1858.457	3040.92
1862.754	3054.25
1867.047	3070.92
1871.335	3104.92
1875.62	3104.58
1879.9	3121.92
1884.177	3131.92
1888.449	3123.92
1892.718	3131.92
1896.982	3124.92
1901.243	3124.25
1905.499	3112.58
1909.752	3130.25
1914	3145.92
1918.245	3149.92
1922.485	3173.25
1926.722	3174.58
1930.954	3218.92
1935.183	3211.92
1939.408	3201.58
1943.628	3183.92
1947.845	3171.58
1952.058	3132.92
1956.267	3088.58
1960.472	3048.58
1964.673	2983.58
1968.87	2952.92
1973.063	2901.58
1977.252	2874.58
1981.438	2863.58
1985.619	2845.92
1989.797	2856.25
1993.971	2850.58
1998.14	2868.92
2002.306	2876.58
2006.469	2897.25
2010.627	2901.58
2014.781	2917.25
2018.932	2922.25
2023.078	2925.58
2027.221	2917.25
2031.36	2899.58
2035.495	2880.58
2039.627	2878.58
2043.754	2872.25
2047.878	2879.25
2051.998	2891.92
2056.114	2898.58
2060.226	2935.92
2064.334	2950.58
2068.439	2971.58
2072.54	3005.25
2076.637	3037.25
2080.73	3045.58
2084.82	3059.92
2088.906	3067.25
2092.988	3062.58
2097.066	3045.58
2101.14	3015.58
2105.211	2990.58
2109.278	2949.92
2113.342	2938.25
2117.401	2894.92
2121.457	2873.58
2125.509	2818.58
2129.558	2814.92
2133.602	2794.58
2137.643	2764.92
2141.681	2749.92
2145.714	2735.92
2149.744	2701.92
2153.77	2683.25
2157.793	2674.25
2161.812	2626.25
2165.827	2589.92
2169.838	2568.25
2173.846	2529.92
2177.851	2469.92
2181.851	2442.25
2185.848	2405.92
2189.841	2390.92
2193.831	2358.92
2197.817	2340.25
2201.799	2322.25
2205.778	2300.58
2209.753	2290.25
2213.725	2281.58
2217.693	2269.58
2221.657	2254.92
2225.618	2234.58
2229.575	2207.92
2233.529	2190.92
2237.479	2146.58
2241.425	2118.25
2245.368	2099.25
2249.307	2067.25
2253.243	2032.25
2257.175	1993.58
2261.104	1967.92
2265.029	1938.58
2268.95	1915.25
2272.868	1882.25
2276.783	1851.92
2280.694	1827.58
2284.601	1805.25
2288.505	1777.25
2292.405	1755.58
2296.302	1733.58
2300.195	1700.92
2304.085	1680.25
2307.971	1649.58
2311.854	1639.58
2315.734	1610.25
2319.609	1579.25
2323.482	1552.92
2327.351	1539.58
2331.216	1541.92
2335.078	1534.92
2338.937	1506.92
2342.792	1476.25
2346.643	1476.92
2350.492	1469.25
2354.336	1464.58
2358.178	1470.92
2362.015	1465.58
2365.85	1464.58
2369.681	1471.25
2373.508	1470.92
2377.333	1458.25
2381.153	1457.92
2384.971	1452.25
2388.785	1437.58
2392.595	1432.25
2396.402	1424.92
2400.206	1418.92
2404.007	1402.92
2407.804	1402.58
2411.597	1393.92
2415.388	1397.92
2419.174	1386.25
2422.958	1370.25
2426.738	1372.25
2430.515	1364.25
2434.289	1359.92
2438.059	1354.58
2441.825	1340.25
2445.589	1328.92
2449.349	1331.25
2453.106	1309.58
2456.859	1300.58
2460.61	1287.25
2464.356	1284.25
2468.1	1273.25
2471.84	1272.92
2475.577	1264.58
2479.311	1256.92
2483.041	1261.92
2486.768	1258.92
2490.492	1263.58
2494.213	1262.92
2497.93	1259.92
2501.644	1267.25
2505.355	1254.58
2509.062	1258.92
2512.766	1250.58
2516.467	1256.58
2520.165	1255.25
2523.859	1241.58
2527.551	1236.25
2531.239	1235.92
2534.923	1233.92
2538.605	1230.25
2542.283	1213.92
2545.958	1222.25
2549.63	1217.25
2553.299	1210.92
2556.964	1202.58
2560.626	1201.25
2564.285	1195.58
2567.941	1192.58
2571.594	1177.25
2575.243	1173.58
2578.89	1166.58
2582.533	1152.92
2586.173	1133.92
2589.809	1127.92
2593.443	1114.58
2597.073	1107.92
2600.701	1098.92
2604.325	1086.25
2607.946	1080.92
2611.564	1074.58
2615.178	1074.25
2618.79	1060.92
2622.398	1058.25
2626.004	1050.92
2629.606	1049.58
2633.205	1029.58
2636.801	1028.92
2640.394	1016.92
2643.983	1012.92
2647.57	1000.58
2651.153	988.25
2654.734	988.58
2658.311	979.92
2661.885	972.25
2665.456	976.58
2669.025	967.92
2672.589	969.92
2676.151	975.92
2679.71	961.58
2683.266	961.92
2686.819	948.92
2690.368	954.92
2693.915	939.58
2697.458	942.25
2700.999	928.92
2704.536	936.58
2708.071	929.25
2711.602	931.92
2715.13	918.58
2718.656	922.92
2722.178	928.92
2725.697	932.58
2729.214	936.25
2732.727	944.92
2736.237	963.92
2739.744	971.25
2743.249	983.92
2746.75	981.92
2750.248	980.92
2753.743	984.25
2757.236	982.58
2760.725	966.25
2764.211	964.25
2767.695	951.58
2771.175	949.25
2774.652	949.92
2778.127	951.92
2781.598	950.58
2785.067	962.25
2788.532	974.25
2791.995	975.92
2795.455	986.92
2798.911	1007.58
2802.365	1016.92
2805.816	1026.58
2809.264	1043.92
2812.709	1047.92
2816.151	1055.25
2819.59	1067.92
2823.026	1080.58
2826.46	1085.58
2829.89	1095.92
2833.318	1111.58
2836.742	1111.92
2840.164	1117.92
2843.583	1133.92
2846.999	1148.58
2850.412	1172.25
2853.822	1180.92
2857.229	1196.58
2860.634	1209.58
2864.035	1215.25
2867.434	1233.58
2870.83	1255.58
2874.223	1272.58
2877.613	1291.25
2881	1300.58
2884.385	1312.92
2887.766	1312.25
2891.145	1326.25
2894.521	1348.58
2897.894	1357.92
2901.264	1368.92
2904.631	1381.92
2907.996	1402.58
2911.358	1420.25
2914.717	1431.92
2918.073	1465.25
2921.426	1495.58
2924.777	1513.25
2928.124	1548.92
2931.469	1584.92
2934.811	1618.58
2938.15	1650.58
2941.487	1686.25
2944.821	1720.92
2948.152	1753.92
2951.48	1785.92
2954.805	1819.25
2958.128	1842.92
2961.447	1895.25
2964.765	1926.25
2968.079	1962.25
2971.39	2032.58
2974.699	2077.58
2978.005	2128.58
2981.308	2180.58
2984.609	2241.92
2987.907	2306.25
2991.202	2373.25
2994.494	2436.58
2997.784	2494.25
3001.07	2564.25
3004.355	2617.92
3007.636	2674.58
3010.915	2730.58
3014.191	2781.25
3017.464	2834.92
3020.734	2878.92
3024.002	2934.92
3027.267	2970.92
3030.53	3025.25
3033.789	3103.58
3037.046	3167.58
3040.301	3250.25
3043.552	3335.25
3046.801	3406.25
3050.048	3504.58
3053.291	3614.58
3056.532	3716.92
3059.771	3827.58
3063.006	3950.25
3066.239	4068.58
3069.469	4181.25
3072.697	4320.92
3075.922	4442.92
3079.144	4549.92
3082.364	4669.25
3085.581	4787.58
3088.795	4893.58
3092.007	5013.92
3095.216	5143.58
3098.423	5259.58
3101.627	5376.92
3104.828	5510.92
3108.026	5615.92
3111.222	5745.58
3114.416	5856.25
3117.607	6003.92
3120.795	6139.25
3123.98	6275.92
3127.163	6426.58
3130.344	6553.92
3133.521	6710.58
3136.696	6846.58
3139.869	6975.58
3143.039	7108.58
3146.206	7198.92
3149.371	7317.92
3152.533	7384.58
3155.693	7424.25
3158.85	7489.92
3162.005	7535.92
3165.157	7576.92
3168.306	7611.58
3171.453	7655.58
3174.597	7675.58
3177.739	7706.25
3180.878	7728.58
3184.014	7753.92
3187.149	7782.92
3190.28	7815.92
3193.409	7844.92
3196.536	7867.58
3199.659	7913.92
3202.781	7938.25
3205.9	7964.92
3209.016	7955.58
3212.13	7952.58
3215.241	7929.58
3218.35	7893.25
3221.456	7856.92
3224.56	7809.25
3227.661	7736.92
3230.76	7691.92
3233.856	7646.92
3236.95	7600.25
3240.041	7558.92
3243.13	7528.25
3246.216	7475.25
3249.3	7449.58
3252.382	7406.92
3255.46	7397.25
3258.537	7358.25
3261.611	7351.92
3264.682	7321.58
3267.751	7298.25
3270.818	7259.58
3273.882	7232.25
3276.943	7186.25
3280.002	7098.25
3283.059	7039.25
3286.113	6971.92
3289.165	6871.92
3292.214	6788.92
3295.261	6695.92
3298.306	6613.92
3301.348	6523.92
3304.387	6414.25
3307.425	6356.58
3310.459	6257.58
3313.492	6203.25
3316.521	6157.92
3319.549	6104.25
3322.574	6052.25
3325.597	6007.25
3328.617	5985.25
3331.635	5974.25
3334.65	5934.58
3337.663	5927.58
3340.674	5868.25
3343.682	5875.25
3346.688	5868.58
3349.691	5850.92
3352.692	5831.92
3355.691	5810.92
3358.687	5761.92
3361.681	5701.25
3364.673	5658.58
3367.662	5602.92
3370.649	5553.25
3373.633	5490.92
3376.615	5423.92
3379.595	5354.92
3382.572	5325.92
3385.547	5253.25
3388.52	5186.92
3391.49	5139.58
3394.458	5083.58
3397.424	5056.92
3400.387	4983.25
3403.348	4938.58
3406.307	4916.58
3409.263	4857.92
3412.217	4823.92
3415.168	4788.25
3418.118	4750.92
3421.065	4692.58
3424.009	4653.58
3426.951	4604.58
3429.891	4548.58
3432.829	4474.92
3435.764	4422.58
3438.697	4350.92
3441.628	4261.92
3444.557	4177.58
3447.483	4090.58
3450.407	4012.92
3453.328	3926.92
3456.247	3825.58
3459.164	3734.92
3462.079	3654.25
3464.991	3560.25
3467.902	3482.58
3470.809	3398.58
3473.715	3320.92
3476.618	3248.58
3479.519	3169.58
3482.418	3108.25
3485.315	3047.58
3488.209	2981.92
3491.101	2923.58
3493.99	2844.25
3496.878	2795.25
3499.763	2740.25
3502.646	2672.92
3505.527	2598.58
3508.405	2534.58
3511.281	2441.25
3514.155	2382.92
3517.027	2295.92
3519.897	2219.92
3522.764	2155.25
3525.629	2080.25
3528.492	2009.25
3531.352	1934.25
3534.211	1862.92
3537.067	1785.25
3539.921	1720.58
3542.773	1672.25
3545.622	1606.92
3548.469	1558.25
3551.315	1492.92
3554.157	1444.92
3556.998	1403.25
3559.837	1354.25
3562.673	1319.92
3565.507	1285.58
3568.339	1232.25
3571.169	1201.58
3573.996	1168.25
3576.822	1126.25
3579.645	1083.92
3582.466	1058.25
3585.285	1018.92
3588.101	972.92
3590.916	943.25
3593.728	914.92
3596.538	878.25
3599.346	846.25
3602.152	814.92
3604.956	780.25
3607.757	749.25
3610.556	722.58
3613.354	699.92
3616.149	677.58
3618.942	645.25
3621.732	622.25
3624.521	610.25
3627.307	586.58
3630.092	567.58
3632.874	552.25
3635.654	529.25
3638.432	523.25
3641.208	499.58
3643.982	480.58
3646.753	464.92
3649.523	447.92
3652.29	436.58
3655.055	416.58
3657.818	395.92
3660.579	380.25
3663.338	367.58
3666.095	353.58
3668.849	334.58
3671.602	320.58
3674.352	310.92
3677.101	293.92
3679.847	278.25
3682.591	267.92
3685.333	260.58
3688.073	245.58
3690.811	238.25
3693.547	233.58
3696.281	224.58
3699.013	213.58
3701.742	209.25
3704.47	195.92
3707.195	193.58
3709.919	183.92
3712.64	174.58
3715.359	173.92
3718.076	164.25
3720.792	156.92
3723.505	156.58
3726.216	147.58
3728.925	142.58
3731.632	140.25
3734.336	137.92
3737.039	131.58
3739.74	124.25
3742.439	117.58
3745.136	117.92
3747.83	108.58
3750.523	108.92
3753.213	97.58
3755.902	102.92
3758.589	95.25
3761.273	98.58
3763.956	93.92
3766.636	88.92
3769.315	88.92
3771.991	86.58
3774.665	80.92
3777.338	79.58
3780.008	84.58
3782.677	81.58
3785.343	80.58
3788.007	71.58
3790.67	75.92
3793.33	73.92
3795.989	69.92
3798.645	69.25
3801.299	69.92
3803.952	62.92
3806.602	58.25
3809.251	65.58
3811.897	57.25
3814.542	60.25
3817.184	61.25
3819.825	53.25
3822.463	59.25
3825.1	53.92
3827.735	52.58
3830.367	51.58
3832.998	46.25
3835.627	50.92
3838.253	49.92
3840.878	44.58
3843.501	42.58
3846.122	45.25
3848.741	43.58
3851.358	45.92
3853.973	47.25
3856.586	44.25
3859.197	41.25
3861.806	44.25
3864.414	39.25
3867.019	47.92
3869.622	43.25
3872.224	52.92
3874.823	65.58
3877.421	73.92
3880.016	93.58
3882.61	123.58
3885.202	131.58
3887.792	111.92
3890.38	72.92
3892.966	30.25
3895.55	26.58
3898.132	31.25
3900.713	28.92
3903.291	27.58
3905.868	30.58
3908.442	24.58
3911.015	28.58
3913.586	28.25
3916.155	32.25
3918.722	27.92
3921.287	27.92
3923.85	26.92
3926.411	27.25
3928.971	23.25
3931.528	24.58
3934.084	28.25
3936.638	21.92
3939.19	24.58
3941.74	22.92
3944.288	23.92
3946.834	23.92
3949.378	21.25
3951.921	24.58
3954.462	24.58
3957	26.25
3959.537	23.58
3962.072	28.92
3964.606	25.92
3967.137	24.92
3969.667	25.25
3972.194	28.25
3974.72	25.25
3977.244	29.58
3979.766	34.25
3982.286	32.92
3984.805	36.25
3987.321	37.92
3989.836	37.58
3992.349	40.92
3994.86	37.92
3997.369	33.92
3999.877	38.25
4002.382	36.92
4004.886	38.25
4007.388	37.58
4009.888	36.92
4012.386	36.58
4014.883	31.92
4017.377	31.58
4019.87	31.25
4022.361	34.25
4024.85	28.25
4027.338	32.25
4029.823	32.92
4032.307	31.25
4034.789	29.92
4037.269	31.58
4039.747	28.58
4042.224	24.58
4044.699	31.25
4047.172	28.25
4049.643	30.25
4052.112	27.58
4054.58	26.92
4057.046	27.92
4059.51	28.25
4061.972	26.58
4064.432	28.58
4066.891	26.58
4069.348	29.58
4071.803	27.92
4074.256	28.58
4076.708	29.92
4079.158	25.92
4081.606	27.58
4084.052	27.58
4086.497	31.25
4088.939	26.92
4091.38	29.58
4093.819	30.92
4096.257	4.58
4098.693	-1.42
4101.127	-2.08
4103.559	-0.75
4105.989	267.92
4108.418	281.25
4110.845	308.58
4113.27	333.25
4115.694	373.25
4118.115	424.58
4120.535	28.58
4122.954	27.25
4125.37	25.58
4127.785	26.25
4130.198	25.25
4132.609	25.58
4135.019	-1.08
4137.427	1.25
4139.833	-0.08
4142.237	-0.42
