160.701	530.38
166.742	716.71
172.777	1255.38
178.805	2952.71
184.826	7195.38
190.841	14839.38
196.849	24140.37
202.85	30854.04
208.845	32899.71
214.833	32001.71
220.815	30713.04
226.789	29799.38
232.758	28982.71
238.719	28093.71
244.674	27081.71
250.623	25952.71
256.565	24828.71
262.5	23669.04
268.429	22659.38
274.351	21786.04
280.267	21025.38
286.176	20320.71
292.079	19711.71
297.975	19176.04
303.865	18616.04
309.748	18148.37
315.625	17771.38
321.495	17438.04
327.359	17273.71
333.217	17035.71
339.068	16965.04
344.912	16854.71
350.751	16796.71
356.583	16784.38
362.408	16783.38
368.227	16833.37
374.04	16921.71
379.847	17118.38
385.647	17339.38
391.44	17292.04
397.228	17193.38
403.009	17200.37
408.784	17379.04
414.553	17836.38
420.315	18400.04
426.071	18532.04
431.821	17981.71
437.565	17417.71
443.302	17182.04
449.033	17040.37
454.758	16937.71
460.477	16826.71
466.189	16729.38
471.896	16621.38
477.596	16536.37
483.29	16376.71
488.978	16302.71
494.66	16169.04
500.335	15984.71
506.005	15710.71
511.668	15398.38
517.325	15110.38
522.977	14891.71
528.622	14681.04
534.261	14491.71
539.894	14343.04
545.521	14246.38
551.141	14127.04
556.756	14019.71
562.365	13930.71
567.968	13836.38
573.565	13702.71
579.155	13642.71
584.74	13548.71
590.319	13445.04
595.892	13307.38
601.459	13241.71
607.02	13095.71
612.575	12971.38
618.124	12810.71
623.667	12671.04
629.204	12573.71
634.735	12515.04
640.261	12512.38
645.781	12605.04
651.294	12623.71
656.802	12442.04
662.304	12177.38
667.8	12018.38
673.29	11910.38
678.775	11841.71
684.254	11756.71
689.726	11645.71
695.193	11576.38
700.655	11480.38
706.11	11391.71
711.56	11309.04
717.004	11217.04
722.442	11130.38
727.874	11119.04
733.301	11105.04
738.722	11141.38
744.137	11042.38
749.547	10951.71
754.951	10869.71
760.349	10772.04
765.741	10665.71
771.128	10579.04
776.509	10538.71
781.885	10496.71
787.254	10439.04
792.618	10354.71
797.977	10255.38
803.33	10145.38
808.677	10017.04
814.019	9910.38
819.355	9771.71
824.686	9672.71
830.011	9578.71
835.33	9506.71
840.644	9421.71
845.952	9359.71
851.255	9263.71
856.552	9218.71
861.844	9155.71
867.13	9057.71
872.41	8959.04
877.686	8876.04
882.955	8713.71
888.219	8592.04
893.478	8439.04
898.731	8304.71
903.979	8199.71
909.221	8090.71
914.458	8006.04
919.69	7973.71
924.916	7947.04
930.136	7894.71
935.351	7857.71
940.561	7847.04
945.766	7802.38
950.965	7724.04
956.158	7658.04
961.347	7547.04
966.529	7442.04
971.707	7336.71
976.879	7244.71
982.046	7143.38
987.208	7112.71
992.364	7083.71
997.515	7095.71
1002.66	7134.38
1007.801	7180.71
1012.936	7222.38
1018.066	7251.38
1023.19	7260.38
1028.309	7259.71
1033.423	7259.38
1038.532	7190.38
1043.636	7126.71
1048.734	7049.71
1053.827	6996.71
1058.915	6907.04
1063.998	6865.38
1069.075	6844.38
1074.147	6888.04
1079.214	6941.71
1084.276	6888.38
1089.333	6923.38
1094.385	6932.04
1099.431	6958.04
1104.472	6936.38
1109.509	6924.71
1114.54	6850.04
1119.565	6763.38
1124.586	6680.38
1129.602	6604.38
1134.613	6564.71
1139.618	6539.71
1144.619	6520.71
1149.614	6553.04
1154.604	6564.71
1159.589	6579.04
1164.57	6620.38
1169.545	6630.38
1174.515	6631.38
1179.48	6592.04
1184.44	6564.04
1189.395	6509.38
1194.345	6471.38
1199.29	6457.04
1204.23	6456.38
1209.165	6496.71
1214.095	6510.38
1219.021	6552.71
1223.941	6589.38
1228.856	6618.38
1233.766	6627.71
1238.672	6625.04
1243.572	6600.71
1248.467	6559.04
1253.358	6463.04
1258.244	6380.38
1263.124	6301.71
1268	6197.38
1272.871	6137.04
1277.737	6077.71
1282.599	6075.71
1287.455	6063.71
1292.306	6084.71
1297.153	6154.04
1301.995	6202.04
1306.832	6225.71
1311.664	6242.04
1316.491	6221.38
1321.314	6196.38
1326.132	6142.04
1330.945	6090.04
1335.753	6037.04
1340.556	5976.04
1345.354	5944.71
1350.148	5895.04
1354.937	5835.71
1359.722	5796.04
1364.501	5728.38
1369.276	5692.71
1374.046	5650.71
1378.811	5597.71
1383.572	5576.71
1388.327	5539.71
1393.079	5475.04
1397.825	5401.71
1402.567	5310.04
1407.304	5306.04
1412.036	5270.71
1416.764	5260.38
1421.487	5265.38
1426.205	5276.71
1430.919	5309.38
1435.628	5369.38
1440.333	5418.71
1445.032	5465.71
1449.727	5511.71
1454.418	5515.04
1459.104	5520.38
1463.785	5515.38
1468.462	5493.71
1473.134	5461.38
1477.802	5454.38
1482.465	5450.04
1487.123	5474.71
1491.777	5536.71
1496.426	5571.71
1501.071	5600.38
1505.711	5658.71
1510.347	5712.38
1514.978	5746.71
1519.604	5754.04
1524.226	5763.71
1528.844	5712.04
1533.457	5698.04
1538.065	5645.04
1542.669	5638.04
1547.269	5632.04
1551.864	5623.38
1556.454	5670.71
1561.041	5748.71
1565.622	5804.71
1570.199	5881.38
1574.772	6014.71
1579.34	6146.71
1583.904	6268.71
1588.464	6417.71
1593.019	6558.04
1597.569	6688.71
1602.115	6789.38
1606.657	6861.38
1611.195	6968.38
1615.728	7098.71
1620.256	7216.38
1624.78	7382.04
1629.3	7536.71
1633.816	7643.71
1638.327	7766.71
1642.834	7886.38
1647.336	7949.71
1651.834	7977.04
1656.328	7967.04
1660.817	7893.04
1665.302	7775.38
1669.783	7624.71
1674.259	7407.71
1678.732	7187.04
1683.199	6954.38
1687.663	6729.71
1692.122	6472.38
1696.577	6163.71
1701.028	5902.38
1705.474	5608.38
1709.917	5386.04
1714.355	5205.38
1718.788	5029.04
1723.218	4893.38
1727.643	4748.71
1732.064	4621.38
1736.481	4457.04
1740.893	4320.71
1745.301	4184.04
1749.705	4050.71
1754.105	3922.04
1758.501	3812.04
1762.893	3733.38
1767.28	3666.71
1771.663	3645.71
1776.042	3614.38
1780.417	3603.38
1784.787	3617.38
1789.154	3626.04
1793.516	3590.04
1797.874	3564.38
1802.228	3490.38
1806.578	3394.04
1810.924	3317.04
1815.266	3251.71
1819.603	3181.04
1823.937	3155.04
1828.266	3108.38
1832.591	3090.38
1836.913	3077.04
1841.23	3064.38
1845.543	3063.38
1849.852	3087.71
1854.156	3083.04
1858.457	3117.38
1862.754	3126.04
1867.047	3142.38
1871.335	3165.71
1875.62	3162.71
1879.9	3177.38
1884.177	3183.04
1888.449	3195.71
1892.718	3201.71
1896.982	3192.38
1901.243	3191.38
1905.499	3194.04
1909.752	3214.38
1914	3225.04
1918.245	3250.38
1922.485	3265.71
1926.722	3286.38
1930.954	3301.71
1935.183	3314.71
1939.408	3311.71
1943.628	3293.04
1947.845	3268.38
1952.058	3227.04
1956.267	3178.71
1960.472	3128.38
1964.673	3063.04
1968.87	3009.71
1973.063	2978.71
1977.252	2949.38
1981.438	2940.38
1985.619	2924.71
1989.797	2921.04
1993.971	2914.71
1998.14	2927.71
2002.306	2945.04
2006.469	2974.71
2010.627	2982.04
2014.781	2985.04
2018.932	2991.04
2023.078	2995.71
2027.221	2988.38
2031.36	2972.38
2035.495	2962.71
2039.627	2953.38
2043.754	2952.04
2047.878	2951.38
2051.998	2976.38
2056.114	3000.38
2060.226	3015.71
2064.334	3028.04
2068.439	3065.71
2072.54	3096.04
2076.637	3141.04
2080.73	3148.38
2084.82	3156.71
2088.906	3163.71
2092.988	3143.04
2097.066	3132.04
2101.14	3098.04
2105.211	3073.38
2109.278	3047.71
2113.342	3006.71
2117.401	2986.04
2121.457	2952.71
2125.509	2915.71
2129.558	2886.38
2133.602	2876.04
2137.643	2840.38
2141.681	2816.71
2145.714	2799.04
2149.744	2788.71
2153.77	2765.38
2157.793	2734.04
2161.812	2703.71
2165.827	2655.04
2169.838	2625.38
2173.846	2574.71
2177.851	2526.04
2181.851	2498.71
2185.848	2464.38
2189.841	2429.38
2193.831	2410.38
2197.817	2389.04
2201.799	2378.38
2205.778	2350.71
2209.753	2323.71
2213.725	2325.71
2217.693	2315.04
2221.657	2286.71
2225.618	2275.38
2229.575	2260.04
2233.529	2222.38
2237.479	2192.71
2241.425	2165.04
2245.368	2134.38
2249.307	2100.71
2253.243	2063.04
2257.175	2026.71
2261.104	2002.38
2265.029	1965.04
2268.95	1935.38
2272.868	1904.38
2276.783	1888.04
2280.694	1853.04
2284.601	1822.04
2288.505	1791.38
2292.405	1779.04
2296.302	1744.38
2300.195	1722.04
2304.085	1695.38
2307.971	1658.38
2311.854	1651.38
2315.734	1593.38
2319.609	1576.71
2323.482	1557.71
2327.351	1538.38
2331.216	1548.38
2335.078	1539.71
2338.937	1508.38
2342.792	1498.38
2346.643	1490.38
2350.492	1473.38
2354.336	1481.71
2358.178	1482.71
2362.015	1478.38
2365.85	1479.38
2369.681	1466.04
2373.508	1465.04
2377.333	1475.71
2381.153	1461.38
2384.971	1456.71
2388.785	1454.71
2392.595	1440.38
2396.402	1423.38
2400.206	1418.71
2404.007	1412.38
2407.804	1412.71
2411.597	1394.04
2415.388	1383.38
2419.174	1384.04
2422.958	1375.71
2426.738	1364.71
2430.515	1373.71
2434.289	1357.71
2438.059	1358.71
2441.825	1347.71
2445.589	1331.38
2449.349	1340.04
2453.106	1312.04
2456.859	1312.38
2460.61	1293.04
2464.356	1293.38
2468.1	1275.38
2471.84	1272.38
2475.577	1272.38
2479.311	1273.38
2483.041	1264.38
2486.768	1265.04
2490.492	1257.38
2494.213	1278.71
2497.93	1251.04
2501.644	1269.38
2505.355	1263.04
2509.062	1266.04
2512.766	1258.71
2516.467	1259.04
2520.165	1252.71
2523.859	1246.71
2527.551	1245.71
2531.239	1240.71
2534.923	1240.04
2538.605	1224.71
2542.283	1226.38
2545.958	1214.38
2549.63	1210.71
2553.299	1211.71
2556.964	1203.71
2560.626	1207.71
2564.285	1188.04
2567.941	1192.71
2571.594	1171.38
2575.243	1171.38
2578.89	1156.71
2582.533	1145.04
2586.173	1133.38
2589.809	1116.38
2593.443	1107.71
2597.073	1091.38
2600.701	1097.38
2604.325	1079.71
2607.946	1075.71
2611.564	1065.04
2615.178	1064.04
2618.79	1057.71
2622.398	1054.04
2626.004	1047.04
2629.606	1034.71
2633.205	1027.04
2636.801	1026.38
2640.394	1023.38
2643.983	1007.71
2647.57	1004.38
2651.153	991.38
2654.734	992.71
2658.311	981.38
2661.885	977.38
2665.456	973.38
2669.025	979.71
2672.589	972.04
2676.151	962.71
2679.71	963.71
2683.266	951.38
2686.819	962.38
2690.368	950.38
2693.915	949.71
2697.458	941.04
2700.999	947.38
2704.536	941.71
2708.071	934.71
2711.602	925.71
2715.13	932.71
2718.656	931.04
2722.178	939.38
2725.697	947.04
2729.214	960.04
2732.727	962.38
2736.237	973.38
2739.744	987.04
2743.249	994.38
2746.75	998.04
2750.248	999.38
2753.743	985.71
2757.236	988.04
2760.725	987.71
2764.211	976.71
2767.695	966.38
2771.175	962.71
2774.652	963.71
2778.127	966.71
2781.598	970.04
2785.067	976.04
2788.532	988.04
2791.995	996.38
2795.455	1014.04
2798.911	1033.71
2802.365	1040.04
2805.816	1056.71
2809.264	1074.04
2812.709	1082.71
2816.151	1091.71
2819.59	1100.38
2823.026	1108.38
2826.46	1116.71
2829.89	1134.71
2833.318	1141.38
2836.742	1146.38
2840.164	1154.38
2843.583	1170.71
2846.999	1187.38
2850.412	1195.38
2853.822	1222.38
2857.229	1236.04
2860.634	1241.04
2864.035	1263.38
2867.434	1285.38
2870.83	1304.71
2874.223	1319.38
2877.613	1342.38
2881	1344.04
2884.385	1354.38
2887.766	1358.04
2891.145	1368.71
2894.521	1386.71
2897.894	1411.38
2901.264	1421.04
2904.631	1435.71
2907.996	1452.38
2911.358	1494.38
2914.717	1497.71
2918.073	1538.38
2921.426	1563.04
2924.777	1587.71
2928.124	1615.71
2931.469	1654.04
2934.811	1697.04
2938.15	1727.71
2941.487	1759.38
2944.821	1801.04
2948.152	1829.71
2951.48	1867.71
2954.805	1893.38
2958.128	1934.38
2961.447	1974.71
2964.765	2016.04
2968.079	2064.04
2971.39	2132.38
2974.699	2169.38
2978.005	2230.71
2981.308	2299.38
2984.609	2357.38
2987.907	2422.38
2991.202	2500.71
2994.494	2563.71
2997.784	2619.71
3001.07	2705.71
3004.355	2758.04
3007.636	2817.71
3010.915	2878.38
3014.191	2927.71
3017.464	2979.04
3020.734	3030.38
3024.002	3091.38
3027.267	3134.38
3030.53	3191.38
3033.789	3280.71
3037.046	3349.04
3040.301	3422.04
3043.552	3504.71
3046.801	3591.71
3050.048	3711.04
3053.291	3809.71
3056.532	3934.04
3059.771	4032.37
3063.006	4170.38
3066.239	4301.38
3069.469	4405.38
3072.697	4556.71
3075.922	4691.38
3079.144	4814.04
3082.364	4928.04
3085.581	5067.38
3088.795	5175.38
3092.007	5307.04
3095.216	5412.71
3098.423	5553.71
3101.627	5700.38
3104.828	5795.38
3108.026	5935.71
3111.222	6063.38
3114.416	6217.04
3117.607	6368.38
3120.795	6504.71
3123.98	6643.71
3127.163	6824.38
3130.344	6980.38
3133.521	7120.04
3136.696	7281.38
3139.869	7423.04
3143.039	7527.04
3146.206	7626.38
3149.371	7744.71
3152.533	7796.04
3155.693	7896.38
3158.85	7947.38
3162.005	7996.71
3165.157	8024.71
3168.306	8080.04
3171.453	8106.38
3174.597	8167.38
3177.739	8178.04
3180.878	8197.04
3184.014	8221.04
3187.149	8280.38
3190.28	8292.04
3193.409	8344.71
3196.536	8354.38
3199.659	8383.71
3202.781	8425.71
3205.9	8449.71
3209.016	8464.04
3212.13	8449.04
3215.241	8432.04
3218.35	8408.71
3221.456	8349.71
3224.56	8300.38
3227.661	8248.04
3230.76	8188.71
3233.856	8144.71
3236.95	8082.71
3240.041	8039.04
3243.13	7996.38
3246.216	7947.38
3249.3	7935.38
3252.382	7880.38
3255.46	7890.38
3258.537	7862.04
3261.611	7836.04
3264.682	7800.71
3267.751	7764.71
3270.818	7746.71
3273.882	7722.04
3276.943	7658.71
3280.002	7588.38
3283.059	7517.71
3286.113	7450.38
3289.165	7354.04
3292.214	7252.04
3295.261	7154.04
3298.306	7046.04
3301.348	6969.04
3304.387	6849.71
3307.425	6783.71
3310.459	6707.04
3313.492	6641.38
3316.521	6581.04
3319.549	6512.71
3322.574	6457.38
3325.597	6419.38
3328.617	6385.04
3331.635	6369.71
3334.65	6330.04
3337.663	6307.71
3340.674	6292.38
3343.682	6275.71
3346.688	6266.71
3349.691	6228.04
3352.692	6206.38
3355.691	6190.38
3358.687	6146.38
3361.681	6099.71
3364.673	6063.38
3367.662	5975.04
3370.649	5918.38
3373.633	5855.38
3376.615	5798.04
3379.595	5720.38
3382.572	5663.04
3385.547	5616.38
3388.52	5562.71
3391.49	5490.71
3394.458	5435.71
3397.424	5385.38
3400.387	5335.38
3403.348	5284.04
3406.307	5245.71
3409.263	5185.04
3412.217	5165.71
3415.168	5123.71
3418.118	5087.38
3421.065	5037.04
3424.009	4978.04
3426.951	4923.04
3429.891	4877.04
3432.829	4794.04
3435.764	4724.71
3438.697	4639.38
3441.628	4561.38
3444.557	4460.04
3447.483	4367.38
3450.407	4278.38
3453.328	4199.04
3456.247	4090.04
3459.164	4020.38
3462.079	3911.04
3464.991	3829.71
3467.902	3731.04
3470.809	3644.04
3473.715	3537.38
3476.618	3479.38
3479.519	3397.71
3482.418	3341.04
3485.315	3262.71
3488.209	3185.38
3491.101	3132.04
3493.99	3060.71
3496.878	2998.04
3499.763	2920.71
3502.646	2850.04
3505.527	2778.38
3508.405	2708.04
3511.281	2631.71
3514.155	2552.38
3517.027	2473.04
3519.897	2391.71
3522.764	2313.04
3525.629	2221.71
3528.492	2158.38
3531.352	2073.04
3534.211	1992.71
3537.067	1930.38
3539.921	1859.71
3542.773	1785.71
3545.622	1721.71
3548.469	1666.04
3551.315	1608.38
3554.157	1552.04
3556.998	1513.38
3559.837	1456.38
3562.673	1416.04
3565.507	1375.71
3568.339	1322.71
3571.169	1288.04
3573.996	1241.71
3576.822	1205.38
3579.645	1161.38
3582.466	1115.38
3585.285	1088.38
3588.101	1040.71
3590.916	1009.71
3593.728	975.04
3596.538	938.71
3599.346	902.04
3602.152	871.04
3604.956	837.71
3607.757	806.04
3610.556	778.04
3613.354	746.71
3616.149	720.38
3618.942	699.71
3621.732	675.71
3624.521	654.71
3627.307	632.04
3630.092	614.04
3632.874	595.04
3635.654	579.38
3638.432	558.04
3641.208	538.71
3643.982	517.38
3646.753	501.71
3649.523	474.71
3652.29	464.04
3655.055	446.04
3657.818	422.71
3660.579	411.38
3663.338	393.71
3666.095	376.04
3668.849	357.71
3671.602	348.71
3674.352	332.71
3677.101	316.04
3679.847	302.71
3682.591	286.38
3685.333	282.04
3688.073	270.71
3690.811	257.04
3693.547	248.38
3696.281	233.71
3699.013	229.71
3701.742	221.38
3704.47	215.38
3707.195	205.38
3709.919	196.38
3712.64	191.71
3715.359	179.71
3718.076	176.04
3720.792	163.71
3723.505	160.38
3726.216	155.04
3728.925	148.38
3731.632	145.71
3734.336	141.04
3737.039	134.04
3739.74	128.38
3742.439	128.04
3745.136	120.04
3747.83	117.04
3750.523	114.38
3753.213	108.38
3755.902	103.71
3758.589	101.04
3761.273	107.38
3763.956	102.04
3766.636	98.38
3769.315	96.38
3771.991	95.71
3774.665	86.04
3777.338	83.04
3780.008	85.38
3782.677	81.38
3785.343	83.71
3788.007	71.71
3790.67	80.38
3793.33	71.38
3795.989	66.04
3798.645	70.71
3801.299	67.04
3803.952	65.04
3806.602	62.38
3809.251	65.04
3811.897	62.04
3814.542	62.38
3817.184	62.04
3819.825	57.04
3822.463	57.04
3825.1	53.71
3827.735	55.71
3830.367	53.38
3832.998	53.38
3835.627	55.38
3838.253	50.38
3840.878	49.04
3843.501	47.38
3846.122	43.71
3848.741	45.71
3851.358	44.71
3853.973	46.38
3856.586	46.38
3859.197	43.04
3861.806	42.38
3864.414	40.04
3867.019	45.71
3869.622	42.38
3872.224	52.71
3874.823	66.04
3877.421	80.71
3880.016	107.38
3882.61	123.71
3885.202	133.71
3887.792	112.71
3890.38	78.38
3892.966	35.38
3895.55	28.71
3898.132	34.71
3900.713	30.71
3903.291	30.04
3905.868	31.38
3908.442	28.71
3911.015	27.38
3913.586	29.04
3916.155	27.38
3918.722	25.38
3921.287	24.71
3923.85	25.38
3926.411	27.71
3928.971	22.04
3931.528	22.38
3934.084	21.38
3936.638	19.71
3939.19	20.71
3941.74	20.38
3944.288	27.38
3946.834	24.71
3949.378	22.71
3951.921	22.04
3954.462	23.71
3957	28.38
3959.537	24.71
3962.072	26.04
3964.606	25.38
3967.137	25.71
3969.667	26.71
3972.194	28.04
3974.72	29.38
3977.244	37.38
3979.766	33.38
3982.286	29.71
3984.805	34.04
3987.321	40.38
3989.836	35.71
3992.349	42.71
3994.86	43.71
3997.369	35.71
3999.877	41.38
4002.382	37.38
4004.886	37.71
4007.388	38.71
4009.888	39.04
4012.386	32.38
4014.883	35.71
4017.377	34.71
4019.87	33.38
4022.361	35.38
4024.85	30.04
4027.338	30.71
4029.823	35.71
4032.307	31.38
4034.789	25.38
4037.269	28.71
4039.747	29.04
4042.224	27.71
4044.699	31.04
4047.172	27.04
4049.643	25.38
4052.112	27.04
4054.58	23.71
4057.046	26.04
4059.51	27.38
4061.972	23.71
4064.432	25.71
4066.891	26.71
4069.348	25.38
4071.803	30.38
4074.256	26.71
4076.708	30.38
4079.158	27.38
4081.606	26.38
4084.052	26.38
4086.497	27.38
4088.939	31.04
4091.38	30.38
4093.819	31.04
4096.257	3.71
4098.693	-1.62
4101.127	0.71
4103.559	1.04
4105.989	294.38
4108.418	306.38
4110.845	333.04
4113.27	359.71
4115.694	396.04
4118.115	448.71
4120.535	29.38
4122.954	29.04
4125.37	28.04
4127.785	25.04
4130.198	26.04
4132.609	28.71
4135.019	-2.29
4137.427	-0.96
4139.833	0.04
4142.237	-0.62
