160.701	488.92
166.742	656.92
172.777	1139.58
178.805	2664.25
184.826	6507.58
190.841	13452.92
196.849	21911.92
202.85	28035.58
208.845	29926.58
214.833	29061.58
220.815	27909.92
226.789	27006.92
232.758	26222.92
238.719	25459.92
244.674	24456.92
250.623	23436.25
256.565	22324.92
262.5	21324.25
268.429	20342.25
274.351	19566.58
280.267	18807.92
286.176	18158.25
292.079	17519.58
297.975	16946.92
303.865	16504.58
309.748	16139.58
315.625	15790.58
321.495	15505.25
327.359	15294.25
333.217	15136.92
339.068	15060.58
344.912	14943.92
350.751	14918.25
356.583	14884.92
362.408	14856.25
368.227	14907.58
374.04	14995.92
379.847	15155.92
385.647	15289.92
391.44	15279.25
397.228	15228.58
403.009	15231.58
408.784	15465.92
414.553	15870.92
420.315	16384.25
426.071	16503.92
431.821	16037.92
437.565	15462.58
443.302	15289.25
449.033	15163.25
454.758	15033.58
460.477	14928.58
466.189	14838.25
471.896	14735.25
477.596	14636.92
483.29	14510.92
488.978	14459.92
494.66	14347.92
500.335	14154.92
506.005	13930.58
511.668	13602.58
517.325	13350.58
522.977	13121.58
528.622	12948.25
534.261	12779.25
539.894	12592.92
545.521	12516.92
551.141	12399.25
556.756	12331.58
562.365	12215.58
567.968	12113.58
573.565	12039.58
579.155	11947.25
584.74	11863.58
590.319	11744.58
595.892	11647.92
601.459	11565.25
607.02	11462.92
612.575	11370.25
618.124	11219.58
623.667	11100.58
629.204	11005.92
634.735	10931.25
640.261	10969.92
645.781	11022.25
651.294	11037.92
656.802	10917.92
662.304	10683.58
667.8	10510.58
673.29	10429.25
678.775	10347.25
684.254	10264.92
689.726	10184.92
695.193	10127.58
700.655	10022.25
706.11	9908.92
711.56	9815.92
717.004	9753.58
722.442	9689.58
727.874	9626.25
733.301	9550.58
738.722	9507.25
744.137	9471.58
749.547	9464.58
754.951	9477.25
760.349	9382.92
765.741	9289.58
771.128	9258.58
776.509	9218.25
781.885	9180.25
787.254	9108.92
792.618	9074.92
797.977	8970.92
803.33	8888.92
808.677	8768.25
814.019	8652.92
819.355	8557.92
824.686	8454.92
830.011	8378.92
835.33	8286.58
840.644	8234.25
845.952	8195.92
851.255	8112.25
856.552	8035.58
861.844	7950.58
867.13	7887.92
872.41	7795.58
877.686	7692.92
882.955	7603.25
888.219	7467.92
893.478	7336.58
898.731	7211.58
903.979	7099.25
909.221	7024.25
914.458	6958.25
919.69	6895.92
924.916	6864.92
930.136	6860.58
935.351	6807.58
940.561	6817.92
945.766	6758.92
950.965	6717.25
956.158	6633.58
961.347	6552.25
966.529	6455.58
971.707	6352.58
976.879	6265.92
982.046	6199.58
987.208	6173.58
992.364	6135.92
997.515	6154.25
1002.66	6187.92
1007.801	6210.92
1012.936	6259.92
1018.066	6283.25
1023.19	6333.25
1028.309	6308.58
1033.423	6279.92
1038.532	6270.25
1043.636	6181.92
1048.734	6124.92
1053.827	6143.58
1058.915	6008.58
1063.998	5967.58
1069.075	5951.92
1074.147	5942.92
1079.214	5949.58
1084.276	5969.25
1089.333	6028.58
1094.385	6050.25
1099.431	6077.92
1104.472	6057.92
1109.509	6032.58
1114.54	5938.25
1119.565	5876.58
1124.586	5803.58
1129.602	5762.25
1134.613	5729.92
1139.618	5684.25
1144.619	5691.25
1149.614	5691.25
1154.604	5700.25
1159.589	5738.92
1164.57	5758.58
1169.545	5769.58
1174.515	5778.58
1179.48	5754.58
1184.44	5715.25
1189.395	5665.92
1194.345	5646.58
1199.29	5614.25
1204.23	5618.25
1209.165	5640.92
1214.095	5654.58
1219.021	5672.25
1223.941	5722.58
1228.856	5750.92
1233.766	5773.25
1238.672	5776.58
1243.572	5759.58
1248.467	5705.58
1253.358	5642.92
1258.244	5568.92
1263.124	5473.92
1268	5415.25
1272.871	5359.92
1277.737	5322.92
1282.599	5290.58
1287.455	5289.25
1292.306	5295.58
1297.153	5344.25
1301.995	5362.58
1306.832	5370.58
1311.664	5412.92
1316.491	5403.92
1321.314	5388.25
1326.132	5360.25
1330.945	5325.92
1335.753	5294.58
1340.556	5254.25
1345.354	5207.92
1350.148	5193.25
1354.937	5157.25
1359.722	5094.58
1364.501	5015.25
1369.276	4937.92
1374.046	4870.25
1378.811	4813.92
1383.572	4753.58
1388.327	4702.92
1393.079	4669.25
1397.825	4661.25
1402.567	4629.25
1407.304	4604.25
1412.036	4591.25
1416.764	4587.58
1421.487	4589.25
1426.205	4623.92
1430.919	4651.25
1435.628	4715.92
1440.333	4755.92
1445.032	4791.25
1449.727	4807.58
1454.418	4823.58
1459.104	4838.25
1463.785	4835.58
1468.462	4833.58
1473.134	4797.25
1477.802	4798.92
1482.465	4805.58
1487.123	4823.25
1491.777	4847.25
1496.426	4890.25
1501.071	4927.25
1505.711	4969.92
1510.347	5004.25
1514.978	5016.25
1519.604	5010.58
1524.226	4999.58
1528.844	4951.58
1533.457	4929.25
1538.065	4904.58
1542.669	4889.58
1547.269	4896.58
1551.864	4890.25
1556.454	4969.92
1561.041	5036.58
1565.622	5109.58
1570.199	5190.25
1574.772	5289.25
1579.34	5423.58
1583.904	5547.25
1588.464	5665.58
1593.019	5813.92
1597.569	5918.58
1602.115	6039.92
1606.657	6132.25
1611.195	6215.92
1615.728	6347.25
1620.256	6471.25
1624.78	6627.58
1629.3	6744.92
1633.816	6840.58
1638.327	6966.25
1642.834	7082.58
1647.336	7139.25
1651.834	7153.25
1656.328	7139.92
1660.817	7099.25
1665.302	6964.92
1669.783	6826.92
1674.259	6653.25
1678.732	6441.25
1683.199	6232.58
1687.663	6025.25
1692.122	5778.92
1696.577	5539.25
1701.028	5225.25
1705.474	4970.92
1709.917	4742.25
1714.355	4540.92
1718.788	4369.92
1723.218	4256.58
1727.643	4139.92
1732.064	4028.25
1736.481	3902.92
1740.893	3783.92
1745.301	3657.25
1749.705	3519.92
1754.105	3429.58
1758.501	3330.92
1762.893	3259.25
1767.28	3206.58
1771.663	3184.58
1776.042	3169.25
1780.417	3179.92
1784.787	3182.92
1789.154	3170.58
1793.516	3151.25
1797.874	3100.92
1802.228	3020.92
1806.578	2932.92
1810.924	2839.92
1815.266	2771.25
1819.603	2734.25
1823.937	2695.58
1828.266	2679.92
1832.591	2666.25
1836.913	2677.92
1841.23	2668.92
1845.543	2688.58
1849.852	2682.92
1854.156	2703.25
1858.457	2717.25
1862.754	2731.92
1867.047	2750.25
1871.335	2778.58
1875.62	2784.58
1879.9	2815.92
1884.177	2804.25
1888.449	2802.92
1892.718	2812.25
1896.982	2806.58
1901.243	2819.58
1905.499	2812.92
1909.752	2820.92
1914	2851.58
1918.245	2857.92
1922.485	2876.92
1926.722	2877.25
1930.954	2900.92
1935.183	2889.25
1939.408	2894.58
1943.628	2859.58
1947.845	2844.25
1952.058	2798.25
1956.267	2757.92
1960.472	2700.92
1964.673	2671.92
1968.87	2624.25
1973.063	2602.92
1977.252	2583.25
1981.438	2580.58
1985.619	2574.92
1989.797	2576.92
1993.971	2587.92
1998.14	2600.25
2002.306	2618.92
2006.469	2645.92
2010.627	2654.58
2014.781	2678.25
2018.932	2685.58
2023.078	2690.58
2027.221	2680.25
2031.36	2677.92
2035.495	2664.58
2039.627	2659.25
2043.754	2654.92
2047.878	2675.58
2051.998	2702.25
2056.114	2703.92
2060.226	2730.25
2064.334	2744.58
2068.439	2775.25
2072.54	2815.92
2076.637	2842.25
2080.73	2864.58
2084.82	2865.58
2088.906	2873.92
2092.988	2864.92
2097.066	2840.25
2101.14	2810.92
2105.211	2790.25
2109.278	2769.58
2113.342	2723.25
2117.401	2693.58
2121.457	2672.58
2125.509	2635.25
2129.558	2620.92
2133.602	2599.58
2137.643	2574.92
2141.681	2551.25
2145.714	2546.58
2149.744	2528.92
2153.77	2533.25
2157.793	2493.92
2161.812	2463.58
2165.827	2434.58
2169.838	2399.58
2173.846	2362.58
2177.851	2323.58
2181.851	2294.58
2185.848	2271.25
2189.841	2241.92
2193.831	2224.25
2197.817	2221.25
2201.799	2192.25
2205.778	2175.25
2209.753	2153.58
2213.725	2154.92
2217.693	2131.25
2221.657	2118.25
2225.618	2113.92
2229.575	2095.58
2233.529	2070.58
2237.479	2032.58
2241.425	2012.25
2245.368	1981.92
2249.307	1957.58
2253.243	1932.92
2257.175	1892.25
2261.104	1868.58
2265.029	1840.58
2268.95	1816.25
2272.868	1789.58
2276.783	1762.25
2280.694	1742.58
2284.601	1719.58
2288.505	1686.58
2292.405	1672.25
2296.302	1651.25
2300.195	1633.25
2304.085	1601.25
2307.971	1568.58
2311.854	1558.25
2315.734	1535.25
2319.609	1503.92
2323.482	1472.92
2327.351	1465.92
2331.216	1474.25
2335.078	1467.25
2338.937	1451.58
2342.792	1419.25
2346.643	1411.92
2350.492	1412.92
2354.336	1406.25
2358.178	1414.92
2362.015	1408.58
2365.85	1422.25
2369.681	1404.92
2373.508	1410.92
2377.333	1408.25
2381.153	1408.25
2384.971	1402.58
2388.785	1391.58
2392.595	1396.25
2396.402	1374.25
2400.206	1369.92
2404.007	1353.58
2407.804	1356.25
2411.597	1354.25
2415.388	1341.92
2419.174	1329.25
2422.958	1344.25
2426.738	1332.92
2430.515	1333.25
2434.289	1319.58
2438.059	1320.58
2441.825	1319.25
2445.589	1303.58
2449.349	1289.58
2453.106	1279.92
2456.859	1279.58
2460.61	1264.25
2464.356	1249.58
2468.1	1253.92
2471.84	1239.92
2475.577	1236.92
2479.311	1239.92
2483.041	1237.25
2486.768	1240.58
2490.492	1230.58
2494.213	1248.25
2497.93	1235.58
2501.644	1240.58
2505.355	1234.25
2509.062	1230.25
2512.766	1235.25
2516.467	1231.58
2520.165	1231.58
2523.859	1217.25
2527.551	1218.58
2531.239	1207.92
2534.923	1205.25
2538.605	1204.25
2542.283	1196.92
2545.958	1194.58
2549.63	1182.58
2553.299	1187.25
2556.964	1168.92
2560.626	1169.25
2564.285	1155.25
2567.941	1160.58
2571.594	1139.25
2575.243	1135.92
2578.89	1127.58
2582.533	1120.58
2586.173	1101.58
2589.809	1086.92
2593.443	1075.25
2597.073	1066.58
2600.701	1057.92
2604.325	1041.25
2607.946	1046.25
2611.564	1032.25
2615.178	1023.58
2618.79	1025.58
2622.398	1022.92
2626.004	1018.58
2629.606	1002.58
2633.205	996.58
2636.801	989.58
2640.394	992.58
2643.983	982.92
2647.57	978.58
2651.153	967.92
2654.734	961.25
2658.311	957.92
2661.885	952.92
2665.456	949.92
2669.025	953.25
2672.589	947.25
2676.151	947.25
2679.71	945.25
2683.266	938.58
2686.819	930.25
2690.368	932.25
2693.915	926.58
2697.458	934.58
2700.999	924.25
2704.536	927.92
2708.071	917.25
2711.602	901.92
2715.13	908.92
2718.656	918.25
2722.178	914.25
2725.697	934.58
2729.214	945.92
2732.727	956.92
2736.237	968.58
2739.744	975.92
2743.249	977.25
2746.75	978.92
2750.248	972.25
2753.743	980.25
2757.236	971.92
2760.725	961.92
2764.211	948.58
2767.695	946.92
2771.175	942.58
2774.652	937.25
2778.127	932.92
2781.598	942.58
2785.067	941.92
2788.532	961.58
2791.995	978.92
2795.455	975.92
2798.911	998.92
2802.365	1010.58
2805.816	1020.58
2809.264	1038.25
2812.709	1045.92
2816.151	1054.92
2819.59	1060.92
2823.026	1076.92
2826.46	1078.25
2829.89	1087.92
2833.318	1100.92
2836.742	1108.92
2840.164	1119.58
2843.583	1135.58
2846.999	1143.58
2850.412	1165.25
2853.822	1180.25
2857.229	1192.25
2860.634	1204.58
2864.035	1212.25
2867.434	1232.25
2870.83	1241.58
2874.223	1261.58
2877.613	1284.25
2881	1283.58
2884.385	1301.58
2887.766	1307.92
2891.145	1312.92
2894.521	1337.92
2897.894	1352.58
2901.264	1366.92
2904.631	1380.25
2907.996	1395.92
2911.358	1403.92
2914.717	1436.92
2918.073	1459.58
2921.426	1488.25
2924.777	1518.25
2928.124	1541.58
2931.469	1576.92
2934.811	1620.58
2938.15	1650.58
2941.487	1679.92
2944.821	1722.92
2948.152	1748.58
2951.48	1777.92
2954.805	1799.25
2958.128	1848.25
2961.447	1886.25
2964.765	1931.25
2968.079	1963.92
2971.39	2017.92
2974.699	2075.25
2978.005	2126.25
2981.308	2178.92
2984.609	2238.25
2987.907	2300.25
2991.202	2365.92
2994.494	2421.58
2997.784	2482.58
3001.07	2541.25
3004.355	2607.25
3007.636	2666.92
3010.915	2719.92
3014.191	2769.25
3017.464	2807.58
3020.734	2851.25
3024.002	2916.58
3027.267	2955.92
3030.53	3014.58
3033.789	3089.58
3037.046	3162.25
3040.301	3239.58
3043.552	3316.58
3046.801	3394.25
3050.048	3481.58
3053.291	3585.58
3056.532	3692.58
3059.771	3797.92
3063.006	3916.58
3066.239	4043.92
3069.469	4164.92
3072.697	4292.92
3075.922	4401.25
3079.144	4513.25
3082.364	4627.58
3085.581	4740.25
3088.795	4855.58
3092.007	4968.25
3095.216	5082.25
3098.423	5212.92
3101.627	5324.25
3104.828	5443.25
3108.026	5557.25
3111.222	5693.58
3114.416	5830.25
3117.607	5933.25
3120.795	6077.92
3123.98	6223.25
3127.163	6375.25
3130.344	6520.25
3133.521	6667.25
3136.696	6792.92
3139.869	6915.25
3143.039	7029.92
3146.206	7148.58
3149.371	7242.92
3152.533	7305.58
3155.693	7371.25
3158.85	7428.25
3162.005	7465.25
3165.157	7518.92
3168.306	7536.25
3171.453	7598.58
3174.597	7607.92
3177.739	7638.58
3180.878	7660.58
3184.014	7713.92
3187.149	7730.25
3190.28	7771.58
3193.409	7785.58
3196.536	7824.25
3199.659	7857.58
3202.781	7866.92
3205.9	7930.92
3209.016	7928.92
3212.13	7913.25
3215.241	7898.25
3218.35	7859.58
3221.456	7814.92
3224.56	7765.25
3227.661	7732.25
3230.76	7672.92
3233.856	7632.92
3236.95	7558.58
3240.041	7531.58
3243.13	7483.25
3246.216	7447.92
3249.3	7416.92
3252.382	7392.25
3255.46	7368.25
3258.537	7348.58
3261.611	7324.58
3264.682	7286.25
3267.751	7283.25
3270.818	7265.58
3273.882	7191.92
3276.943	7161.58
3280.002	7105.58
3283.059	7048.92
3286.113	6969.58
3289.165	6879.92
3292.214	6774.25
3295.261	6688.25
3298.306	6618.92
3301.348	6511.25
3304.387	6419.92
3307.425	6348.92
3310.459	6282.92
3313.492	6212.92
3316.521	6156.92
3319.549	6099.25
3322.574	6038.25
3325.597	6020.58
3328.617	5989.25
3331.635	5960.25
3334.65	5908.58
3337.663	5914.58
3340.674	5876.25
3343.682	5877.58
3346.688	5872.92
3349.691	5832.92
3352.692	5817.92
3355.691	5810.25
3358.687	5746.58
3361.681	5717.92
3364.673	5654.58
3367.662	5597.25
3370.649	5544.25
3373.633	5483.92
3376.615	5416.25
3379.595	5351.92
3382.572	5304.25
3385.547	5243.25
3388.52	5198.58
3391.49	5161.25
3394.458	5070.58
3397.424	5033.25
3400.387	4990.58
3403.348	4929.25
3406.307	4896.92
3409.263	4859.58
3412.217	4829.58
3415.168	4790.92
3418.118	4747.25
3421.065	4703.92
3424.009	4674.25
3426.951	4613.92
3429.891	4558.92
3432.829	4492.25
3435.764	4434.25
3438.697	4341.92
3441.628	4271.25
3444.557	4188.25
3447.483	4075.58
3450.407	3998.58
3453.328	3932.92
3456.247	3824.92
3459.164	3741.25
3462.079	3646.25
3464.991	3566.58
3467.902	3485.25
3470.809	3405.58
3473.715	3330.92
3476.618	3269.25
3479.519	3184.25
3482.418	3113.58
3485.315	3050.58
3488.209	2989.58
3491.101	2924.25
3493.99	2869.92
3496.878	2803.25
3499.763	2742.92
3502.646	2666.92
3505.527	2608.92
3508.405	2523.25
3511.281	2460.25
3514.155	2377.25
3517.027	2314.25
3519.897	2220.58
3522.764	2158.25
3525.629	2094.25
3528.492	2009.25
3531.352	1935.92
3534.211	1858.25
3537.067	1801.58
3539.921	1730.92
3542.773	1679.92
3545.622	1611.25
3548.469	1561.58
3551.315	1508.25
3554.157	1457.92
3556.998	1413.58
3559.837	1364.58
3562.673	1327.58
3565.507	1287.92
3568.339	1243.58
3571.169	1208.25
3573.996	1171.25
3576.822	1129.58
3579.645	1091.58
3582.466	1053.25
3585.285	1021.58
3588.101	982.92
3590.916	941.58
3593.728	917.58
3596.538	889.25
3599.346	844.92
3602.152	822.58
3604.956	792.25
3607.757	753.25
3610.556	727.25
3613.354	703.92
3616.149	675.92
3618.942	658.58
3621.732	631.92
3624.521	616.92
3627.307	594.58
3630.092	577.25
3632.874	559.25
3635.654	540.58
3638.432	525.92
3641.208	503.92
3643.982	483.58
3646.753	473.58
3649.523	448.92
3652.29	434.25
3655.055	420.25
3657.818	397.92
3660.579	383.92
3663.338	398.25
3666.095	373.58
3668.849	338.25
3671.602	323.92
3674.352	307.25
3677.101	298.25
3679.847	283.25
3682.591	273.58
3685.333	261.25
3688.073	247.25
3690.811	242.92
3693.547	236.92
3696.281	224.92
3699.013	214.25
3701.742	204.58
3704.47	203.25
3707.195	190.25
3709.919	182.25
3712.64	174.58
3715.359	169.25
3718.076	164.92
3720.792	152.25
3723.505	153.25
3726.216	148.25
3728.925	143.25
3731.632	138.92
3734.336	136.25
3737.039	130.25
3739.74	126.25
3742.439	115.92
3745.136	115.92
3747.83	108.92
3750.523	109.92
3753.213	107.25
3755.902	105.25
3758.589	100.92
3761.273	100.25
3763.956	94.92
3766.636	92.92
3769.315	91.25
3771.991	86.58
3774.665	80.92
3777.338	79.25
3780.008	81.58
3782.677	78.92
3785.343	77.58
3788.007	69.58
3790.67	74.58
3793.33	67.25
3795.989	68.92
3798.645	67.92
3801.299	67.58
3803.952	60.58
3806.602	62.25
3809.251	64.92
3811.897	54.25
3814.542	58.58
3817.184	57.92
3819.825	57.92
3822.463	55.92
3825.1	53.92
3827.735	56.25
3830.367	50.58
3832.998	51.25
3835.627	50.58
3838.253	49.25
3840.878	45.25
3843.501	42.58
3846.122	46.58
3848.741	45.92
3851.358	44.58
3853.973	44.92
3856.586	43.58
3859.197	43.25
3861.806	38.25
3864.414	37.25
3867.019	43.92
3869.622	42.92
3872.224	53.25
3874.823	66.58
3877.421	84.25
3880.016	110.92
3882.61	132.92
3885.202	139.92
3887.792	118.58
3890.38	79.25
3892.966	32.92
3895.55	26.25
3898.132	37.92
3900.713	30.58
3903.291	29.25
3905.868	30.92
3908.442	28.25
3911.015	29.92
3913.586	28.92
3916.155	27.25
3918.722	26.58
3921.287	28.58
3923.85	23.92
3926.411	27.25
3928.971	22.58
3931.528	18.92
3934.084	21.58
3936.638	22.92
3939.19	19.58
3941.74	22.25
3944.288	23.25
3946.834	19.92
3949.378	20.25
3951.921	20.58
3954.462	22.58
3957	27.92
3959.537	23.58
3962.072	28.92
3964.606	23.58
3967.137	23.58
3969.667	22.58
3972.194	25.25
3974.72	25.58
3977.244	30.58
3979.766	33.92
3982.286	31.25
3984.805	33.25
3987.321	35.58
3989.836	36.58
3992.349	39.58
3994.86	38.92
3997.369	34.92
3999.877	38.92
4002.382	33.92
4004.886	33.25
4007.388	35.25
4009.888	32.92
4012.386	31.25
4014.883	30.58
4017.377	29.25
4019.87	30.58
4022.361	33.25
4024.85	25.92
4027.338	31.25
4029.823	30.58
4032.307	27.92
4034.789	28.58
4037.269	27.58
4039.747	28.58
4042.224	23.92
4044.699	25.58
4047.172	22.92
4049.643	27.25
4052.112	30.92
4054.58	23.92
4057.046	23.25
4059.51	27.92
4061.972	25.25
4064.432	27.58
4066.891	27.25
4069.348	25.92
4071.803	27.92
4074.256	24.58
4076.708	26.58
4079.158	29.25
4081.606	26.25
4084.052	23.92
4086.497	25.25
4088.939	25.58
4091.38	25.92
4093.819	29.92
4096.257	4.25
4098.693	0.92
4101.127	-2.42
4103.559	1.58
4105.989	273.92
4108.418	282.58
4110.845	315.58
4113.27	335.25
4115.694	363.25
4118.115	417.25
4120.535	27.92
4122.954	26.58
4125.37	25.58
4127.785	22.92
4130.198	25.25
4132.609	24.25
4135.019	-2.75
4137.427	-0.42
4139.833	-0.42
4142.237	-0.75
