160.701	556.88
166.742	737.21
172.777	1253.54
178.805	2909.21
184.826	7045.88
190.841	14539.54
196.849	23546.88
202.85	30153.21
208.845	32156.21
214.833	31300.54
220.815	30092.88
226.789	29165.54
232.758	28380.21
238.719	27526.54
244.674	26519.21
250.623	25442.88
256.565	24347.88
262.5	23240.21
268.429	22256.88
274.351	21417.21
280.267	20588.88
286.176	19947.21
292.079	19343.88
297.975	18807.88
303.865	18280.21
309.748	17838.21
315.625	17466.88
321.495	17169.54
327.359	16944.88
333.217	16773.54
339.068	16676.88
344.912	16612.88
350.751	16540.88
356.583	16521.54
362.408	16501.21
368.227	16582.54
374.04	16686.88
379.847	16864.88
385.647	17043.21
391.44	17039.54
397.228	16942.88
403.009	16957.88
408.784	17162.54
414.553	17584.88
420.315	18139.21
426.071	18281.54
431.821	17743.21
437.565	17175.88
443.302	16954.88
449.033	16819.21
454.758	16704.54
460.477	16621.21
466.189	16494.88
471.896	16408.88
477.596	16269.54
483.29	16195.21
488.978	16073.88
494.66	15976.54
500.335	15782.88
506.005	15523.21
511.668	15274.88
517.325	14989.21
522.977	14712.88
528.622	14536.88
534.261	14357.21
539.894	14186.88
545.521	14074.21
551.141	13973.88
556.756	13884.88
562.365	13769.21
567.968	13671.88
573.565	13592.88
579.155	13533.54
584.74	13411.54
590.319	13304.21
595.892	13177.21
601.459	13058.88
607.02	12973.54
612.575	12827.88
618.124	12711.88
623.667	12568.88
629.204	12488.21
634.735	12409.88
640.261	12406.21
645.781	12493.21
651.294	12519.21
656.802	12352.21
662.304	12101.21
667.8	11923.54
673.29	11816.88
678.775	11739.88
684.254	11652.54
689.726	11573.88
695.193	11465.21
700.655	11395.88
706.11	11277.88
711.56	11188.54
717.004	11102.21
722.442	11071.88
727.874	11014.21
733.301	11020.54
738.722	11021.54
744.137	10927.54
749.547	10842.88
754.951	10802.21
760.349	10710.21
765.741	10604.21
771.128	10503.54
776.509	10464.54
781.885	10441.88
787.254	10371.54
792.618	10291.54
797.977	10201.21
803.33	10092.21
808.677	9973.21
814.019	9858.54
819.355	9734.54
824.686	9632.21
830.011	9521.88
835.33	9470.88
840.644	9389.21
845.952	9313.88
851.255	9263.54
856.552	9178.21
861.844	9118.21
867.13	9015.21
872.41	8947.88
877.686	8832.88
882.955	8708.54
888.219	8579.54
893.478	8429.54
898.731	8285.54
903.979	8161.21
909.221	8063.88
914.458	8016.21
919.69	7939.88
924.916	7906.88
930.136	7893.54
935.351	7835.54
940.561	7827.54
945.766	7760.88
950.965	7736.21
956.158	7644.54
961.347	7555.21
966.529	7440.21
971.707	7340.54
976.879	7212.88
982.046	7147.88
987.208	7092.88
992.364	7075.21
997.515	7106.21
1002.66	7123.21
1007.801	7136.21
1012.936	7218.88
1018.066	7231.88
1023.19	7247.54
1028.309	7260.88
1033.423	7245.21
1038.532	7183.88
1043.636	7127.21
1048.734	7058.21
1053.827	6951.54
1058.915	6888.54
1063.998	6862.88
1069.075	6822.88
1074.147	6817.21
1079.214	6839.88
1084.276	6869.21
1089.333	6895.88
1094.385	6918.54
1099.431	6955.54
1104.472	6948.54
1109.509	6915.54
1114.54	6826.21
1119.565	6750.88
1124.586	6678.88
1129.602	6603.21
1134.613	6558.88
1139.618	6535.88
1144.619	6511.54
1149.614	6539.21
1154.604	6567.21
1159.589	6561.21
1164.57	6593.54
1169.545	6623.21
1174.515	6622.21
1179.48	6587.54
1184.44	6559.54
1189.395	6492.21
1194.345	6471.54
1199.29	6425.54
1204.23	6428.54
1209.165	6452.88
1214.095	6488.21
1219.021	6529.21
1223.941	6575.54
1228.856	6590.54
1233.766	6590.21
1238.672	6603.88
1243.572	6586.88
1248.467	6539.88
1253.358	6459.21
1258.244	6374.54
1263.124	6285.88
1268	6178.88
1272.871	6136.54
1277.737	6073.88
1282.599	6048.88
1287.455	6081.21
1292.306	6105.21
1297.153	6168.54
1301.995	6190.21
1306.832	6216.88
1311.664	6233.21
1316.491	6212.54
1321.314	6195.21
1326.132	6161.88
1330.945	6117.21
1335.753	6073.21
1340.556	6014.21
1345.354	6019.54
1350.148	5977.54
1354.937	5939.54
1359.722	5892.88
1364.501	5855.88
1369.276	5814.21
1374.046	5766.21
1378.811	5726.54
1383.572	5706.21
1388.327	5655.88
1393.079	5592.54
1397.825	5474.88
1402.567	5417.88
1407.304	5348.21
1412.036	5317.54
1416.764	5300.54
1421.487	5313.88
1426.205	5314.54
1430.919	5359.88
1435.628	5413.88
1440.333	5479.21
1445.032	5520.21
1449.727	5566.21
1454.418	5591.54
1459.104	5597.88
1463.785	5608.21
1468.462	5574.21
1473.134	5566.88
1477.802	5580.88
1482.465	5602.54
1487.123	5624.21
1491.777	5695.54
1496.426	5763.54
1501.071	5799.54
1505.711	5885.88
1510.347	5941.88
1514.978	5985.21
1519.604	5996.54
1524.226	5994.21
1528.844	5958.21
1533.457	5917.21
1538.065	5888.88
1542.669	5850.21
1547.269	5796.88
1551.864	5812.54
1556.454	5845.21
1561.041	5865.88
1565.622	5932.54
1570.199	6011.21
1574.772	6108.88
1579.34	6230.54
1583.904	6369.21
1588.464	6482.21
1593.019	6594.88
1597.569	6711.54
1602.115	6809.21
1606.657	6913.88
1611.195	7025.88
1615.728	7095.21
1620.256	7267.21
1624.78	7373.21
1629.3	7553.21
1633.816	7672.21
1638.327	7803.54
1642.834	7900.21
1647.336	7984.21
1651.834	8029.21
1656.328	8001.54
1660.817	7965.88
1665.302	7884.54
1669.783	7701.54
1674.259	7520.88
1678.732	7325.88
1683.199	7110.88
1687.663	6902.88
1692.122	6667.21
1696.577	6419.54
1701.028	6163.54
1705.474	5907.88
1709.917	5672.21
1714.355	5468.88
1718.788	5306.21
1723.218	5153.54
1727.643	4993.54
1732.064	4834.54
1736.481	4700.21
1740.893	4538.54
1745.301	4397.54
1749.705	4260.21
1754.105	4136.54
1758.501	4037.54
1762.893	3943.88
1767.28	3879.21
1771.663	3854.88
1776.042	3846.54
1780.417	3892.88
1784.787	3904.54
1789.154	3914.54
1793.516	3919.21
1797.874	3891.21
1802.228	3836.88
1806.578	3744.54
1810.924	3627.21
1815.266	3566.88
1819.603	3468.21
1823.937	3407.21
1828.266	3358.21
1832.591	3330.21
1836.913	3308.54
1841.23	3287.21
1845.543	3276.21
1849.852	3304.21
1854.156	3287.21
1858.457	3318.88
1862.754	3329.54
1867.047	3335.21
1871.335	3377.54
1875.62	3387.21
1879.9	3419.88
1884.177	3405.88
1888.449	3424.54
1892.718	3442.88
1896.982	3449.88
1901.243	3465.21
1905.499	3456.88
1909.752	3480.88
1914	3526.54
1918.245	3528.88
1922.485	3578.54
1926.722	3603.21
1930.954	3629.54
1935.183	3636.54
1939.408	3652.54
1943.628	3607.21
1947.845	3599.54
1952.058	3559.88
1956.267	3500.54
1960.472	3411.54
1964.673	3358.88
1968.87	3296.88
1973.063	3236.54
1977.252	3193.54
1981.438	3162.21
1985.619	3149.21
1989.797	3130.88
1993.971	3126.21
1998.14	3126.21
2002.306	3135.88
2006.469	3150.88
2010.627	3166.88
2014.781	3171.54
2018.932	3174.54
2023.078	3170.21
2027.221	3159.88
2031.36	3145.21
2035.495	3132.54
2039.627	3109.54
2043.754	3127.54
2047.878	3125.88
2051.998	3140.54
2056.114	3149.21
2060.226	3188.54
2064.334	3201.54
2068.439	3258.88
2072.54	3275.54
2076.637	3319.21
2080.73	3340.54
2084.82	3354.54
2088.906	3372.54
2092.988	3352.21
2097.066	3344.88
2101.14	3298.88
2105.211	3287.54
2109.278	3255.88
2113.342	3212.54
2117.401	3171.54
2121.457	3129.21
2125.509	3100.88
2129.558	3063.54
2133.602	3027.88
2137.643	3009.21
2141.681	2983.21
2145.714	2945.21
2149.744	2936.21
2153.77	2902.54
2157.793	2866.54
2161.812	2811.88
2165.827	2789.54
2169.838	2751.88
2173.846	2689.21
2177.851	2641.54
2181.851	2602.54
2185.848	2577.21
2189.841	2552.88
2193.831	2515.54
2197.817	2495.21
2201.799	2462.88
2205.778	2442.88
2209.753	2430.21
2213.725	2414.54
2217.693	2402.21
2221.657	2378.21
2225.618	2375.54
2229.575	2340.54
2233.529	2322.21
2237.479	2281.88
2241.425	2241.21
2245.368	2209.88
2249.307	2171.54
2253.243	2131.54
2257.175	2109.54
2261.104	2061.21
2265.029	2027.88
2268.95	2000.54
2272.868	1966.21
2276.783	1945.88
2280.694	1900.88
2284.601	1884.54
2288.505	1846.21
2292.405	1826.88
2296.302	1798.21
2300.195	1769.54
2304.085	1738.88
2307.971	1708.54
2311.854	1681.54
2315.734	1645.88
2319.609	1619.88
2323.482	1598.54
2327.351	1569.54
2331.216	1570.54
2335.078	1555.88
2338.937	1527.54
2342.792	1501.88
2346.643	1483.54
2350.492	1478.88
2354.336	1479.54
2358.178	1482.54
2362.015	1481.21
2365.85	1467.54
2369.681	1472.21
2373.508	1470.21
2377.333	1463.88
2381.153	1451.54
2384.971	1440.88
2388.785	1446.88
2392.595	1422.88
2396.402	1417.54
2400.206	1406.54
2404.007	1405.54
2407.804	1386.88
2411.597	1387.54
2415.388	1384.88
2419.174	1367.21
2422.958	1375.21
2426.738	1349.54
2430.515	1358.54
2434.289	1340.54
2438.059	1341.21
2441.825	1337.54
2445.589	1329.21
2449.349	1316.54
2453.106	1297.54
2456.859	1292.21
2460.61	1283.21
2464.356	1272.21
2468.1	1262.88
2471.84	1259.54
2475.577	1262.88
2479.311	1249.21
2483.041	1253.54
2486.768	1258.54
2490.492	1259.21
2494.213	1272.54
2497.93	1255.54
2501.644	1263.54
2505.355	1254.54
2509.062	1256.54
2512.766	1257.54
2516.467	1246.88
2520.165	1251.54
2523.859	1253.21
2527.551	1240.88
2531.239	1235.88
2534.923	1226.54
2538.605	1231.54
2542.283	1222.21
2545.958	1212.21
2549.63	1216.88
2553.299	1211.21
2556.964	1217.54
2560.626	1201.54
2564.285	1200.54
2567.941	1194.54
2571.594	1184.54
2575.243	1168.88
2578.89	1162.54
2582.533	1154.88
2586.173	1133.88
2589.809	1123.21
2593.443	1112.54
2597.073	1101.88
2600.701	1094.21
2604.325	1084.21
2607.946	1076.21
2611.564	1070.21
2615.178	1068.21
2618.79	1049.88
2622.398	1053.21
2626.004	1044.21
2629.606	1024.54
2633.205	1017.88
2636.801	1010.54
2640.394	1004.21
2643.983	989.88
2647.57	988.54
2651.153	981.21
2654.734	971.88
2658.311	968.88
2661.885	962.88
2665.456	961.88
2669.025	957.21
2672.589	962.21
2676.151	953.54
2679.71	954.21
2683.266	949.88
2686.819	944.21
2690.368	932.21
2693.915	938.54
2697.458	927.21
2700.999	919.54
2704.536	921.54
2708.071	925.88
2711.602	917.54
2715.13	915.88
2718.656	924.54
2722.178	930.21
2725.697	933.88
2729.214	965.21
2732.727	961.21
2736.237	977.21
2739.744	982.21
2743.249	1003.21
2746.75	1009.54
2750.248	1006.88
2753.743	1015.88
2757.236	1003.88
2760.725	1012.88
2764.211	988.54
2767.695	983.88
2771.175	985.54
2774.652	982.54
2778.127	989.88
2781.598	988.88
2785.067	982.54
2788.532	997.88
2791.995	999.21
2795.455	1021.54
2798.911	1031.88
2802.365	1039.21
2805.816	1056.88
2809.264	1072.54
2812.709	1078.21
2816.151	1086.54
2819.59	1096.88
2823.026	1109.54
2826.46	1126.54
2829.89	1124.21
2833.318	1133.54
2836.742	1136.88
2840.164	1149.54
2843.583	1171.21
2846.999	1193.54
2850.412	1203.21
2853.822	1215.88
2857.229	1228.88
2860.634	1241.54
2864.035	1259.54
2867.434	1270.88
2870.83	1294.88
2874.223	1305.88
2877.613	1321.21
2881	1320.88
2884.385	1343.21
2887.766	1359.21
2891.145	1358.21
2894.521	1376.21
2897.894	1388.54
2901.264	1411.54
2904.631	1427.88
2907.996	1439.54
2911.358	1471.21
2914.717	1488.54
2918.073	1513.21
2921.426	1543.21
2924.777	1578.21
2928.124	1601.54
2931.469	1636.54
2934.811	1667.21
2938.15	1710.21
2941.487	1744.88
2944.821	1779.21
2948.152	1806.88
2951.48	1839.88
2954.805	1880.54
2958.128	1922.21
2961.447	1955.54
2964.765	2006.88
2968.079	2044.88
2971.39	2108.88
2974.699	2160.21
2978.005	2219.54
2981.308	2276.21
2984.609	2329.54
2987.907	2413.21
2991.202	2464.88
2994.494	2548.21
2997.784	2602.21
3001.07	2668.88
3004.355	2739.21
3007.636	2796.54
3010.915	2857.21
3014.191	2902.21
3017.464	2941.88
3020.734	3004.88
3024.002	3058.21
3027.267	3115.54
3030.53	3178.54
3033.789	3252.54
3037.046	3309.54
3040.301	3388.54
3043.552	3477.21
3046.801	3566.54
3050.048	3663.54
3053.291	3755.21
3056.532	3871.21
3059.771	3994.54
3063.006	4109.54
3066.239	4229.21
3069.469	4368.88
3072.697	4500.21
3075.922	4613.54
3079.144	4741.21
3082.364	4857.21
3085.581	4978.88
3088.795	5077.21
3092.007	5215.88
3095.216	5347.54
3098.423	5449.88
3101.627	5590.54
3104.828	5695.21
3108.026	5826.21
3111.222	5978.88
3114.416	6108.54
3117.607	6233.54
3120.795	6376.88
3123.98	6541.21
3127.163	6677.88
3130.344	6846.54
3133.521	7007.21
3136.696	7131.54
3139.869	7276.54
3143.039	7392.88
3146.206	7491.21
3149.371	7612.54
3152.533	7672.54
3155.693	7764.54
3158.85	7820.21
3162.005	7852.21
3165.157	7900.88
3168.306	7941.54
3171.453	7968.21
3174.597	7985.54
3177.739	8030.88
3180.878	8070.21
3184.014	8087.21
3187.149	8136.88
3190.28	8182.87
3193.409	8209.54
3196.536	8234.54
3199.659	8257.54
3202.781	8306.88
3205.9	8321.88
3209.016	8335.88
3212.13	8339.88
3215.241	8329.54
3218.35	8276.54
3221.456	8213.54
3224.56	8196.54
3227.661	8135.54
3230.76	8057.88
3233.856	8017.54
3236.95	7977.21
3240.041	7939.54
3243.13	7866.88
3246.216	7846.21
3249.3	7805.88
3252.382	7786.54
3255.46	7778.21
3258.537	7717.21
3261.611	7711.21
3264.682	7695.88
3267.751	7651.21
3270.818	7628.88
3273.882	7588.88
3276.943	7543.21
3280.002	7487.54
3283.059	7436.88
3286.113	7327.88
3289.165	7241.88
3292.214	7152.21
3295.261	7060.88
3298.306	6970.21
3301.348	6839.88
3304.387	6757.21
3307.425	6671.54
3310.459	6617.88
3313.492	6514.21
3316.521	6474.88
3319.549	6413.88
3322.574	6363.54
3325.597	6315.21
3328.617	6278.88
3331.635	6252.88
3334.65	6242.54
3337.663	6206.88
3340.674	6185.54
3343.682	6153.88
3346.688	6155.88
3349.691	6121.21
3352.692	6117.88
3355.691	6085.21
3358.687	6034.54
3361.681	5994.21
3364.673	5930.88
3367.662	5880.21
3370.649	5804.88
3373.633	5743.21
3376.615	5690.21
3379.595	5628.21
3382.572	5584.21
3385.547	5515.21
3388.52	5438.54
3391.49	5389.88
3394.458	5344.88
3397.424	5295.88
3400.387	5233.88
3403.348	5180.88
3406.307	5153.21
3409.263	5108.54
3412.217	5071.21
3415.168	5029.88
3418.118	4967.21
3421.065	4927.54
3424.009	4882.21
3426.951	4836.21
3429.891	4763.21
3432.829	4691.54
3435.764	4611.54
3438.697	4567.21
3441.628	4453.88
3444.557	4372.54
3447.483	4290.88
3450.407	4204.88
3453.328	4094.54
3456.247	4008.54
3459.164	3923.88
3462.079	3839.88
3464.991	3726.88
3467.902	3656.88
3470.809	3575.54
3473.715	3483.88
3476.618	3419.21
3479.519	3340.21
3482.418	3249.88
3485.315	3201.88
3488.209	3136.21
3491.101	3056.88
3493.99	2997.54
3496.878	2938.88
3499.763	2862.21
3502.646	2803.54
3505.527	2735.21
3508.405	2651.21
3511.281	2576.21
3514.155	2495.54
3517.027	2428.21
3519.897	2354.88
3522.764	2270.54
3525.629	2180.54
3528.492	2104.54
3531.352	2029.21
3534.211	1963.88
3537.067	1882.54
3539.921	1812.21
3542.773	1752.54
3545.622	1680.21
3548.469	1627.21
3551.315	1580.88
3554.157	1527.54
3556.998	1462.54
3559.837	1428.21
3562.673	1389.88
3565.507	1345.54
3568.339	1302.21
3571.169	1262.88
3573.996	1225.54
3576.822	1189.21
3579.645	1143.88
3582.466	1102.88
3585.285	1067.54
3588.101	1029.21
3590.916	990.54
3593.728	958.54
3596.538	930.21
3599.346	882.54
3602.152	848.21
3604.956	813.54
3607.757	794.21
3610.556	758.88
3613.354	739.21
3616.149	712.88
3618.942	682.21
3621.732	662.88
3624.521	641.54
3627.307	619.88
3630.092	608.21
3632.874	585.88
3635.654	561.54
3638.432	546.88
3641.208	525.54
3643.982	504.88
3646.753	488.21
3649.523	469.88
3652.29	453.54
3655.055	434.54
3657.818	415.21
3660.579	396.54
3663.338	388.88
3666.095	377.54
3668.849	350.54
3671.602	338.54
3674.352	325.21
3677.101	307.21
3679.847	293.88
3682.591	281.21
3685.333	270.88
3688.073	258.54
3690.811	250.54
3693.547	245.54
3696.281	235.21
3699.013	222.88
3701.742	215.54
3704.47	211.21
3707.195	195.21
3709.919	188.88
3712.64	184.21
3715.359	178.21
3718.076	172.54
3720.792	159.21
3723.505	158.21
3726.216	152.88
3728.925	150.54
3731.632	140.88
3734.336	137.54
3737.039	134.21
3739.74	125.54
3742.439	121.21
3745.136	122.88
3747.83	118.54
3750.523	116.88
3753.213	102.21
3755.902	107.54
3758.589	106.21
3761.273	105.88
3763.956	100.54
3766.636	97.88
3769.315	92.88
3771.991	88.21
3774.665	84.21
3777.338	82.21
3780.008	82.88
3782.677	83.54
3785.343	80.54
3788.007	74.88
3790.67	78.54
3793.33	71.54
3795.989	68.21
3798.645	67.54
3801.299	69.21
3803.952	66.88
3806.602	62.54
3809.251	64.21
3811.897	62.21
3814.542	64.21
3817.184	55.54
3819.825	56.54
3822.463	56.54
3825.1	52.21
3827.735	56.21
3830.367	51.21
3832.998	53.54
3835.627	52.88
3838.253	52.88
3840.878	44.88
3843.501	48.54
3846.122	48.54
3848.741	42.88
3851.358	45.21
3853.973	49.54
3856.586	41.54
3859.197	41.54
3861.806	45.54
3864.414	42.54
3867.019	50.88
3869.622	47.88
3872.224	59.21
3874.823	79.54
3877.421	95.21
3880.016	129.21
3882.61	163.21
3885.202	174.54
3887.792	145.54
3890.38	98.21
3892.966	41.88
3895.55	33.88
3898.132	37.21
3900.713	33.54
3903.291	31.54
3905.868	28.54
3908.442	31.54
3911.015	33.54
3913.586	31.21
3916.155	31.21
3918.722	28.54
3921.287	30.88
3923.85	28.21
3926.411	27.54
3928.971	25.54
3931.528	21.88
3934.084	23.88
3936.638	21.88
3939.19	23.21
3941.74	20.21
3944.288	24.54
3946.834	22.21
3949.378	22.88
3951.921	22.21
3954.462	22.88
3957	28.88
3959.537	28.88
3962.072	30.88
3964.606	29.88
3967.137	28.54
3969.667	27.54
3972.194	28.88
3974.72	29.88
3977.244	34.21
3979.766	36.21
3982.286	30.21
3984.805	36.88
3987.321	36.88
3989.836	38.21
3992.349	44.21
3994.86	36.21
3997.369	38.88
3999.877	39.54
4002.382	34.54
4004.886	38.21
4007.388	37.54
4009.888	36.54
4012.386	35.21
4014.883	31.88
4017.377	38.21
4019.87	34.54
4022.361	37.54
4024.85	33.21
4027.338	34.88
4029.823	36.21
4032.307	31.54
4034.789	31.21
4037.269	31.54
4039.747	32.21
4042.224	29.21
4044.699	32.88
4047.172	24.54
4049.643	24.88
4052.112	32.54
4054.58	24.54
4057.046	26.88
4059.51	26.88
4061.972	26.88
4064.432	26.54
4066.891	25.88
4069.348	26.54
4071.803	27.88
4074.256	28.54
4076.708	28.88
4079.158	27.54
4081.606	27.54
4084.052	29.54
4086.497	29.54
4088.939	30.88
4091.38	28.54
4093.819	32.21
4096.257	1.54
4098.693	0.88
4101.127	-0.46
4103.559	3.21
4105.989	321.54
4108.418	330.88
4110.845	359.88
4113.27	382.54
4115.694	414.54
4118.115	470.21
4120.535	29.88
4122.954	28.54
4125.37	29.21
4127.785	28.21
4130.198	29.88
4132.609	27.88
4135.019	-2.46
4137.427	-1.12
4139.833	-1.12
4142.237	-0.46
