4001.06	12236
3999.98	12122.5
3998.9	12444.8
3997.82	12229.8
3996.74	12244
3995.66	12242
3994.58	12311.8
3993.5	12369.9
3992.42	12229.1
3991.34	12361.3
3990.26	12146.5
3989.17	12359.6
3988.09	12339.1
3987.01	12293.2
3985.93	12249.6
3984.85	12286.9
3983.77	12338.1
3982.68	12313
3981.6	12285.6
3980.52	12299.8
3979.44	12318.6
3978.35	12261.2
3977.27	12367.7
3976.19	12248
3975.1	12301.4
3974.02	12387.1
3972.94	12191.3
3971.85	12221.6
3970.77	12567.8
3969.68	12215.3
3968.6	12291.7
3967.52	12229.8
3966.43	12361.5
3965.35	12265
3964.26	12385.2
3963.17	12251.9
3962.09	12466.4
3961	12323.9
3959.92	12342.6
3958.83	12202.5
3957.75	12322.5
3956.66	12164
3955.57	12136.7
3954.49	12196.9
3953.4	12332.9
3952.31	12406.8
3951.22	12168
3950.14	12324.6
3949.05	12428.4
3947.96	12311.4
3946.87	12254.3
3945.79	12256.9
3944.7	12447.9
3943.61	12089.9
3942.52	12457.6
3941.43	12239.8
3940.34	12201.1
3939.25	12403.4
3938.16	12293.5
3937.07	12257.1
3935.98	12291.8
3934.89	12269.2
3933.8	12319.9
3932.71	12327.1
3931.62	12400.8
3930.53	12181
3929.44	12412.8
3928.35	12342
3927.26	12298.8
3926.17	12466.3
3925.08	12475.8
3923.99	12215
3922.89	12229
3921.8	12272.8
3920.71	12419.6
3919.62	12355.8
3918.52	12344.6
3917.43	12152.7
3916.34	12361.2
3915.25	12345.5
3914.15	12112.5
3913.06	12332.3
3911.96	12280
3910.87	12168.3
3909.78	12314.9
3908.68	12185
3907.59	12208.1
3906.49	12114.8
3905.4	12259
3904.3	12062.9
3903.21	12346.3
3902.11	12319.2
3901.02	12342.3
3899.92	12244.4
3898.83	12488.9
3897.73	12126.4
3896.64	12202
3895.54	12416.6
3894.44	12125.1
3893.35	12155
3892.25	12303.5
3891.15	12217.1
3890.05	12290.4
3888.96	12106.1
3887.86	12268.1
3886.76	12252.5
3885.66	12182.2
3884.57	12193.9
3883.47	12326.2
3882.37	12148.9
3881.27	12219.8
3880.17	12317.9
3879.07	12081.6
3877.97	12461.7
3876.87	12220.9
3875.77	12271.2
3874.68	12189.7
3873.58	12319.5
3872.48	12328.9
3871.37	12240.5
3870.27	12245.4
3869.17	12209.3
3868.07	12214.1
3866.97	12305.2
3865.87	12437.2
3864.77	12337.5
3863.67	12308.3
3862.57	12102.1
3861.46	12222.6
3860.36	12347.7
3859.26	12209.6
3858.16	12062.4
3857.06	12214.7
3855.95	12276.2
3854.85	12285.5
3853.75	12376.4
3852.64	12499
3851.54	12372.4
3850.44	12279.8
3849.33	12316.3
3848.23	12341.4
3847.12	12251.1
3846.02	12308
3844.92	12396.5
3843.81	12306.2
3842.71	12161.7
3841.6	12417.6
3840.5	12406.5
3839.39	12305
3838.28	12232.9
3837.18	12301
3836.07	12206.3
3834.97	12208.8
3833.86	12394.4
3832.75	12247.8
3831.65	12214.2
3830.54	12198.6
3829.43	12370.5
3828.33	12253.4
3827.22	12127.2
3826.11	12303.5
3825	12355.7
3823.89	12236.3
3822.79	12340.4
3821.68	12356.4
3820.57	12133.4
3819.46	12309.5
3818.35	12397.7
3817.24	12458.8
3816.13	12328.3
3815.02	12294.8
3813.91	12274.7
3812.81	12243.4
3811.7	12336
3810.59	12048
3809.47	12030.3
3808.36	12285
3807.25	12334.7
3806.14	12274.2
3805.03	12162
3803.92	12414.2
3802.81	12349.2
3801.7	12223.5
3800.59	12279.9
3799.47	12134.1
3798.36	12338.9
3797.25	12408.8
3796.14	12391
3795.02	12319.4
3793.91	12537.5
3792.8	12295.1
3791.68	12450.3
3790.57	12385.4
3789.46	12280.1
3788.34	12318.5
3787.23	12159.4
3786.12	12285.3
3785	12094.9
3783.89	12359.8
3782.77	12487.9
3781.66	12432
3780.54	12167.7
3779.43	12102.9
3778.31	12338.5
3777.2	12365.6
3776.08	12119.4
3774.96	12294.4
3773.85	12238.6
3772.73	12339.6
3771.62	12465.2
3770.5	12299.8
3769.38	12165.7
3768.27	12215.2
3767.15	12284.8
3766.03	12204.5
3764.91	12276.3
3763.8	12285.5
3762.68	12285.7
3761.56	12386.5
3760.44	12319.7
3759.32	12626.1
3758.2	12275.4
3757.08	12331.5
3755.97	12258
3754.85	12340.9
3753.73	12370.1
3752.61	12209.6
3751.49	12212
3750.37	12317.2
3749.25	12299.6
3748.13	12456
3747.01	12375.8
3745.89	12440.7
3744.76	12487.8
3743.64	12454.5
3742.52	12508.2
3741.4	12332.3
3740.28	12328
3739.16	12205.7
3738.04	12508.9
3736.91	12649.5
3735.79	12544.9
3734.67	12493.9
3733.55	12356
3732.42	12336.2
3731.3	12378.7
3730.18	12452.3
3729.05	12350.1
3727.93	12517.2
3726.81	12412.8
3725.68	12566.5
3724.56	12411
3723.43	12357.8
3722.31	12466.9
3721.18	12447.1
3720.06	12496.2
3718.93	12458.6
3717.81	12289.9
3716.68	12438.9
3715.56	12392.5
3714.43	12634.7
3713.31	12266.3
3712.18	12519.6
3711.05	12442.1
3709.93	12437.8
3708.8	12131.8
3707.67	12564.6
3706.54	12487.1
3705.42	12278.9
3704.29	12241.4
3703.16	12598.5
3702.03	12259.5
3700.91	12545.6
3699.78	12366.3
3698.65	12395.3
3697.52	12481.8
3696.39	12183
3695.26	12398
3694.13	12471.3
3693	12455.9
3691.87	12294.5
3690.75	12290.3
3689.62	12279.4
3688.49	12244.2
3687.35	12403.7
3686.22	12213.7
3685.09	12393
3683.96	12417.5
3682.83	12300.5
3681.7	12333.8
3680.57	12455.5
3679.44	12484.4
3678.31	12429.4
3677.17	12431.7
3676.04	12456.2
3674.91	12456.4
3673.78	12355
3672.64	12428
3671.51	12390.6
3670.38	12346.7
3669.24	12375.5
3668.11	12486
3666.98	12276.6
3665.84	12228.3
3664.71	12369.6
3663.58	12588
3662.44	12354.5
3661.31	12577.2
3660.17	12405.5
3659.04	12410.1
3657.9	12527
3656.77	12454.5
3655.63	12393
3654.49	12393.1
3653.36	12164.4
3652.22	12136
3651.09	12475
3649.95	12448.8
3648.81	12552.3
3647.68	12578.8
3646.54	12568
3645.4	12521.9
3644.27	12618.8
3643.13	12559.6
3641.99	12581.7
3640.85	12403.8
3639.71	12344.7
3638.58	12344.9
3637.44	12551.4
3636.3	12509.8
3635.16	12514.4
3634.02	12345.5
3632.88	12494.9
3631.74	12657.4
3630.6	12350.4
3629.46	12532.6
3628.32	12657.7
3627.18	12361.8
3626.04	12559.3
3624.9	12511.2
3623.76	12410.5
3622.62	12638.5
3621.48	12546.6
3620.34	12430.6
3619.2	12568.8
3618.05	12481.3
3616.91	12577.8
3615.77	12722.3
3614.63	12626.1
3613.48	12810.1
3612.34	12525.7
3611.2	12576.1
3610.06	12543.4
3608.91	12814.7
3607.77	12635.5
3606.63	12548.2
3605.48	12633.5
3604.34	12439.1
3603.19	12675.3
3602.05	12504.9
3600.91	12559.7
3599.76	12664.6
3598.62	12872.1
3597.47	12584
3596.33	12693.3
3595.18	12586.4
3594.03	12453.4
3592.89	12892.1
3591.74	12944.5
3590.6	12682.8
3589.45	12593.5
3588.3	12744
3587.16	12515.2
3586.01	12759.4
3584.86	12770.4
3583.71	12759.6
3582.57	12955.7
3581.42	12851.2
3580.27	12729.3
3579.12	12611.8
3577.97	12853.6
3576.83	12864.5
3575.68	12797.1
3574.53	12803.7
3573.38	12731.9
3572.23	12838.6
3571.08	12795.1
3569.93	12793
3568.78	12873.5
3567.63	12627.9
3566.48	13004
3565.33	12891.1
3564.18	12743.4
3563.03	12656.5
3561.88	12713.1
3560.73	12973.8
3559.58	13032.4
3558.42	12889.1
3557.27	12767.6
3556.12	12908.8
3554.97	13054.2
3553.82	12730.9
3552.66	12765.7
3551.51	12908.9
3550.36	12705.1
3549.2	12772.4
3548.05	12785.4
3546.9	12837.5
3545.74	12867.9
3544.59	12926.4
3543.44	12930.8
3542.28	13108.4
3541.13	12967.6
3539.97	12980.7
3538.82	12870.3
3537.66	13324.9
3536.51	13000.2
3535.35	12978.6
3534.2	12985.1
3533.04	12944
3531.89	12872.6
3530.73	12874.8
3529.57	12918.1
3528.42	13218.6
3527.26	12916
3526.1	13026.2
3524.95	13028.4
3523.79	12924.7
3522.63	13032.7
3521.47	13080.2
3520.32	13132
3519.16	13093.1
3518	12942
3516.84	12810.4
3515.68	13084.5
3514.52	12980.9
3513.36	13058.6
3512.21	12858
3511.05	12933.5
3509.89	13086.6
3508.73	13019.7
3507.57	12937.8
3506.41	12946.5
3505.25	12961.6
3504.09	13093
3502.93	13209.3
3501.76	13071.4
3500.6	13185.5
3499.44	12959.4
3498.28	13140.2
3497.12	13183.3
3495.96	13013.2
3494.79	13011.1
3493.63	13090.7
3492.47	13067
3491.31	13290.6
3490.14	13084.1
3488.98	13148.6
3487.82	13294.7
3486.65	13236.6
3485.49	13354.8
3484.33	13004.6
3483.16	13187.1
3482	13197.8
3480.83	13180.6
3479.67	13178.4
3478.5	13171.9
3477.34	13096.8
3476.17	13128.9
3475.01	13098.8
3473.84	13143.9
3472.68	13013
3471.51	13094.5
3470.35	13137.3
3469.18	13193
3468.01	13259.4
3466.85	12955.1
3465.68	13132.9
3464.51	13289.2
3463.35	13113.5
3462.18	13122
3461.01	13132.7
3459.84	13333.9
3458.67	13199
3457.51	13233.2
3456.34	13267.3
3455.17	13046.9
3454	13239.4
3452.83	13269.3
3451.66	13138.8
3450.49	13260.6
3449.32	13200.7
3448.15	13113
3446.98	13380
3445.81	13185.5
3444.64	13234.6
3443.47	13379.8
3442.3	13292.1
3441.13	13304.9
3439.96	13213
3438.79	13279.1
3437.62	13208.6
3436.44	13259.7
3435.27	13317.3
3434.1	13357.7
3432.93	13257.4
3431.75	13404.4
3430.58	13312.7
3429.41	13466
3428.24	13497.9
3427.06	13267.7
3425.89	13329.4
3424.71	13254.7
3423.54	13476.1
3422.37	13488.8
3421.19	13361
3420.02	13245.9
3418.84	13273.5
3417.67	13152.1
3416.49	13284
3415.32	13358.3
3414.14	13356.1
3412.97	13234.8
3411.79	13188
3410.61	13207
3409.44	13442.9
3408.26	13472.5
3407.09	13398
3405.91	13444.6
3404.73	13436
3403.55	13329.7
3402.38	13425.2
3401.2	13450.5
3400.02	13369.8
3398.84	13240.2
3397.67	13373.8
3396.49	13424.6
3395.31	13396.9
3394.13	13598.3
3392.95	13473
3391.77	13481.4
3390.59	13506.7
3389.41	13595.6
3388.23	13383.5
3387.05	13648.2
3385.87	13374.8
3384.69	13592.8
3383.51	13556.7
3382.33	13338.5
3381.15	13389.2
3379.97	13219.7
3378.79	13520.1
3377.6	13530.6
3376.42	13602.4
3375.24	13521.8
3374.06	13475.2
3372.88	13618.8
3371.69	13373.4
3370.51	13485.3
3369.33	13601.4
3368.15	13502
3366.96	13425.8
3365.78	13465.8
3364.59	13628.2
3363.41	13799.1
3362.23	13809.5
3361.04	13684.7
3359.86	13996.9
3358.67	13669.6
3357.49	13745.4
3356.3	13439.3
3355.12	13770.3
3353.93	13747
3352.75	13786.8
3351.56	13588.5
3350.37	13702.1
3349.19	13883.2
3348	13697.5
3346.81	13598.3
3345.63	13836.2
3344.44	13602.2
3343.25	13888.4
3342.07	13839.8
3340.88	13677.5
3339.69	13700.5
3338.5	13782.3
3337.31	13618
3336.12	13893.4
3334.94	13773.3
3333.75	13712.1
3332.56	13703.5
3331.37	13629.8
3330.18	13766.2
3328.99	13608.4
3327.8	13843.5
3326.61	13813.9
3325.42	13616.3
3324.23	13790.4
3323.04	13641.1
3321.85	13720.7
3320.66	13609.3
3319.46	13537.7
3318.27	13705.4
3317.08	13761.9
3315.89	13585.5
3314.7	13832.8
3313.51	13564.2
3312.31	13972.8
3311.12	13716.8
3309.93	13873.8
3308.73	13718.5
3307.54	13582.1
3306.35	13917.1
3305.15	13715.8
3303.96	13516.7
3302.77	13610.7
3301.57	13744.5
3300.38	13643.8
3299.18	13963.8
3297.99	13610
3296.79	13607.7
3295.6	13594.9
3294.4	13540.4
3293.21	13709.6
3292.01	13730.3
3290.81	13554.5
3289.62	13508.3
3288.42	13560.4
3287.22	13693.9
3286.03	13562.1
3284.83	13658
3283.63	13795.6
3282.44	13732.7
3281.24	13703.3
3280.04	13554.9
3278.84	13609
3277.64	13754.8
3276.44	13785.9
3275.25	13510.4
3274.05	13739.6
3272.85	13537.1
3271.65	13795.4
3270.45	13726.4
3269.25	13680.3
3268.05	13826
3266.85	13715.3
3265.65	13679.7
3264.45	13654.5
3263.25	13735.5
3262.05	13835.2
3260.85	13816.2
3259.64	13474.7
3258.44	13549.4
3257.24	13786.4
3256.04	13565.6
3254.84	13600.8
3253.64	13764.9
3252.43	13606.6
3251.23	13610.6
3250.03	13581.3
3248.82	13703.7
3247.62	13863.4
3246.42	13543.3
3245.21	13578.4
3244.01	13422.4
3242.8	13578
3241.6	13828.9
3240.4	13803.8
3239.19	13791.1
3237.99	13826.1
3236.78	13695.2
3235.58	13641
3234.37	13589
3233.16	13889.4
3231.96	13551.2
3230.75	13776.9
3229.55	13664.8
3228.34	13656.3
3227.13	13784.5
3225.93	13881.6
3224.72	13750.9
3223.51	13966
3222.3	13549.6
3221.1	13837.1
3219.89	13766.4
3218.68	13706.2
3217.47	13648
3216.26	13685
3215.05	13680.7
3213.84	13715.6
3212.64	13692.6
3211.43	13657.2
3210.22	13820.3
3209.01	13615.4
3207.8	13782.6
3206.59	13879.4
3205.38	13757.3
3204.16	13843.7
3202.95	13829
3201.74	13785.4
3200.53	13727.4
3199.32	13741.6
3198.11	13658.8
3196.9	13716.3
3195.68	13817.1
3194.47	13833.3
3193.26	13593.9
3192.05	13783.3
3190.83	13574.9
3189.62	13859.1
3188.41	13784.6
3187.19	13726.7
3185.98	13794.4
3184.77	13711.7
3183.55	13898.9
3182.34	13878
3181.12	13958
3179.91	13644.9
3178.69	13778.4
3177.48	13553.9
3176.26	13707.9
3175.05	13569.9
3173.83	14003.5
3172.62	13904.5
3171.4	13729.5
3170.18	13755.9
3168.97	13692
3167.75	13915.7
3166.53	13738.7
3165.32	13851.4
3164.1	13717.7
3162.88	13855
3161.66	13856.7
3160.45	13634.8
3159.23	13891
3158.01	13804.6
3156.79	13806.3
3155.57	13588.6
3154.35	13803.7
3153.13	13715.3
3151.91	13895.4
3150.69	13958.7
3149.47	13728.8
3148.25	13943.7
3147.03	13748.8
3145.81	13750.6
3144.59	13879.3
3143.37	13895.4
3142.15	13809.1
3140.93	13575.5
3139.71	13638.7
3138.49	13812.3
3137.26	13683.2
3136.04	13734
3134.82	13899.4
3133.6	13860.3
3132.37	13888.6
3131.15	13849.4
3129.93	14096.5
3128.7	13940.8
3127.48	14003.8
3126.26	13983.1
3125.03	13984.8
3123.81	13825.2
3122.58	13904.5
3121.36	13894
3120.13	14001.9
3118.91	13844.4
3117.68	13960.4
3116.46	14076.4
3115.23	14053.6
3114.01	14079.8
3112.78	14032.5
3111.55	13991.4
3110.33	14105.2
3109.1	14106.9
3107.87	13853.9
3106.65	14157.2
3105.42	14093.7
3104.19	14107.6
3102.97	13940.2
3101.74	14037.6
3100.51	14094.3
3099.28	13912.8
3098.05	13991.8
3096.82	14064.8
3095.59	14046.1
3094.37	14072.2
3093.14	14163.4
3091.91	14134.5
3090.68	14089.4
3089.45	14097.2
3088.22	13926.2
3086.99	14096.5
3085.75	14161.2
3084.52	14205.5
3083.29	14168.5
3082.06	14127.6
3080.83	13942.5
3079.6	14153.2
3078.37	14085.9
3077.13	14308.7
3075.9	14144
3074.67	14121.3
3073.44	14070.3
3072.2	14173.3
3070.97	14402
3069.74	14140.1
3068.5	14275.5
3067.27	14212.3
3066.04	14329.4
3064.8	14221.7
3063.57	14136.2
3062.33	14344.4
3061.1	14252.9
3059.86	14438.7
3058.63	14347.2
3057.39	14397.4
3056.16	14265.5
3054.92	14117.4
3053.68	14274.8
3052.45	14100.5
3051.21	14530.8
3049.97	14174.6
3048.74	14287.4
3047.5	14125.3
3046.26	13987.5
3045.03	14310.4
3043.79	14291.8
3042.55	14313.6
3041.31	14216.3
3040.07	14133.1
3038.83	14389.1
3037.6	14255.5
3036.36	14267.2
3035.12	14278.9
3033.88	14266.3
3032.64	14203.4
3031.4	14275.6
3030.16	14456.6
3028.92	14419.9
3027.68	14266.3
3026.44	14390.8
3025.2	14467
3023.96	14337.6
3022.71	14590.9
3021.47	14346.8
3020.23	14390.7
3018.99	14392.3
3017.75	14359.6
3016.5	14314.9
3015.26	14264.2
3014.02	14648
3012.78	14357.9
3011.53	14703.4
3010.29	14525.9
3009.05	14668.2
3007.8	14543.1
3006.56	14600.9
3005.31	14590.4
3004.07	14768.7
3002.82	14653.7
3001.58	14659.3
3000.33	14939.9
2999.09	14828.9
2997.84	15099.4
2996.6	14890.1
2995.35	14857.5
2994.1	14939.2
2992.86	15063
2991.61	15108.6
2990.36	15094
2989.12	15135.5
2987.87	15307.3
2986.62	15326.7
2985.37	15221.9
2984.13	15349.6
2982.88	15479.2
2981.63	15526.6
2980.38	15568
2979.13	15509.3
2977.88	15592.7
2976.64	15534
2975.39	15571.4
2974.14	15940.8
2972.89	15666.1
2971.64	15981.4
2970.39	15904.7
2969.14	15888
2967.88	15773.4
2966.63	15768.7
2965.38	15780
2964.13	16057
2962.88	16188.1
2961.63	16017.6
2960.38	16104.7
2959.12	16337.5
2957.87	16101.2
2956.62	16174.3
2955.37	16345.1
2954.11	16470
2952.86	16567
2951.61	16651.9
2950.35	16702.9
2949.1	16881.5
2947.84	16834.7
2946.59	16973.4
2945.34	17317.2
2944.08	17294.4
2942.83	17600.2
2941.57	17463.7
2940.32	17482.6
2939.06	17589.2
2937.8	17494.6
2936.55	17808.1
2935.29	17828.9
2934.04	17839.8
2932.78	17671.6
2931.52	17762.1
2930.26	17830.7
2929.01	17966.8
2927.75	17739.1
2926.49	17740
2925.23	17568.1
2923.98	17519.4
2922.72	17595.9
2921.46	17483.6
2920.2	17419.1
2918.94	17346.6
2917.68	17333.7
2916.42	17213.6
2915.16	17107.5
2913.9	16991.4
2912.64	16889.3
2911.38	16860.7
2910.12	16542.4
2908.86	16549.5
2907.6	16685.5
2906.34	16450.7
2905.08	16257.6
2903.82	16270.7
2902.55	16174.8
2901.29	16181.9
2900.03	16072.2
2898.77	16047.7
2897.5	15823.2
2896.24	15733.4
2894.98	15568.4
2893.72	15921.9
2892.45	15727.3
2891.19	15704.8
2889.92	15545.9
2888.66	15513.6
2887.4	15524.7
2886.13	15425.2
2884.87	15286.2
2883.6	15352.8
2882.34	15446.9
2881.07	15136.1
2879.8	15333
2878.54	15300.8
2877.27	15278.4
2876.01	15327.1
2874.74	15079.7
2873.47	15256.7
2872.21	15299.5
2870.94	15308.7
2869.67	15061.5
2868.4	15070.8
2867.13	14949.9
2865.87	14858.6
2864.6	15000
2863.33	14760.9
2862.06	14827.3
2860.79	14813
2859.52	14881.3
2858.25	14681.8
2856.98	14829
2855.71	14861.9
2854.44	14725.5
2853.17	14752.5
2851.9	14720.4
2850.63	14552.6
2849.36	14510.8
2848.09	14506.4
2846.82	14560.9
2845.55	14371.6
2844.28	14333.8
2843	14439.4
2841.73	14433
2840.46	14133.9
2839.19	14449.7
2837.91	14233.1
2836.64	14360.3
2835.37	14177.2
2834.09	14314.1
2832.82	14099.7
2831.55	14134.6
2830.27	13939.9
2829	14300.4
2827.72	14194
2826.45	14091.5
2825.17	14210.6
2823.9	14153.3
2822.62	14150.9
2821.35	14077.9
2820.07	14138.2
2818.79	14321.9
2817.52	14192.1
2816.24	14271.9
2814.96	14355.6
2813.69	14086.9
2812.41	14025.8
2811.13	14307.1
2809.85	13987.7
2808.58	14229.8
2807.3	14010.3
2806.02	14311
2804.74	14236.2
2803.46	14186.8
2802.18	13850.1
2800.9	14271.8
2799.62	14132.6
2798.34	14003.2
2797.06	14207.8
2795.78	14072.6
2794.5	14113.1
2793.22	14138
2791.94	14180.5
2790.66	14203.4
2789.38	14042.9
2788.1	14251.2
2786.82	14098.5
2785.53	14181.9
2784.25	14083.9
2782.97	14069.8
2781.69	14024.5
2780.4	14029.9
2779.12	14234
2777.84	14147.8
2776.56	13966.2
2775.27	14053.4
2773.99	14130.8
2772.7	14120.6
2771.42	14293.3
2770.13	14115.7
2768.85	14218.3
2767.56	14219.8
2766.28	14094.8
2764.99	14123.5
2763.71	14202.7
2762.42	14153.6
2761.14	13758.5
2759.85	14059.3
2758.56	14021.9
2757.28	14046.7
2755.99	14036.5
2754.7	14039.9
2753.42	13899.6
2752.13	13895.3
2750.84	14094.8
2749.55	14127.3
2748.26	14152
2746.97	14042.9
2745.69	13770.8
2744.4	14109.8
2743.11	13919.3
2741.82	14120.4
2740.53	13869.9
2739.24	13908.2
2737.95	14064.7
2736.66	14002.2
2735.37	14003.7
2734.08	13844.4
2732.79	14049.2
2731.49	14145.5
2730.2	13988.2
2728.91	13792.2
2727.62	14010.5
2726.33	14071.9
2725.04	14050.1
2723.74	13960.7
2722.45	13929.2
2721.16	13837.9
2719.86	13941.8
2718.57	14032.2
2717.28	14091.6
2715.98	13955.9
2714.69	13878.1
2713.39	14043.8
2712.1	13915.8
2710.8	14013.8
2709.51	14030.7
2708.21	14105.5
2706.92	13944.8
2705.62	13969.4
2704.33	13766.3
2703.03	13731.2
2701.73	13935.2
2700.44	13716.8
2699.14	14061.4
2697.84	13806.5
2696.55	13962.1
2695.25	13890.4
2693.95	13978.5
2692.65	13883.6
2691.36	13831.2
2690.06	13863.4
2688.76	13803.3
2687.46	13947.2
2686.16	13942.8
2684.86	13894.2
2683.56	13899.5
2682.26	13754.8
2680.96	13804.3
2679.66	14092.3
2678.36	13701.5
2677.06	13912.5
2675.76	13848.6
2674.46	13888.5
2673.16	13730.5
2671.86	13954.7
2670.55	13677.7
2669.25	13740.6
2667.95	14014.7
2666.65	13876
2665.35	13877.4
2664.04	13790.6
2662.74	13740.2
2661.44	13783.9
2660.13	13938.8
2658.83	13809.8
2657.52	13757.6
2656.22	13649.8
2654.92	13718.3
2653.61	13710.2
2652.31	14112
2651	13697.8
2649.7	13802.6
2648.39	13629.8
2647.08	13807.4
2645.78	13713.2
2644.47	13825.6
2643.17	13884.4
2641.86	13734.7
2640.55	13782.1
2639.24	13733.8
2637.94	13624.3
2636.63	13780.7
2635.32	13594.8
2634.01	13640.2
2632.71	13792.6
2631.4	13841.8
2630.09	13699.9
2628.78	13676.6
2627.47	13702.8
2626.16	13874.2
2624.85	13721
2623.54	13819.8
2622.23	13681.9
2620.92	13700.5
2619.61	13768.7
2618.3	13718.6
2616.99	13584.7
2615.68	13750.1
2614.37	13719.1
2613.05	13869.2
2611.74	13609.5
2610.43	13759.6
2609.12	13705.8
2607.8	13703.4
2606.49	13750.5
2605.18	13559.6
2603.87	13787.6
2602.55	13699.6
2601.24	13558.3
2599.92	13940.3
2598.61	13597.3
2597.3	13695.8
2595.98	13611.6
2594.67	13687.2
2593.35	13667.7
2592.04	13583.6
2590.72	13687.7
2589.4	13630.2
2588.09	13667.7
2586.77	13684.3
2585.45	13554.7
2584.14	13436.6
2582.82	13603.2
2581.5	13441.4
2580.19	13589
2578.87	13736.5
2577.55	13512.1
2576.23	13428.2
2574.91	13566.2
2573.6	13459.6
2572.28	13512.2
2570.96	13384.8
2569.64	13829.7
2568.32	13645.4
2567	13531.2
2565.68	13612.2
2564.36	13647.7
2563.04	13713.5
2561.72	13533.2
2560.4	13614.1
2559.08	13500.1
2557.76	13382.3
2556.43	13503
2555.11	13462.8
2553.79	13579.6
2552.47	13679.3
2551.15	13523.8
2549.82	13574.4
2548.5	13386.8
2547.18	13567.7
2545.85	13433.2
2544.53	13525.2
2543.21	13522.9
2541.88	13571.5
2540.56	13588
2539.23	13466.8
2537.91	13655
2536.58	13475.3
2535.26	13620.1
2533.93	13417.8
2532.61	13524.8
2531.28	13562
2529.95	13538.9
2528.63	13596.9
2527.3	13703.8
2525.97	13554.5
2524.65	13531.4
2523.32	13593.1
2521.99	13438.2
2520.66	13665.5
2519.34	13497.5
2518.01	13577.9
2516.68	13628.3
2515.35	13582.6
2514.02	13435.4
2512.69	13500.7
2511.36	13524.7
2510.03	13541.2
2508.7	13467.4
2507.37	13470.7
2506.04	13400.6
2504.71	13533.6
2503.38	13612
2502.05	13613.4
2500.72	13524.6
2499.39	13537.3
2498.06	13529.3
2496.72	13436.8
2495.39	13496.4
2494.06	13582.2
2492.73	13457.9
2491.39	13423.7
2490.06	13545.1
2488.73	13531.5
2487.39	13439.2
2486.06	13337.5
2484.73	13415.7
2483.39	13548.3
2482.06	13598.4
2480.72	13427.4
2479.39	13408.2
2478.05	13450.8
2476.72	13369.8
2475.38	13489.2
2474.05	13387.6
2472.71	13535
2471.37	13351.1
2470.04	13339.5
2468.7	13527.9
2467.36	13351.6
2466.02	13379.2
2464.69	13246
2463.35	13357.7
2462.01	13148
2460.67	13330.6
2459.33	13264.8
2458	13494
2456.66	13473
2455.32	13242.9
2453.98	13309.6
2452.64	13620.8
2451.3	13566.2
2449.96	13360.5
2448.62	13225.7
2447.28	13389.4
2445.94	13224.8
2444.6	13213.2
2443.25	13259.3
2441.91	13406.1
2440.57	13332.9
2439.23	13393.9
2437.89	13374.8
2436.54	13353.8
2435.2	13213.7
2433.86	13254.2
2432.52	13330.1
2431.17	13139.8
2429.83	13360.8
2428.48	13298.9
2427.14	13207.3
2425.8	13288.7
2424.45	13159.9
2423.11	13284
2421.76	13491.7
2420.42	13314.6
2419.07	13343.9
2417.72	13213.4
2416.38	13259.4
2415.03	13349.9
2413.69	13265.8
2412.34	13181.8
2410.99	13177.7
2409.64	13249.6
2408.3	13262.1
2406.95	13274.6
2405.6	13277.9
2404.25	13219.9
2402.9	13314
2401.56	13270.9
2400.21	13218.5
2398.86	13301.4
2397.51	13195.3
2396.16	13167.1
2394.81	13224
2393.46	13369.9
2392.11	13160.2
2390.76	13215.2
2389.41	13320.3
2388.06	13419.7
2386.71	13315.6
2385.35	13181.9
2384	13148.1
2382.65	13145.8
2381.3	13163.9
2379.95	13178.2
2378.59	13318.2
2377.24	13131.1
2375.89	13335.7
2374.53	13423.8
2373.18	13009.6
2371.83	13108.9
2370.47	13180.5
2369.12	13168.9
2367.76	13279.2
2366.41	13105.2
2365.05	13252.4
2363.7	13167
2362.34	13146.3
2360.99	13145.8
2359.63	13257.8
2358.27	13296
2356.92	13249.5
2355.56	13138.4
2354.2	13066.1
2352.85	13117.2
2351.49	13225.4
2350.13	13180.7
2348.77	13217.1
2347.42	13172.4
2346.06	12982.4
2344.7	13007.7
2343.34	12966.8
2341.98	13133.7
2340.62	13263.8
2339.26	13136.4
2337.9	13055.1
2336.54	13326.7
2335.18	12872.2
2333.82	13125.3
2332.46	13051.4
2331.1	13192.4
2329.74	13184.5
2328.38	13176.7
2327.02	13108.3
2325.65	12834.3
2324.29	13125.7
2322.93	12967.4
2321.57	13201.8
2320.2	13129.8
2318.84	13116.4
2317.48	13328.7
2316.11	13161.3
2314.75	13127.8
2313.38	13096.2
2312.02	13015.1
2310.66	13115.4
2309.29	13118.6
2307.93	13061.3
2306.56	12949.2
2305.2	13126.3
2303.83	13246.6
2302.46	12975.3
2301.1	13190.7
2299.73	13252.4
2298.36	13026.9
2297	13207.5
2295.63	13106.4
2294.26	13184.6
2292.89	13204.2
2291.53	13088.5
2290.16	13184.9
2288.79	13127.8
2287.42	13056
2286.05	13009.9
2284.68	13088
2283.31	12925
2281.94	13023.1
2280.57	12997.1
2279.2	13188.2
2277.83	13008.9
2276.46	13003
2275.09	13035.3
2273.72	13104.1
2272.35	13165.6
2270.98	13163.3
2269.61	13181
2268.23	12978.3
2266.86	13201.9
2265.49	13259.6
2264.12	13264.6
2262.74	13173
2261.37	13034.2
2260	13292.1
2258.62	13249.7
2257.25	13187.4
2255.87	13150.5
2254.5	13102.7
2253.12	13002.2
2251.75	13196.2
2250.37	13264.8
2249	13320.6
2247.62	13169.2
2246.25	12994.3
2244.87	13389.8
2243.49	13044.2
2242.12	13098.2
2240.74	13190.3
2239.36	13066.3
2237.99	13327.2
2236.61	13108.9
2235.23	13173.7
2233.85	13336.4
2232.47	13203.5
2231.09	13259.2
2229.72	13255
2228.34	13169.3
2226.96	13257.6
2225.58	13213.5
2224.2	13205.8
2222.82	13317.6
2221.44	13197.5
2220.06	13263.9
2218.68	13042.5
2217.29	13279.2
2215.91	13095.8
2214.53	13187.6
2213.15	13159.9
2211.77	13322.2
2210.39	13064.8
2209	13192.7
2207.62	13168.7
2206.24	13296.5
2204.85	13169.4
2203.47	13266.5
2202.09	13247.9
2200.7	13372
2199.32	13118.6
2197.93	13183.1
2196.55	13305.3
2195.16	13173
2193.78	13084
2192.39	13085.3
2191.01	13153.3
2189.62	13273.7
2188.23	13101.8
2186.85	13058
2185.46	13201.7
2184.07	13204.8
2182.69	13130.3
2181.3	13001.9
2179.91	13181.5
2178.52	13285.4
2177.14	13101.2
2175.75	12958.4
2174.36	13082.2
2172.97	13128.4
2171.58	13000.1
2170.19	13010.4
2168.8	12939.7
2167.41	13007.6
2166.02	13089.8
2164.63	12931.1
2163.24	12923.4
2161.85	13002
2160.46	12983.5
2159.07	12956
2157.67	12880.1
2156.28	12883.2
2154.89	13159.2
2153.5	12876.8
2152.11	12921.2
2150.71	12999.6
2149.32	12817.9
2147.93	13048.8
2146.53	12960.4
2145.14	12949.2
2143.74	13058
2142.35	13048.5
2140.95	13037.3
2139.56	12801.9
2138.16	12934.1
2136.77	12940.7
2135.37	12947.4
2133.98	13104.5
2132.58	13069.9
2131.19	13006.7
2129.79	12948.9
2128.39	13066.5
2126.99	13003.3
2125.6	13024.3
2124.2	12902.1
2122.8	13007.1
2121.4	13074.6
2120.01	13066.9
2118.61	13009.1
2117.21	13096.2
2115.81	12954.5
2114.41	13232.6
2113.01	12912.4
2111.61	13036.8
2110.21	13204.2
2108.81	12859
2107.41	12904.9
2106.01	13106.1
2104.61	13032.4
2103.21	12921.2
2101.8	13097.3
2100.4	12938
2099	12996.4
2097.6	13054.6
2096.19	12938.3
2094.79	12953.8
2093.39	13008.5
2091.99	13179
2090.58	13034.1
2089.18	12999.7
2087.77	12944
2086.37	13041.4
2084.96	12837.9
2083.56	12986.9
2082.15	12975.7
2080.75	13021.4
2079.34	12971.1
2077.94	12808.7
2076.53	13078.5
2075.13	12713.5
2073.72	13027.6
2072.31	12895.5
2070.9	12852.4
2069.5	12841.2
2068.09	12840.7
2066.68	12758.5
2065.27	12985.2
2063.87	12720.2
2062.46	12918.5
2061.05	12747.6
2059.64	12905
2058.23	12776.8
2056.82	12875.6
2055.41	12727.9
2054	12949
2052.59	12852.7
2051.18	12777.8
2049.77	12747.1
2048.36	12837
2046.94	12795.7
2045.53	12828.8
2044.12	12886.8
2042.71	12813.6
2041.3	12883.9
2039.88	12710
2038.47	12757.2
2037.06	12930.1
2035.64	12858.8
2034.23	12902.5
2032.82	13064.6
2031.4	12986.3
2029.99	12877.9
2028.57	12946.3
2027.16	12890.9
2025.74	12886.9
2024.33	12688.5
2022.91	12795.7
2021.5	12694.6
2020.08	12881.2
2018.66	12833
2017.25	12717.8
2015.83	12784.3
2014.41	12850.8
2013	12656.3
2011.58	12632.8
2010.16	12787.5
2008.74	12716.5
2007.32	12948.6
2005.9	12969.2
2004.49	12736.1
2003.07	12716.2
2001.65	12717.4
2000.23	12803.2
1998.81	12816.7
1997.39	12791.6
1995.97	13088.4
1994.54	12700.7
1993.12	12754.8
1991.7	12710.3
1990.28	12850.4
1988.86	12886.8
1987.44	12835.3
1986.01	12822.4
1984.59	12756.9
1983.17	12615.8
1981.75	12817.3
1980.32	12553.3
1978.9	12679.3
1977.48	12949.1
1976.05	12794.1
1974.63	12765.5
1973.2	12678.9
1971.78	12731.1
1970.35	12763.9
1968.93	12826.5
1967.5	12971.5
1966.08	12730.7
1964.65	12765.2
1963.22	12738.4
1961.8	12713.3
1960.37	12795.1
1958.94	12700
1957.52	12731
1956.09	12837.3
1954.66	12763.2
1953.23	12657.6
1951.8	12515.4
1950.37	12619.8
1948.95	12790.8
1947.52	12666
1946.09	12690
1944.66	12504.1
1943.23	12870.8
1941.8	12681.4
1940.37	12666.9
1938.94	12610.5
1937.5	12814.4
1936.07	12515.1
1934.64	12626.4
1933.21	12566.5
1931.78	12787.7
1930.35	12415.4
1928.91	12748.2
1927.48	12632.5
1926.05	12555.2
1924.61	12464
1923.18	12622.2
1921.75	12738.5
1920.31	12706.6
1918.88	12434.1
1917.44	12576.5
1916.01	12549.9
1914.57	12810.7
1913.14	12644.6
1911.7	12623.2
1910.27	12633.1
1908.83	12561.2
1907.39	12579.8
1905.96	12549.7
1904.52	12342.2
1903.08	12573.1
1901.65	12473.4
1900.21	12594.6
1898.77	12648
1897.33	12616.2
1895.89	12513.1
1894.45	12710.7
1893.02	12468.6
1891.58	12456
1890.14	12514.5
1888.7	12536.6
1887.26	12607.2
1885.82	12599.7
1884.38	12562.8
1882.93	12706.2
1881.49	12521.8
1880.05	12582
1878.61	12541.6
1877.17	12499.4
1875.73	12497.2
1874.28	12566
1872.84	12556.8
1871.4	12592.7
1869.96	12491.6
1868.51	12439.2
1867.07	12305.3
1865.62	12581.8
1864.18	12515.5
1862.74	12461.4
1861.29	12531.8
1859.85	12576.2
1858.4	12612
1856.96	12680.7
1855.51	12548.7
1854.06	12387.4
1852.62	12481.9
1851.17	12545.4
1849.72	12484.3
1848.28	12720.5
1846.83	12528.2
1845.38	12563.9
1843.93	12528.9
1842.49	12571.5
1841.04	12510.5
1839.59	12385.7
1838.14	12361.1
1836.69	12572.8
1835.24	12584.3
1833.79	12551
1832.34	12550.4
1830.89	12499.9
1829.44	12608
1827.99	12545.4
1826.54	12565.5
1825.09	12506.4
1823.64	12585.1
1822.18	12589.7
1820.73	12522
1819.28	12803.8
1817.83	12403.9
1816.38	12446.4
1814.92	12561.1
1813.47	12713.7
1812.01	12475.7
1810.56	12372
1809.11	12464.4
1807.65	12499.9
1806.2	12604.2
1804.74	12629.4
1803.29	12596.2
1801.83	12423.9
1800.38	12476.6
1798.92	12675.2
1797.46	12571.7
1796.01	12644.9
1794.55	12567.1
1793.09	12523.7
1791.64	12804.4
1790.18	12706.1
1788.72	12777.5
1787.26	12641.5
1785.8	12658
1784.35	12804.9
1782.89	12653.5
1781.43	12560.4
1779.97	12659.2
1778.51	12889.8
1777.05	12911.4
1775.59	12785.8
1774.13	12992.3
1772.67	12925
1771.21	12890.1
1769.75	12863.8
1768.28	12902.5
1766.82	12982.3
1765.36	13125.3
1763.9	13189.6
1762.44	13024.8
1760.97	12995.1
1759.51	12847.5
1758.05	13012.6
1756.58	13070
1755.12	13052.3
1753.65	13090.9
1752.19	13230.2
1750.72	13359.2
1749.26	13213.5
1747.79	13173.5
1746.33	13205.3
1744.86	13189.2
1743.4	13238
1741.93	13305.5
1740.46	13352.5
1739	13251.3
1737.53	13357.9
1736.06	13398.1
1734.6	13472.3
1733.13	13440.9
1731.66	13556
1730.19	13572.2
1728.72	13515.3
1727.25	13506
1725.78	13604
1724.31	13638.9
1722.84	13667.1
1721.37	13758.1
1719.9	13600.9
1718.43	13916.3
1716.96	13623.2
1715.49	13702.3
1714.02	13859.5
1712.55	13646.3
1711.08	13761
1709.6	13896.1
1708.13	13791.7
1706.66	13846.9
1705.19	14020.9
1703.71	13969.1
1702.24	14121
1700.77	14099.8
1699.29	14146.4
1697.82	14343.9
1696.34	14304
1694.87	14299.7
1693.39	14337.8
1691.92	14431.8
1690.44	14308.9
1688.97	14634.9
1687.49	14684.7
1686.01	14594
1684.54	14711.5
1683.06	14842.6
1681.58	15161.4
1680.1	15341.4
1678.63	15401.2
1677.15	15811.1
1675.67	16082.2
1674.19	16239.8
1672.71	16404.3
1671.23	16614.2
1669.75	16639.9
1668.27	16687.6
1666.79	16757.2
1665.31	16740.6
1663.83	16746
1662.35	16677.1
1660.87	16459.7
1659.39	16606.9
1657.91	16588.7
1656.43	16599.2
1654.95	16687.2
1653.46	16896.7
1651.98	16719.9
1650.5	16819.7
1649.01	17283.6
1647.53	17332.7
1646.05	17745.7
1644.56	17750.9
1643.08	17980.1
1641.59	18557.8
1640.11	18640.3
1638.62	18771.5
1637.14	19178.8
1635.65	19474.8
1634.17	19557.1
1632.68	19933.7
1631.19	20108.3
1629.71	20373.7
1628.22	20121.2
1626.73	20050.3
1625.25	19806.3
1623.76	19888.4
1622.27	19624.3
1620.78	19751.8
1619.29	19529.8
1617.8	19655.6
1616.32	19735.9
1614.83	19841.4
1613.34	19644.8
1611.85	19867.7
1610.36	20015.1
1608.87	20271.4
1607.37	20348.2
1605.88	20316
1604.39	20635.8
1602.9	20449.4
1601.41	20397
1599.92	20902.6
1598.42	20890.4
1596.93	20695.7
1595.44	21010.1
1593.95	21091.6
1592.45	21112.9
1590.96	21329.9
1589.46	21772.8
1587.97	21763.8
1586.47	21860.2
1584.98	22312.7
1583.48	22474.2
1581.99	22727.5
1580.49	22716.7
1579	22603.9
1577.5	22845.4
1576	22771.1
1574.51	23050.8
1573.01	22814.5
1571.51	22750.2
1570.02	22629.2
1568.52	22434.8
1567.02	22110.3
1565.52	21844.3
1564.02	21448.3
1562.52	21237.6
1561.02	21238.7
1559.53	20986.4
1558.03	20745.9
1556.53	20717.1
1555.02	20315.1
1553.52	20274.7
1552.02	20054.4
1550.52	20012.5
1549.02	19835.6
1547.52	19945.2
1546.02	19971.5
1544.51	19929.6
1543.01	19791.2
1541.51	19935.6
1540.01	19933.6
1538.5	19529.2
1537	19538.9
1535.5	19606.8
1533.99	19531.8
1532.49	19347.1
1530.98	19037.8
1529.48	19215.4
1527.97	19514.1
1526.47	19027.3
1524.96	19090.3
1523.45	18987.2
1521.95	18977.1
1520.44	19239.1
1518.93	19197.4
1517.43	19172.3
1515.92	19473.9
1514.41	19664.3
1512.9	19763.5
1511.39	20214
1509.89	20359.4
1508.38	20549.6
1506.87	20666.7
1505.36	20586.7
1503.85	20150.8
1502.34	19693.4
1500.83	19322.3
1499.32	19072.2
1497.81	18946.2
1496.3	18820.3
1494.78	18335.5
1493.27	18472.8
1491.76	18241.2
1490.25	18264.3
1488.74	18251
1487.22	18138.6
1485.71	18165
1484.2	18110.5
1482.68	18193
1481.17	18070.8
1479.65	18046
1478.14	18011.3
1476.63	17900.7
1475.11	17871
1473.6	17882.6
1472.08	17991.5
1470.56	17788.6
1469.05	17940.3
1467.53	17602.4
1466.01	17464
1464.5	17689.8
1462.98	17424.6
1461.46	17484
1459.95	17538.4
1458.43	17372.2
1456.91	17355.8
1455.39	17555.1
1453.87	17402.1
1452.35	17542.1
1450.83	17336.5
1449.31	17481.3
1447.79	17461.6
1446.27	17537.4
1444.75	17669
1443.23	17302.4
1441.71	17337
1440.19	17269.8
1438.67	17008.7
1437.14	17040
1435.62	17084.5
1434.1	17130.6
1432.58	16956.7
1431.05	17232.6
1429.53	17163.8
1428.01	17244.3
1426.48	17269.1
1424.96	17197
1423.43	17403.7
1421.91	17497.2
1420.38	17387.5
1418.86	17353.1
1417.33	17441.7
1415.81	17500.7
1414.28	17602.3
1412.75	17477.9
1411.23	17554.9
1409.7	17497.7
1408.17	17640.1
1406.65	17663
1405.12	17708.9
1403.59	17515.8
1402.06	17573.1
1400.53	17177.4
1399	17571.5
1397.47	17630.4
1395.94	17249.6
1394.41	17259.5
1392.88	17375.6
1391.35	17540.6
1389.82	17450.8
1388.29	17367.6
1386.76	17552.2
1385.23	17326.9
1383.7	17325.4
1382.16	17240.6
1380.63	17278.2
1379.1	17273.4
1377.57	17082.6
1376.03	17020.8
1374.5	16981.8
1372.97	17096
1371.43	16894
1369.9	17045.7
1368.36	16878
1366.83	16852.1
1365.29	16980.9
1363.76	17070.5
1362.22	16854.1
1360.69	17122.8
1359.15	17113.1
1357.61	17305.2
1356.08	17385
1354.54	17287.4
1353	17531.4
1351.46	17446.8
1349.92	17641.9
1348.39	17848.3
1346.85	17994.5
1345.31	18215.3
1343.77	18075.5
1342.23	18353.1
1340.69	18400
1339.15	18685.6
1337.61	18565.3
1336.07	18824.7
1334.53	18816.4
1332.99	18944.3
1331.45	19023.5
1329.9	19094.5
1328.36	19296.9
1326.82	19495.9
1325.28	19400
1323.73	19467.7
1322.19	19438.1
1320.65	19400.5
1319.1	19367.8
1317.56	19309.1
1316.01	18839.4
1314.47	19313.3
1312.92	19177.1
1311.38	19459.9
1309.83	19676.3
1308.29	19646.7
1306.74	19829
1305.2	19749.4
1303.65	19705.3
1302.1	19532
1300.55	19513.8
1299.01	19324.4
1297.46	19065.6
1295.91	18480.7
1294.36	18277.1
1292.81	18073.5
1291.27	17975
1289.72	17999.1
1288.17	17702.1
1286.62	17708.5
1285.07	17332.6
1283.52	17534.2
1281.97	17432.6
1280.41	17306.9
1278.86	17305.3
1277.31	17287.6
1275.76	16989.6
1274.21	16971.9
1272.66	17036.4
1271.1	16869
1269.55	16985
1268	16677.6
1266.44	16711.6
1264.89	16711.7
1263.33	16900
1261.78	16745.7
1260.23	16872.8
1258.67	16768.4
1257.12	16929.2
1255.56	16943.8
1254	16926.2
1252.45	16738.3
1250.89	17014.6
1249.33	16677.4
1247.78	16765.9
1246.22	16623.1
1244.66	16528.5
1243.1	16657
1241.55	16435.7
1239.99	16261
1238.43	16565.9
1236.87	16202.1
1235.31	16462
1233.75	16388.4
1232.19	16318
1230.63	16283
1229.07	16368
1227.51	16137.6
1225.95	16011.2
1224.39	15950.6
1222.83	15781.2
1221.26	15640.6
1219.7	15388
1218.14	15422
1216.58	15379.1
1215.01	15384.2
1213.45	15586.1
1211.89	15512.8
1210.32	15609
1208.76	15743.6
1207.19	15751.8
1205.63	15538
1204.06	15608.6
1202.5	15660
1200.93	15677.8
1199.37	15719.6
1197.8	15408.6
1196.23	15493.5
1194.67	15380.5
1193.1	15569.1
1191.53	15260
1189.96	15536.2
1188.4	15348.4
1186.83	15329.6
1185.26	14907.6
1183.69	15022.7
1182.12	14906.8
1180.55	14792.5
1178.98	14807.3
1177.41	14451
1175.84	14402.2
1174.27	14297.6
1172.7	14442.9
1171.13	14209.5
1169.56	14109.9
1167.98	14269.5
1166.41	13959.9
1164.84	14016.1
1163.27	13902.2
1161.69	13879
1160.12	13769.9
1158.55	13745.1
1156.97	13690.1
1155.4	13690.8
1153.82	13478.6
1152.25	13550.7
1150.67	13673.6
1149.1	13577.4
1147.52	13574.9
1145.95	13472.4
1144.37	13436.6
1142.79	13365.9
1141.22	13428.4
1139.64	13330.8
1138.06	13570.7
1136.48	13373.3
1134.91	13424.7
1133.33	13221
1131.75	13207.5
1130.17	13212.9
1128.59	13305.4
1127.01	13257
1125.43	13398.6
1123.85	13339.1
1122.27	13167.3
1120.69	13334.1
1119.11	13116.6
1117.53	13316.5
1115.95	13097.4
1114.36	12941.7
1112.78	12997.7
1111.2	12976.3
1109.62	13108.2
1108.03	13083.6
1106.45	13081.2
1104.87	13156.1
1103.28	12984.7
1101.7	12964.9
1100.11	13017.7
1098.53	13026.3
1096.94	13028.6
1095.36	13157.1
1093.77	12927.6
1092.19	12959.8
1090.6	13096.1
1089.01	13131.4
1087.43	13103.8
1085.84	13071.4
1084.25	13191.8
1082.66	13236.6
1081.08	13254.5
1079.49	13151.3
1077.9	13384.9
1076.31	12987.5
1074.72	13003.9
1073.13	13014.1
1071.54	12799.4
1069.95	12817.4
1068.36	12728.6
1066.77	12641.3
1065.18	12698.6
1063.59	12580
1061.99	12585.5
1060.4	12550.2
1058.81	12653
1057.22	12661.6
1055.63	12450.5
1054.03	12456
1052.44	12412.9
1050.84	12500
1049.25	12412.9
1047.66	12487.4
1046.06	12474.1
1044.47	12694.4
1042.87	12521.2
1041.28	12623.8
1039.68	12450.7
1038.08	12587.7
1036.49	12502.4
1034.89	12576.7
1033.29	12341.1
1031.7	12606.4
1030.1	12417.9
1028.5	12507.8
1026.9	12611.9
1025.3	12592.3
1023.7	12791.6
1022.1	12837.7
1020.51	12861.8
1018.91	12929.7
1017.31	13005.4
1015.71	13124.8
1014.1	13373.8
1012.5	13313.5
1010.9	13520.2
1009.3	13661.3
1007.7	13602.5
1006.1	13896.5
1004.49	14293.2
1002.89	14343.6
1001.29	14615.3
999.685	14584.5
998.081	14901.3
996.477	14893.9
994.872	15212.1
993.268	15463.2
991.663	16120.7
990.058	16577.1
988.452	17212.4
986.846	17844.4
985.24	18416.9
983.634	19356.5
982.027	19357.6
980.42	19749.1
978.813	19928.9
977.205	19827.2
975.597	20033.3
973.989	20004.7
972.38	20083.3
970.771	19902.4
969.162	20046.2
967.553	19950.8
965.943	20072.8
964.333	19955.7
962.723	20059
961.112	20118.9
959.501	19989.4
957.89	20100.5
956.278	19985
954.666	20440.3
953.054	20554.3
951.441	20872.9
949.829	20800.8
948.216	20855.7
946.602	20641.1
944.988	20327.3
943.374	20191.8
941.76	19977.4
940.145	19580.4
938.531	18914.1
936.915	18257.4
935.3	17562.2
933.684	16698.7
932.068	16008.7
930.451	15365.4
928.835	14723.9
927.218	14275.8
925.6	13879
923.982	13500.8
922.364	13612.6
920.746	13407.7
919.128	13340.3
917.509	13305.3
915.889	13165.4
914.27	12934.5
912.65	13012.3
911.03	13091.6
909.41	12859.2
907.789	12731.9
906.168	12758.8
904.546	12810.3
902.925	12888.1
901.303	12782.4
899.681	12676.7
898.058	12557.2
896.435	12668.8
894.812	12526.3
893.188	12599.4
891.565	12587.7
889.941	12550
888.316	12607.6
886.691	12645.2
885.066	12487.5
883.441	12808.1
881.815	12515
880.189	12518.8
878.563	12444.2
876.937	12403.4
875.31	12388.8
873.683	12532.4
872.055	12580.7
870.427	12341.8
868.799	12479.2
867.171	12429.3
865.542	12433
863.913	12504.4
862.284	12394.6
860.654	12255.7
859.024	12422.1
857.394	12412.1
855.763	12471.1
854.132	12298.5
852.501	12296.2
850.87	12454.8
849.238	12412.6
847.606	12509.8
845.973	12476.8
844.341	12434.6
842.707	12680.3
841.074	12475.8
839.44	12707.6
837.806	12572.1
836.172	12493.2
834.538	12784.5
832.903	12730.1
831.267	12903.5
829.632	12830.7
827.996	12912.3
826.36	12825.9
824.723	12745.5
823.087	13042.5
821.45	12810.9
819.812	13002.4
818.175	12821.3
816.537	12817.4
814.898	12830.2
813.26	12792.7
811.621	12775
809.981	12691.7
808.342	12802.2
806.702	12601.5
805.062	12568.7
803.421	12762.9
801.78	12743.7
800.139	12812.9
798.498	12801.3
796.856	12870.4
795.214	12485.8
793.572	12676.8
791.929	12715.5
790.286	12725.2
788.643	12627
786.999	12597.2
785.355	12646.5
783.711	12641.1
782.066	12542.9
780.421	12599.8
778.776	12718.9
777.131	12584.4
775.485	12386
773.839	12614.5
772.192	12361.6
770.546	12634
768.899	12426.7
767.251	12283.2
765.604	12422
763.956	12622.9
762.307	12543.1
760.659	12624.1
759.01	12492.9
757.36	12455.6
755.711	12415.4
754.061	12563
752.411	12280.3
750.76	12446.1
749.109	12602.8
747.458	12512.6
745.807	12690.3
744.155	12592.6
742.503	12608.3
740.851	12536.3
739.198	12452.2
737.545	12613.2
735.891	12766.6
734.238	12869.9
732.584	13094.2
730.93	12818.2
729.275	12811.2
727.62	12730.2
725.965	12810.9
724.309	12853.7
722.653	12537.2
720.997	12614.9
719.341	12822.2
717.684	12878.6
716.027	12728.3
714.369	12834.5
712.712	12749.1
711.053	12811.5
709.395	12833.2
707.736	12744.8
706.077	12813.2
704.418	12837.9
702.758	12999.7
701.098	12906.8
699.438	13044.4
697.777	13177.4
696.117	13137.2
694.455	13276.2
692.794	13327.8
691.132	13364.4
689.47	13438.5
687.807	13279.6
686.144	13484.5
684.481	13600.7
682.818	13629.7
681.154	13724.7
679.49	13924.9
677.825	13764.6
676.161	13907.6
674.496	13992
672.83	14074.9
671.165	14007.7
669.499	14300.6
667.832	14302.4
666.166	14050.7
664.499	14358.4
662.831	14247.7
661.164	14520.8
659.496	14470.1
657.828	14386.4
656.159	14593.4
654.49	14715
652.821	14517.4
651.151	14595.5
649.482	14627.2
647.811	14934.2
646.141	14892.5
644.47	14958.4
642.799	15141.1
641.128	15189
639.456	15106.9
637.784	15415
636.111	15138.5
634.439	15051.9
632.766	15098.3
631.092	14823.5
629.419	15098.5
627.745	15065.7
626.07	15283.8
624.396	15569
622.721	15958.6
621.045	16055.5
619.37	16212.1
617.694	16413.4
616.018	16349.1
614.341	16062.6
612.664	15449.8
610.987	14737.3
609.309	14272.5
607.632	13776.6
605.953	13693.5
604.275	13600
602.596	13722.5
600.917	13523.3
599.237	13681.5
597.558	13617.9
595.878	13698.6
594.197	13837.3
592.516	13947.7
590.835	14178.5
589.154	14076.1
587.472	14355.9
585.79	14335.3
584.108	14510.9
582.425	14631.4
580.742	14765.2
579.059	14928.8
577.375	15108.5
575.691	15459
574.007	15571.8
572.322	15797.3
570.637	15782.4
568.952	16243.7
567.266	16617.3
565.581	16870.6
563.894	16926.7
562.208	17320.7
560.521	17840.5
558.834	17976.4
557.146	18491.5
555.458	19018.2
553.77	19732.7
552.082	20025.1
550.393	20605.9
548.704	21263.5
547.014	21709.3
545.324	22378.3
543.634	22837
541.944	23972.8
540.253	25018
538.562	26040.6
536.87	27021.5
535.179	28699.4
533.487	30404.8
531.794	32208.5
530.101	34636.2
528.408	37079.3
526.715	40165.1
525.021	44132.3
523.327	48195.5
521.633	52454.8
519.938	57494.3
518.243	60981.7
516.548	63183.4
514.852	60710.5
513.156	55137.2
511.46	46770.3
509.763	37982.2
508.066	30620.6
506.369	24724.5
504.671	20332.8
502.973	17085.2
501.275	14873.8
499.576	12966.5
497.877	11755.9
496.178	10844.4
494.479	10131.8
492.779	9616.62
491.078	9441.27
489.378	8895.51
487.677	8749.76
485.976	8430.65
484.274	8238.03
482.572	8057.23
480.87	7907.34
479.167	7714.92
477.465	7810.33
475.761	7703.14
474.058	7637.08
472.354	7635.61
470.65	7761.76
468.945	7744.13
467.24	7486.02
465.535	7642.91
463.83	7524.17
462.124	7395.22
460.418	7448
458.711	7528.61
457.004	7533.01
455.297	7686.79
453.59	7789.26
451.882	7975.13
450.174	7937
448.465	8021.8
446.757	8166.55
445.048	8183.99
443.338	8258.46
441.628	8249.55
439.918	8416.08
438.208	8449.53
436.497	8519.5
434.786	8557.3
433.074	8688.58
431.363	8717.57
429.65	8759.69
427.938	8725.88
426.225	8713.97
424.512	8645.16
422.799	8640.57
421.085	8555.75
419.371	8657.65
417.656	8618.06
415.942	8558.08
414.227	8722.59
412.511	8792.32
410.795	8580.8
409.079	8780.18
407.363	8842.56
405.646	8797.17
403.929	8874.09
402.212	8886.93
400.494	9045.3
398.776	8866.02
397.058	8990.88
395.339	8901.87
393.62	8889.96
391.9	8995.84
390.181	9106.03
388.46	9143.51
386.74	9195.5
385.019	9106.55
383.298	9158.53
381.577	9307.8
379.855	9311.8
378.133	9381.13
376.411	9559.3
374.688	9545.84
372.965	9613.63
371.241	9642.23
369.518	9721.58
367.794	9787.85
366.069	9864.24
364.344	9868.12
362.619	10027.1
360.894	10158.4
359.168	10392.6
357.442	10418.1
355.716	10407.4
353.989	10396.7
352.262	10176.1
350.534	10172.7
348.807	10494.8
347.079	10310.5
345.35	10490.7
343.621	10679.6
341.892	10634.1
340.163	10504.9
338.433	10882.9
336.703	10736.3
334.973	10818
333.242	10922.8
331.511	10978.5
329.779	10948.9
328.047	11027.6
326.315	11005.3
324.583	11003.1
322.85	11044.3
321.117	11164.7
319.383	11184.2
317.65	11437.3
315.915	11348.5
314.181	11673.5
312.446	11728.9
310.711	11947
308.975	11976.4
307.24	12364.4
305.503	12724.9
303.767	13085.2
302.03	13061
300.293	13042.7
298.555	13024.3
296.818	12742.7
295.079	12754.6
293.341	12658.7
291.602	12623.1
289.863	12742.8
288.123	12501.8
286.383	12831.3
284.643	12774.2
282.903	12853.6
281.162	12848.2
279.42	12941.9
277.679	13038.4
275.937	12981.4
274.195	13314.6
272.452	13320.6
270.709	13507.4
268.966	13795.8
267.222	13722.9
265.478	13810.5
263.734	14126
261.989	14215
260.244	14319.7
258.499	14600.5
256.753	14487.4
255.007	14835.4
253.261	14875.4
251.514	15084.3
249.767	15183
248.02	15224.4
246.272	15410.3
244.524	15560.3
242.776	15573
241.027	15768.6
239.278	15721.3
237.529	15796.8
235.779	15919.4
234.029	16207.8
232.278	16263.2
230.528	16205.7
228.776	16089.8
227.025	15875.4
225.273	15935.1
223.521	15618.1
221.769	15679.2
220.016	15527.8
218.263	15580.4
216.509	15444.8
214.755	15350.5
213.001	15279.1
211.247	15116.5
209.492	15216.2
207.736	15142
205.981	14911.2
204.225	14898.3
202.469	14849.8
200.712	14912.4
198.955	14976.4
197.198	14777.1
195.44	14515.4
193.682	14408.7
191.924	14600.7
190.165	14268
188.406	14502.6
186.647	14242.6
184.887	14420.2
183.127	14134.7
181.367	14283.9
179.606	14062.4
177.845	13939
176.084	13947.7
174.322	14156.4
172.56	14197.6
170.797	14070
169.035	14187.8
167.272	14440.2
165.508	14514
163.744	14692.5
161.98	14949
160.216	15072.2
158.451	15236.4
156.686	15452.9
154.92	15595.7
153.154	15710.2
151.388	15910.9
149.621	15922
147.854	16000.9
146.087	16095.4
144.319	16038.5
142.551	16272.9
140.783	16415.3
139.014	16347.1
137.245	16582.7
135.476	16530
133.706	16614.4
131.936	16880.9
130.166	16900.2
128.395	17179.2
126.624	17151.9
124.853	17159.8
123.081	17473.9
121.309	17752.6
119.536	17729.4
117.763	17807.7
115.99	17933.9
114.217	17857.1
112.443	18024.1
110.669	17913.5
108.894	17866.3
107.119	17100.8
105.344	15717.4
103.568	13744.5
101.792	11254.5
100.016	8398.02
