160.701	-29.54
166.742	2.12
172.777	90.79
178.805	382.79
184.826	1075.79
190.841	2278.12
196.849	3648.46
202.85	4577.12
208.845	4775.46
214.833	4616.79
220.815	4397.12
226.789	4246.46
232.758	4118.12
238.719	3970.46
244.674	3800.12
250.623	3613.79
256.565	3417.79
262.5	3226.12
268.429	3067.12
274.351	2913.12
280.267	2777.12
286.176	2656.79
292.079	2558.79
297.975	2451.12
303.865	2378.46
309.748	2309.79
315.625	2248.46
321.495	2206.12
327.359	2167.46
333.217	2153.79
339.068	2128.46
344.912	2121.79
350.751	2107.46
356.583	2099.12
362.408	2094.79
368.227	2106.79
374.04	2123.46
379.847	2141.79
385.647	2146.12
391.44	2146.12
397.228	2135.12
403.009	2151.79
408.784	2175.46
414.553	2229.79
420.315	2304.12
426.071	2321.79
431.821	2235.12
437.565	2162.79
443.302	2137.46
449.033	2112.12
454.758	2105.79
460.477	2084.79
466.189	2056.46
471.896	2050.46
477.596	2027.79
483.29	2017.46
488.978	2000.12
494.66	1972.79
500.335	1948.79
506.005	1908.12
511.668	1869.12
517.325	1819.12
522.977	1797.12
528.622	1750.12
534.261	1726.12
539.894	1710.79
545.521	1686.46
551.141	1669.12
556.756	1655.46
562.365	1636.12
567.968	1622.12
573.565	1602.46
579.155	1596.12
584.74	1572.12
590.319	1557.79
595.892	1537.12
601.459	1513.46
607.02	1500.12
612.575	1480.79
618.124	1461.79
623.667	1447.79
629.204	1428.46
634.735	1409.12
640.261	1419.46
645.781	1428.79
651.294	1431.46
656.802	1402.46
662.304	1365.12
667.8	1337.12
673.29	1332.12
678.775	1312.46
684.254	1300.12
689.726	1286.12
695.193	1279.79
700.655	1257.46
706.11	1245.79
711.56	1232.79
717.004	1219.46
722.442	1206.46
727.874	1188.79
733.301	1179.79
738.722	1166.79
744.137	1165.79
749.547	1162.12
754.951	1162.46
760.349	1149.12
765.741	1134.12
771.128	1115.46
776.509	1117.46
781.885	1110.12
787.254	1099.79
792.618	1086.12
797.977	1077.46
803.33	1057.79
808.677	1041.12
814.019	1026.46
819.355	1009.12
824.686	988.12
830.011	978.12
835.33	962.46
840.644	955.46
845.952	949.12
851.255	927.46
856.552	915.46
861.844	898.79
867.13	894.12
872.41	882.12
877.686	862.12
882.955	853.12
888.219	838.12
893.478	808.79
898.731	780.46
903.979	759.46
909.221	744.12
914.458	726.46
919.69	722.79
924.916	713.79
930.136	705.79
935.351	697.46
940.561	697.46
945.766	684.79
950.965	670.46
956.158	667.79
961.347	652.46
966.529	638.79
971.707	630.46
976.879	617.79
982.046	601.79
987.208	595.79
992.364	594.79
997.515	596.79
1002.66	594.46
1007.801	594.79
1012.936	606.79
1018.066	608.12
1023.19	602.46
1028.309	605.12
1033.423	599.12
1038.532	592.12
1043.636	585.12
1048.734	587.46
1053.827	574.79
1058.915	563.46
1063.998	556.12
1069.075	554.12
1074.147	550.79
1079.214	558.12
1084.276	556.12
1089.333	558.12
1094.385	560.12
1099.431	560.79
1104.472	552.12
1109.509	548.12
1114.54	543.12
1119.565	524.46
1124.586	522.12
1129.602	517.79
1134.613	507.46
1139.618	505.12
1144.619	506.79
1149.614	506.46
1154.604	510.79
1159.589	505.79
1164.57	511.46
1169.545	508.12
1174.515	509.12
1179.48	508.12
1184.44	505.12
1189.395	489.79
1194.345	493.46
1199.29	488.79
1204.23	493.79
1209.165	487.12
1214.095	494.12
1219.021	499.46
1223.941	505.46
1228.856	504.12
1233.766	503.46
1238.672	501.12
1243.572	498.12
1248.467	490.79
1253.358	486.79
1258.244	475.12
1263.124	461.79
1268	453.46
1272.871	455.12
1277.737	444.12
1282.599	438.12
1287.455	442.46
1292.306	439.46
1297.153	439.12
1301.995	448.79
1306.832	447.12
1311.664	446.12
1316.491	443.12
1321.314	436.79
1326.132	434.46
1330.945	422.79
1335.753	414.79
1340.556	404.79
1345.354	398.46
1350.148	392.79
1354.937	383.79
1359.722	385.12
1364.501	386.46
1369.276	389.79
1374.046	382.79
1378.811	386.46
1383.572	382.12
1388.327	381.12
1393.079	372.46
1397.825	372.12
1402.567	362.46
1407.304	358.79
1412.036	351.79
1416.764	346.12
1421.487	350.79
1426.205	350.12
1430.919	352.46
1435.628	351.46
1440.333	362.79
1445.032	362.46
1449.727	369.12
1454.418	363.79
1459.104	361.46
1463.785	360.12
1468.462	354.12
1473.134	353.46
1477.802	345.12
1482.465	346.12
1487.123	351.46
1491.777	353.46
1496.426	355.46
1501.071	367.12
1505.711	372.12
1510.347	383.46
1514.978	395.46
1519.604	403.79
1524.226	402.12
1528.844	407.46
1533.457	407.79
1538.065	407.12
1542.669	411.46
1547.269	417.46
1551.864	417.79
1556.454	428.46
1561.041	440.46
1565.622	449.46
1570.199	468.46
1574.772	477.46
1579.34	501.46
1583.904	520.12
1588.464	533.79
1593.019	563.46
1597.569	579.79
1602.115	595.12
1606.657	618.46
1611.195	633.12
1615.728	660.79
1620.256	672.46
1624.78	702.12
1629.3	718.79
1633.816	744.79
1638.327	755.12
1642.834	767.79
1647.336	762.46
1651.834	767.12
1656.328	762.12
1660.817	741.12
1665.302	730.12
1669.783	696.12
1674.259	661.12
1678.732	624.46
1683.199	592.46
1687.663	552.46
1692.122	505.46
1696.577	473.46
1701.028	446.12
1705.474	416.79
1709.917	392.12
1714.355	361.12
1718.788	342.46
1723.218	317.46
1727.643	297.46
1732.064	271.79
1736.481	257.46
1740.893	231.12
1745.301	216.12
1749.705	200.46
1754.105	185.46
1758.501	174.46
1762.893	161.79
1767.28	149.79
1771.663	139.79
1776.042	134.79
1780.417	127.12
1784.787	125.46
1789.154	128.79
1793.516	120.79
1797.874	121.46
1802.228	118.12
1806.578	111.46
1810.924	109.79
1815.266	93.12
1819.603	96.46
1823.937	93.79
1828.266	85.46
1832.591	85.12
1836.913	85.79
1841.23	80.12
1845.543	79.79
1849.852	78.12
1854.156	76.12
1858.457	78.46
1862.754	77.79
1867.047	78.12
1871.335	80.46
1875.62	78.79
1879.9	79.79
1884.177	77.79
1888.449	81.79
1892.718	77.12
1896.982	77.79
1901.243	80.79
1905.499	75.12
1909.752	80.12
1914	77.79
1918.245	81.79
1922.485	82.46
1926.722	80.79
1930.954	88.46
1935.183	92.12
1939.408	93.46
1943.628	92.79
1947.845	91.79
1952.058	91.46
1956.267	88.12
1960.472	89.46
1964.673	88.12
1968.87	84.79
1973.063	81.79
1977.252	81.79
1981.438	83.79
1985.619	88.12
1989.797	83.79
1993.971	89.12
1998.14	88.79
2002.306	90.46
2006.469	92.46
2010.627	94.46
2014.781	96.46
2018.932	98.46
2023.078	102.12
2027.221	94.79
2031.36	95.46
2035.495	95.79
2039.627	93.79
2043.754	96.79
2047.878	96.12
2051.998	100.79
2056.114	98.46
2060.226	97.79
2064.334	105.12
2068.439	108.79
2072.54	106.46
2076.637	109.12
2080.73	116.12
2084.82	119.46
2088.906	115.12
2092.988	113.12
2097.066	110.46
2101.14	114.46
2105.211	113.12
2109.278	109.12
2113.342	109.79
2117.401	109.79
2121.457	108.46
2125.509	104.79
2129.558	102.46
2133.602	100.46
2137.643	96.46
2141.681	98.46
2145.714	94.79
2149.744	95.46
2153.77	90.79
2157.793	92.46
2161.812	85.12
2165.827	80.79
2169.838	78.12
2173.846	69.46
2177.851	69.46
2181.851	64.46
2185.848	59.79
2189.841	55.79
2193.831	56.79
2197.817	50.46
2201.799	50.46
2205.778	50.46
2209.753	41.46
2213.725	42.12
2217.693	42.79
2221.657	40.46
2225.618	35.79
2229.575	34.46
2233.529	31.46
2237.479	26.46
2241.425	24.79
2245.368	20.79
2249.307	17.79
2253.243	15.79
2257.175	11.12
2261.104	9.46
2265.029	5.79
2268.95	5.12
2272.868	0.12
2276.783	-0.54
2280.694	-3.21
2284.601	-2.54
2288.505	-4.54
2292.405	-7.54
2296.302	-10.54
2300.195	-11.54
2304.085	-17.21
2307.971	-14.21
2311.854	-18.21
2315.734	-21.88
2319.609	-23.54
2323.482	-26.54
2327.351	-30.54
2331.216	-26.88
2335.078	-30.88
2338.937	-36.21
2342.792	-33.21
2346.643	-35.21
2350.492	-34.54
2354.336	-36.21
2358.178	-39.88
2362.015	-37.21
2365.85	-39.21
2369.681	-38.21
2373.508	-37.21
2377.333	-40.21
2381.153	-40.21
2384.971	-42.54
2388.785	-43.21
2392.595	-41.54
2396.402	-39.21
2400.206	-43.54
2404.007	-45.21
2407.804	-44.54
2411.597	-45.88
2415.388	-42.54
2419.174	-44.88
2422.958	-46.88
2426.738	-49.88
2430.515	-48.21
2434.289	-49.54
2438.059	-50.21
2441.825	-51.21
2445.589	-51.54
2449.349	-52.54
2453.106	-50.88
2456.859	-53.54
2460.61	-55.54
2464.356	-55.21
2468.1	-54.88
2471.84	-56.88
2475.577	-55.21
2479.311	-56.88
2483.041	-56.54
2486.768	-57.21
2490.492	-57.88
2494.213	-58.88
2497.93	-59.21
2501.644	-54.21
2505.355	-57.21
2509.062	-57.21
2512.766	-57.21
2516.467	-57.21
2520.165	-57.54
2523.859	-56.88
2527.551	-58.88
2531.239	-58.21
2534.923	-56.54
2538.605	-57.54
2542.283	-60.88
2545.958	-60.21
2549.63	-60.54
2553.299	-62.21
2556.964	-61.21
2560.626	-62.21
2564.285	-60.88
2567.941	-60.88
2571.594	-60.88
2575.243	-64.21
2578.89	-66.21
2582.533	-66.21
2586.173	-65.21
2589.809	-67.54
2593.443	-66.88
2597.073	-66.88
2600.701	-68.54
2604.325	-67.54
2607.946	-67.88
2611.564	-66.54
2615.178	-66.54
2618.79	-69.88
2622.398	-68.54
2626.004	-67.54
2629.606	-68.54
2633.205	-66.54
2636.801	-68.21
2640.394	-67.54
2643.983	-66.21
2647.57	-67.21
2651.153	-67.21
2654.734	-65.88
2658.311	-64.21
2661.885	-65.88
2665.456	-65.21
2669.025	-68.21
2672.589	-66.88
2676.151	-65.54
2679.71	-68.54
2683.266	-69.54
2686.819	-66.54
2690.368	-69.21
2693.915	-69.88
2697.458	-66.54
2700.999	-66.88
2704.536	-67.54
2708.071	-65.88
2711.602	-66.21
2715.13	-65.54
2718.656	-64.88
2722.178	-65.21
2725.697	-62.88
2729.214	-60.88
2732.727	-59.54
2736.237	-61.54
2739.744	-58.21
2743.249	-55.21
2746.75	-58.21
2750.248	-55.88
2753.743	-56.88
2757.236	-53.54
2760.725	-52.88
2764.211	-51.54
2767.695	-49.21
2771.175	-48.54
2774.652	-50.21
2778.127	-47.21
2781.598	-47.21
2785.067	-46.54
2788.532	-43.88
2791.995	-41.88
2795.455	-42.54
2798.911	-41.21
2802.365	-40.54
2805.816	-38.88
2809.264	-38.54
2812.709	-37.54
2816.151	-35.21
2819.59	-32.88
2823.026	-31.88
2826.46	-30.21
2829.89	-25.54
2833.318	-21.54
2836.742	-17.21
2840.164	-19.88
2843.583	-19.88
2846.999	-14.88
2850.412	-12.21
2853.822	-9.88
2857.229	-8.54
2860.634	-4.21
2864.035	3.12
2867.434	9.46
2870.83	6.79
2874.223	12.12
2877.613	15.46
2881	17.12
2884.385	22.12
2887.766	25.12
2891.145	24.79
2894.521	31.46
2897.894	31.12
2901.264	35.12
2904.631	36.79
2907.996	40.12
2911.358	46.79
2914.717	45.79
2918.073	51.46
2921.426	54.12
2924.777	64.79
2928.124	63.79
2931.469	74.46
2934.811	77.12
2938.15	84.12
2941.487	89.12
2944.821	95.12
2948.152	100.79
2951.48	102.79
2954.805	105.79
2958.128	115.12
2961.447	122.12
2964.765	127.12
2968.079	134.79
2971.39	140.12
2974.699	149.12
2978.005	155.12
2981.308	166.79
2984.609	174.46
2987.907	188.46
2991.202	198.12
2994.494	206.79
2997.784	217.79
3001.07	227.12
3004.355	238.46
3007.636	249.12
3010.915	259.12
3014.191	266.12
3017.464	273.46
3020.734	287.46
3024.002	288.79
3027.267	305.79
3030.53	311.46
3033.789	320.12
3037.046	337.79
3040.301	346.79
3043.552	348.46
3046.801	366.46
3050.048	388.12
3053.291	401.46
3056.532	421.79
3059.771	432.79
3063.006	448.12
3066.239	471.79
3069.469	491.12
3072.697	509.12
3075.922	531.12
3079.144	544.12
3082.364	563.12
3085.581	579.79
3088.795	598.79
3092.007	614.12
3095.216	634.46
3098.423	653.79
3101.627	679.12
3104.828	696.12
3108.026	721.79
3111.222	728.12
3114.416	757.46
3117.607	779.12
3120.795	800.46
3123.98	822.46
3127.163	846.12
3130.344	873.46
3133.521	899.46
3136.696	915.46
3139.869	930.46
3143.039	948.46
3146.206	964.12
3149.371	984.12
3152.533	997.46
3155.693	1002.79
3158.85	1009.79
3162.005	1018.46
3165.157	1027.46
3168.306	1030.79
3171.453	1032.12
3174.597	1045.79
3177.739	1044.12
3180.878	1066.46
3184.014	1057.12
3187.149	1067.46
3190.28	1065.46
3193.409	1077.46
3196.536	1083.12
3199.659	1086.79
3202.781	1090.79
3205.9	1090.12
3209.016	1094.79
3212.13	1094.79
3215.241	1094.46
3218.35	1084.46
3221.456	1075.46
3224.56	1070.12
3227.661	1076.12
3230.76	1062.46
3233.856	1052.79
3236.95	1040.46
3240.041	1039.79
3243.13	1039.12
3246.216	1031.79
3249.3	1032.12
3252.382	1025.12
3255.46	1019.79
3258.537	1010.79
3261.611	1019.12
3264.682	1002.46
3267.751	1005.46
3270.818	995.79
3273.882	993.79
3276.943	987.12
3280.002	983.46
3283.059	975.46
3286.113	959.46
3289.165	950.79
3292.214	940.12
3295.261	916.79
3298.306	908.12
3301.348	891.12
3304.387	876.12
3307.425	860.12
3310.459	852.46
3313.492	836.12
3316.521	837.79
3319.549	829.79
3322.574	816.79
3325.597	813.46
3328.617	802.79
3331.635	800.46
3334.65	805.79
3337.663	800.12
3340.674	792.79
3343.682	794.46
3346.688	788.79
3349.691	780.46
3352.692	786.46
3355.691	781.12
3358.687	776.46
3361.681	769.46
3364.673	755.79
3367.662	749.12
3370.649	738.79
3373.633	723.46
3376.615	725.79
3379.595	712.12
3382.572	704.12
3385.547	700.12
3388.52	685.46
3391.49	678.12
3394.458	667.79
3397.424	656.79
3400.387	656.12
3403.348	650.12
3406.307	644.46
3409.263	629.46
3412.217	626.46
3415.168	623.46
3418.118	621.12
3421.065	608.46
3424.009	607.12
3426.951	592.12
3429.891	588.79
3432.829	579.79
3435.764	572.46
3438.697	549.79
3441.628	546.46
3444.557	530.46
3447.483	516.79
3450.407	499.79
3453.328	489.79
3456.247	475.12
3459.164	462.12
3462.079	449.46
3464.991	429.79
3467.902	417.79
3470.809	416.46
3473.715	396.79
3476.618	380.46
3479.519	374.79
3482.418	367.79
3485.315	351.46
3488.209	342.12
3491.101	333.46
3493.99	324.12
3496.878	314.46
3499.763	305.12
3502.646	295.79
3505.527	288.12
3508.405	275.46
3511.281	264.12
3514.155	253.46
3517.027	240.46
3519.897	228.46
3522.764	217.79
3525.629	207.12
3528.492	192.79
3531.352	185.12
3534.211	176.12
3537.067	160.12
3539.921	156.46
3542.773	143.79
3545.622	135.12
3548.469	126.79
3551.315	118.46
3554.157	105.12
3556.998	100.12
3559.837	95.79
3562.673	89.12
3565.507	84.79
3568.339	74.79
3571.169	71.46
3573.996	66.12
3576.822	59.12
3579.645	53.79
3582.466	45.46
3585.285	42.12
3588.101	36.12
3590.916	32.46
3593.728	23.46
3596.538	19.12
3599.346	15.12
3602.152	10.12
3604.956	0.46
3607.757	3.12
3610.556	-1.21
3613.354	-7.21
3616.149	-10.21
3618.942	-15.21
3621.732	-14.54
3624.521	-21.21
3627.307	-21.54
3630.092	-25.88
3632.874	-28.54
3635.654	-28.88
3638.432	-31.88
3641.208	-33.21
3643.982	-39.21
3646.753	-45.54
3649.523	-45.21
3652.29	-44.54
3655.055	-48.21
3657.818	-54.21
3660.579	-57.54
3663.338	-56.21
3666.095	-60.88
3668.849	-61.21
3671.602	-65.21
3674.352	-66.21
3677.101	-66.88
3679.847	-70.54
3682.591	-72.54
3685.333	-75.88
3688.073	-74.88
3690.811	-77.21
3693.547	-80.21
3696.281	-81.21
3699.013	-81.54
3701.742	-83.88
3704.47	-83.54
3707.195	-84.88
3709.919	-86.88
3712.64	-85.54
3715.359	-88.54
3718.076	-88.88
3720.792	-88.21
3723.505	-92.21
3726.216	-91.88
3728.925	-91.54
3731.632	-91.88
3734.336	-94.88
3737.039	-94.88
3739.74	-95.88
3742.439	-95.21
3745.136	-94.21
3747.83	-96.88
3750.523	-94.21
3753.213	-71.88
3755.902	-96.54
3758.589	-98.88
3761.273	-96.88
3763.956	-99.88
3766.636	-99.21
3769.315	-98.54
3771.991	-99.88
3774.665	-101.54
3777.338	-103.88
3780.008	-103.54
3782.677	-102.21
3785.343	-103.21
3788.007	-102.21
3790.67	-105.54
3793.33	-104.54
3795.989	-103.21
3798.645	-102.54
3801.299	-103.88
3803.952	-103.54
3806.602	-105.88
3809.251	-106.21
3811.897	-105.54
3814.542	-107.21
3817.184	-106.54
3819.825	-105.88
3822.463	-106.21
3825.1	-108.21
3827.735	-108.88
3830.367	-106.21
3832.998	-106.21
3835.627	-107.88
3838.253	-108.54
3840.878	-108.21
3843.501	-108.21
3846.122	-108.21
3848.741	-106.88
3851.358	-108.21
3853.973	-109.54
3856.586	-106.88
3859.197	-106.88
3861.806	-107.21
3864.414	-108.54
3867.019	-108.21
3869.622	-107.21
3872.224	-108.88
3874.823	-103.21
3877.421	-102.54
3880.016	-97.54
3882.61	-91.21
3885.202	-91.88
3887.792	-91.54
3890.38	-97.88
3892.966	-105.54
3895.55	-105.88
3898.132	-107.54
3900.713	-107.88
3903.291	-109.54
3905.868	-110.54
3908.442	-108.88
3911.015	-108.88
3913.586	-109.54
3916.155	-111.21
3918.722	-108.54
3921.287	-109.54
3923.85	-109.88
3926.411	-109.21
3928.971	-107.21
3931.528	-109.54
3934.084	-107.88
3936.638	-107.88
3939.19	-109.21
3941.74	-108.88
3944.288	-108.88
3946.834	-109.21
3949.378	-108.54
3951.921	-109.88
3954.462	-108.88
3957	-107.88
3959.537	-109.54
3962.072	-110.54
3964.606	-107.88
3967.137	-110.88
3969.667	-110.21
3972.194	-111.54
3974.72	-111.54
3977.244	-108.54
3979.766	-110.21
3982.286	-110.21
3984.805	-109.54
3987.321	-110.54
3989.836	-108.88
3992.349	-110.21
3994.86	-107.54
3997.369	-108.54
3999.877	-110.88
4002.382	-108.54
4004.886	-109.54
4007.388	-107.88
4009.888	-109.21
4012.386	-109.54
4014.883	-109.54
4017.377	-109.21
4019.87	-110.21
4022.361	-108.54
4024.85	-106.54
4027.338	-110.21
4029.823	-110.54
4032.307	-108.54
4034.789	-109.21
4037.269	-108.88
4039.747	-109.88
4042.224	-111.54
4044.699	-109.21
4047.172	-111.21
4049.643	-111.54
4052.112	-111.21
4054.58	-109.88
4057.046	-112.88
4059.51	-109.54
4061.972	-112.21
4064.432	-109.21
4066.891	-109.54
4069.348	-109.21
4071.803	-110.88
4074.256	-109.88
4076.708	-110.54
4079.158	-108.21
4081.606	-106.21
4084.052	-106.54
4086.497	-108.54
4088.939	-107.54
4091.38	-108.88
4093.819	-108.88
4096.257	-112.21
4098.693	-112.54
4101.127	-113.54
4103.559	-112.21
4105.989	-67.54
4108.418	-66.21
4110.845	-63.88
4113.27	-59.21
4115.694	-51.21
4118.115	-43.88
4120.535	-108.21
4122.954	-107.88
4125.37	-107.88
4127.785	-106.21
4130.198	-108.21
4132.609	-107.88
4135.019	-111.21
4137.427	-111.54
4139.833	-111.54
4142.237	-111.88
