160.701	-32.25
166.742	-0.92
172.777	98.75
178.805	389.75
184.826	1089.42
190.841	2284.08
196.849	3643.75
202.85	4534.42
208.845	4728.08
214.833	4555.42
220.815	4363.75
226.789	4199.75
232.758	4056.08
238.719	3936.42
244.674	3748.42
250.623	3565.08
256.565	3368.08
262.5	3188.42
268.429	3023.42
274.351	2871.75
280.267	2745.42
286.176	2620.08
292.079	2521.42
297.975	2424.08
303.865	2342.42
309.748	2274.42
315.625	2217.08
321.495	2167.42
327.359	2141.42
333.217	2103.75
339.068	2094.08
344.912	2076.42
350.751	2056.42
356.583	2058.42
362.408	2062.08
368.227	2063.08
374.04	2074.75
379.847	2096.75
385.647	2119.42
391.44	2111.08
397.228	2098.42
403.009	2094.75
408.784	2133.75
414.553	2201.08
420.315	2261.42
426.071	2261.75
431.821	2196.08
437.565	2134.08
443.302	2103.75
449.033	2072.75
454.758	2065.42
460.477	2035.75
466.189	2038.75
471.896	2020.75
477.596	1993.42
483.29	1982.08
488.978	1963.08
494.66	1946.75
500.335	1918.75
506.005	1880.75
511.668	1830.75
517.325	1792.08
522.977	1756.42
528.622	1720.75
534.261	1713.08
539.894	1689.42
545.521	1664.42
551.141	1639.08
556.756	1630.42
562.365	1615.08
567.968	1603.08
573.565	1583.42
579.155	1568.08
584.74	1543.08
590.319	1532.42
595.892	1518.08
601.459	1500.08
607.02	1481.42
612.575	1460.75
618.124	1439.42
623.667	1422.75
629.204	1411.42
634.735	1390.75
640.261	1404.42
645.781	1410.75
651.294	1410.08
656.802	1387.08
662.304	1340.08
667.8	1328.08
673.29	1320.75
678.775	1293.08
684.254	1290.42
689.726	1262.75
695.193	1259.75
700.655	1245.75
706.11	1233.42
711.56	1219.42
717.004	1206.75
722.442	1198.42
727.874	1181.75
733.301	1171.75
738.722	1161.75
744.137	1147.75
749.547	1147.08
754.951	1145.75
760.349	1143.75
765.741	1120.42
771.128	1111.75
776.509	1110.08
781.885	1100.75
787.254	1086.42
792.618	1081.42
797.977	1063.42
803.33	1046.75
808.677	1030.75
814.019	1016.42
819.355	992.75
824.686	985.42
830.011	970.08
835.33	954.08
840.644	936.08
845.952	926.75
851.255	926.42
856.552	912.42
861.844	901.75
867.13	884.75
872.41	875.75
877.686	862.08
882.955	853.08
888.219	833.42
893.478	806.08
898.731	776.08
903.979	760.75
909.221	742.42
914.458	732.08
919.69	718.08
924.916	713.42
930.136	702.75
935.351	702.75
940.561	690.42
945.766	689.75
950.965	673.42
956.158	660.75
961.347	648.08
966.529	635.75
971.707	625.08
976.879	609.42
982.046	602.42
987.208	594.08
992.364	591.08
997.515	592.75
1002.66	599.75
1007.801	597.08
1012.936	601.08
1018.066	602.08
1023.19	599.08
1028.309	602.42
1033.423	601.08
1038.532	594.75
1043.636	587.08
1048.734	583.75
1053.827	576.08
1058.915	570.42
1063.998	556.42
1069.075	552.42
1074.147	554.75
1079.214	557.42
1084.276	554.08
1089.333	559.75
1094.385	566.42
1099.431	558.08
1104.472	550.75
1109.509	551.42
1114.54	543.75
1119.565	531.42
1124.586	522.42
1129.602	516.75
1134.613	510.08
1139.618	507.42
1144.619	503.08
1149.614	506.08
1154.604	510.08
1159.589	507.75
1164.57	515.42
1169.545	514.08
1174.515	517.42
1179.48	508.08
1184.44	502.42
1189.395	499.42
1194.345	491.42
1199.29	494.08
1204.23	488.75
1209.165	490.08
1214.095	496.42
1219.021	493.42
1223.941	503.75
1228.856	506.75
1233.766	500.75
1238.672	506.75
1243.572	502.08
1248.467	487.75
1253.358	481.42
1258.244	480.08
1263.124	468.75
1268	450.42
1272.871	454.08
1277.737	449.08
1282.599	449.42
1287.455	446.75
1292.306	441.42
1297.153	447.08
1301.995	446.75
1306.832	451.75
1311.664	453.42
1316.491	443.08
1321.314	445.42
1326.132	437.08
1330.945	426.08
1335.753	419.75
1340.556	409.42
1345.354	396.75
1350.148	401.75
1354.937	394.42
1359.722	388.42
1364.501	385.08
1369.276	387.42
1374.046	386.08
1378.811	383.08
1383.572	384.75
1388.327	380.75
1393.079	377.42
1397.825	370.42
1402.567	368.08
1407.304	363.08
1412.036	352.42
1416.764	355.08
1421.487	349.75
1426.205	350.75
1430.919	355.75
1435.628	354.08
1440.333	366.08
1445.032	366.08
1449.727	371.08
1454.418	370.75
1459.104	370.08
1463.785	368.75
1468.462	361.08
1473.134	360.08
1477.802	351.42
1482.465	352.42
1487.123	354.75
1491.777	356.42
1496.426	358.75
1501.071	368.42
1505.711	376.42
1510.347	384.08
1514.978	394.75
1519.604	400.08
1524.226	401.42
1528.844	406.42
1533.457	403.75
1538.065	409.08
1542.669	413.75
1547.269	419.75
1551.864	424.42
1556.454	436.08
1561.041	439.08
1565.622	449.75
1570.199	467.42
1574.772	483.08
1579.34	497.75
1583.904	521.75
1588.464	540.42
1593.019	565.42
1597.569	583.75
1602.115	599.42
1606.657	617.08
1611.195	634.42
1615.728	652.75
1620.256	675.75
1624.78	691.42
1629.3	719.75
1633.816	740.42
1638.327	754.75
1642.834	758.42
1647.336	763.75
1651.834	769.42
1656.328	760.42
1660.817	741.75
1665.302	729.08
1669.783	692.75
1674.259	663.08
1678.732	625.42
1683.199	592.08
1687.663	548.75
1692.122	512.42
1696.577	473.08
1701.028	451.08
1705.474	411.08
1709.917	394.08
1714.355	362.42
1718.788	345.75
1723.218	316.75
1727.643	296.08
1732.064	275.08
1736.481	255.08
1740.893	235.08
1745.301	211.42
1749.705	201.42
1754.105	187.42
1758.501	170.75
1762.893	161.42
1767.28	146.08
1771.663	141.75
1776.042	139.42
1780.417	130.75
1784.787	129.75
1789.154	129.08
1793.516	126.08
1797.874	125.08
1802.228	122.08
1806.578	118.42
1810.924	109.75
1815.266	105.08
1819.603	98.08
1823.937	94.42
1828.266	89.42
1832.591	88.42
1836.913	85.42
1841.23	85.75
1845.543	84.08
1849.852	82.08
1854.156	82.08
1858.457	79.75
1862.754	81.42
1867.047	81.75
1871.335	81.75
1875.62	80.75
1879.9	84.42
1884.177	77.42
1888.449	76.75
1892.718	80.08
1896.982	83.42
1901.243	78.42
1905.499	77.75
1909.752	79.75
1914	82.42
1918.245	79.42
1922.485	83.42
1926.722	89.42
1930.954	91.42
1935.183	92.75
1939.408	93.08
1943.628	94.42
1947.845	90.75
1952.058	89.75
1956.267	91.08
1960.472	89.08
1964.673	85.75
1968.87	88.08
1973.063	83.75
1977.252	87.08
1981.438	84.08
1985.619	84.75
1989.797	86.42
1993.971	89.08
1998.14	89.75
2002.306	91.42
2006.469	91.75
2010.627	94.42
2014.781	99.75
2018.932	96.75
2023.078	98.08
2027.221	97.42
2031.36	97.75
2035.495	98.42
2039.627	99.08
2043.754	96.42
2047.878	97.08
2051.998	98.75
2056.114	99.75
2060.226	103.75
2064.334	103.75
2068.439	105.08
2072.54	108.42
2076.637	115.42
2080.73	116.42
2084.82	116.08
2088.906	121.42
2092.988	122.08
2097.066	117.08
2101.14	118.42
2105.211	113.42
2109.278	113.42
2113.342	107.08
2117.401	113.75
2121.457	105.42
2125.509	103.75
2129.558	105.42
2133.602	102.08
2137.643	94.75
2141.681	98.42
2145.714	94.42
2149.744	90.75
2153.77	91.08
2157.793	83.42
2161.812	82.75
2165.827	80.08
2169.838	78.08
2173.846	70.75
2177.851	66.75
2181.851	62.75
2185.848	59.75
2189.841	57.42
2193.831	51.42
2197.817	47.75
2201.799	50.42
2205.778	49.75
2209.753	44.42
2213.725	44.75
2217.693	42.75
2221.657	40.75
2225.618	39.75
2229.575	32.75
2233.529	33.42
2237.479	28.08
2241.425	25.08
2245.368	24.08
2249.307	19.42
2253.243	18.08
2257.175	10.42
2261.104	9.75
2265.029	8.08
2268.95	5.08
2272.868	5.08
2276.783	-0.25
2280.694	-0.92
2284.601	-5.25
2288.505	-5.58
2292.405	-7.92
2296.302	-9.25
2300.195	-13.25
2304.085	-16.58
2307.971	-16.25
2311.854	-19.92
2315.734	-20.92
2319.609	-23.25
2323.482	-24.58
2327.351	-27.92
2331.216	-25.92
2335.078	-27.25
2338.937	-31.25
2342.792	-29.92
2346.643	-33.92
2350.492	-34.25
2354.336	-35.58
2358.178	-36.58
2362.015	-37.25
2365.85	-39.58
2369.681	-37.92
2373.508	-36.25
2377.333	-40.25
2381.153	-38.58
2384.971	-38.25
2388.785	-45.25
2392.595	-42.58
2396.402	-41.92
2400.206	-45.58
2404.007	-47.92
2407.804	-45.58
2411.597	-44.92
2415.388	-42.92
2419.174	-44.58
2422.958	-45.25
2426.738	-46.92
2430.515	-46.25
2434.289	-49.25
2438.059	-48.92
2441.825	-48.25
2445.589	-48.58
2449.349	-48.25
2453.106	-48.92
2456.859	-49.25
2460.61	-51.25
2464.356	-49.92
2468.1	-52.58
2471.84	-49.92
2475.577	-52.58
2479.311	-52.58
2483.041	-54.25
2486.768	-54.58
2490.492	-55.58
2494.213	-56.92
2497.93	-53.25
2501.644	-53.92
2505.355	-56.58
2509.062	-55.92
2512.766	-57.58
2516.467	-56.25
2520.165	-53.25
2523.859	-57.92
2527.551	-59.58
2531.239	-59.92
2534.923	-57.25
2538.605	-59.92
2542.283	-58.92
2545.958	-58.25
2549.63	-63.25
2553.299	-62.92
2556.964	-60.58
2560.626	-62.25
2564.285	-61.25
2567.941	-62.25
2571.594	-63.92
2575.243	-65.92
2578.89	-65.58
2582.533	-65.58
2586.173	-64.25
2589.809	-66.58
2593.443	-65.92
2597.073	-66.25
2600.701	-67.25
2604.325	-66.92
2607.946	-68.25
2611.564	-67.92
2615.178	-64.58
2618.79	-67.92
2622.398	-67.92
2626.004	-66.25
2629.606	-64.92
2633.205	-66.92
2636.801	-66.25
2640.394	-65.25
2643.983	-65.58
2647.57	-68.25
2651.153	-67.25
2654.734	-65.92
2658.311	-65.25
2661.885	-65.58
2665.456	-65.58
2669.025	-65.92
2672.589	-66.92
2676.151	-66.25
2679.71	-65.58
2683.266	-66.92
2686.819	-65.92
2690.368	-66.58
2693.915	-65.92
2697.458	-65.25
2700.999	-64.25
2704.536	-63.58
2708.071	-63.92
2711.602	-65.92
2715.13	-63.92
2718.656	-62.25
2722.178	-61.25
2725.697	-63.58
2729.214	-62.58
2732.727	-61.58
2736.237	-58.58
2739.744	-60.58
2743.249	-57.92
2746.75	-60.92
2750.248	-55.92
2753.743	-58.58
2757.236	-53.92
2760.725	-53.58
2764.211	-55.58
2767.695	-53.58
2771.175	-50.92
2774.652	-51.25
2778.127	-47.25
2781.598	-47.25
2785.067	-48.92
2788.532	-46.58
2791.995	-45.92
2795.455	-47.25
2798.911	-43.25
2802.365	-40.58
2805.816	-38.58
2809.264	-37.58
2812.709	-35.25
2816.151	-30.25
2819.59	-32.25
2823.026	-30.92
2826.46	-28.58
2829.89	-25.92
2833.318	-20.58
2836.742	-20.25
2840.164	-17.58
2843.583	-18.25
2846.999	-15.58
2850.412	-10.25
2853.822	-7.92
2857.229	-9.25
2860.634	-2.25
2864.035	0.42
2867.434	6.08
2870.83	6.75
2874.223	12.08
2877.613	14.08
2881	18.75
2884.385	20.42
2887.766	24.42
2891.145	23.75
2894.521	32.08
2897.894	32.08
2901.264	38.08
2904.631	40.42
2907.996	38.75
2911.358	43.42
2914.717	49.08
2918.073	55.08
2921.426	55.75
2924.777	61.42
2928.124	62.08
2931.469	72.08
2934.811	79.42
2938.15	80.75
2941.487	85.75
2944.821	91.42
2948.152	99.42
2951.48	96.42
2954.805	105.08
2958.128	113.42
2961.447	121.75
2964.765	127.75
2968.079	129.75
2971.39	139.42
2974.699	147.08
2978.005	156.08
2981.308	170.42
2984.609	174.75
2987.907	187.75
2991.202	197.42
2994.494	208.08
2997.784	215.42
3001.07	231.08
3004.355	240.42
3007.636	249.08
3010.915	252.75
3014.191	260.75
3017.464	270.08
3020.734	283.75
3024.002	283.42
3027.267	301.08
3030.53	309.42
3033.789	313.42
3037.046	327.08
3040.301	340.08
3043.552	354.75
3046.801	365.42
3050.048	380.75
3053.291	390.08
3056.532	411.42
3059.771	433.08
3063.006	447.08
3066.239	472.75
3069.469	483.08
3072.697	499.42
3075.922	525.08
3079.144	543.75
3082.364	566.42
3085.581	572.75
3088.795	594.08
3092.007	612.08
3095.216	636.08
3098.423	651.42
3101.627	673.42
3104.828	690.42
3108.026	710.08
3111.222	731.75
3114.416	742.08
3117.607	764.42
3120.795	798.42
3123.98	814.08
3127.163	844.08
3130.344	863.08
3133.521	885.75
3136.696	905.42
3139.869	927.75
3143.039	939.42
3146.206	969.75
3149.371	980.08
3152.533	983.42
3155.693	1002.75
3158.85	1017.08
3162.005	1018.42
3165.157	1016.75
3168.306	1028.42
3171.453	1028.75
3174.597	1032.75
3177.739	1046.75
3180.878	1053.75
3184.014	1052.42
3187.149	1060.08
3190.28	1059.75
3193.409	1059.42
3196.536	1077.75
3199.659	1083.75
3202.781	1079.08
3205.9	1092.42
3209.016	1077.42
3212.13	1092.75
3215.241	1084.42
3218.35	1079.75
3221.456	1069.08
3224.56	1061.08
3227.661	1055.75
3230.76	1048.75
3233.856	1042.08
3236.95	1021.42
3240.041	1026.75
3243.13	1023.08
3246.216	1014.42
3249.3	1013.08
3252.382	1004.42
3255.46	1006.08
3258.537	1005.42
3261.611	992.08
3264.682	1005.08
3267.751	997.08
3270.818	995.75
3273.882	995.42
3276.943	982.08
3280.002	970.08
3283.059	961.42
3286.113	946.75
3289.165	940.75
3292.214	919.75
3295.261	906.08
3298.306	893.42
3301.348	877.42
3304.387	864.75
3307.425	859.08
3310.459	836.75
3313.492	833.42
3316.521	833.42
3319.549	816.08
3322.574	809.08
3325.597	812.08
3328.617	798.42
3331.635	795.75
3334.65	784.75
3337.663	786.75
3340.674	777.42
3343.682	780.42
3346.688	770.42
3349.691	771.42
3352.692	771.42
3355.691	761.75
3358.687	763.42
3361.681	752.42
3364.673	749.75
3367.662	741.42
3370.649	730.08
3373.633	722.75
3376.615	710.08
3379.595	698.75
3382.572	698.75
3385.547	684.08
3388.52	680.08
3391.49	665.75
3394.458	662.75
3397.424	653.42
3400.387	640.75
3403.348	637.08
3406.307	634.75
3409.263	628.75
3412.217	625.42
3415.168	608.42
3418.118	614.75
3421.065	608.75
3424.009	590.08
3426.951	583.75
3429.891	580.75
3432.829	568.75
3435.764	554.75
3438.697	544.75
3441.628	534.08
3444.557	517.42
3447.483	505.42
3450.407	490.75
3453.328	478.75
3456.247	458.75
3459.164	450.08
3462.079	437.75
3464.991	427.08
3467.902	411.08
3470.809	399.42
3473.715	387.75
3476.618	378.75
3479.519	364.42
3482.418	356.42
3485.315	349.08
3488.209	332.42
3491.101	328.75
3493.99	315.75
3496.878	308.75
3499.763	301.08
3502.646	285.42
3505.527	279.08
3508.405	266.42
3511.281	258.42
3514.155	244.42
3517.027	230.75
3519.897	221.42
3522.764	211.08
3525.629	197.42
3528.492	190.08
3531.352	178.75
3534.211	166.08
3537.067	157.08
3539.921	145.75
3542.773	139.75
3545.622	128.08
3548.469	121.42
3551.315	111.75
3554.157	104.42
3556.998	95.42
3559.837	93.42
3562.673	88.75
3565.507	78.08
3568.339	74.08
3571.169	69.08
3573.996	62.42
3576.822	58.75
3579.645	54.75
3582.466	44.08
3585.285	36.75
3588.101	32.75
3590.916	28.75
3593.728	22.08
3596.538	19.08
3599.346	15.08
3602.152	9.42
3604.956	1.75
3607.757	-0.92
3610.556	-6.92
3613.354	-4.25
3616.149	-13.25
3618.942	-17.92
3621.732	-19.25
3624.521	-21.58
3627.307	-25.92
3630.092	-30.25
3632.874	-30.92
3635.654	-31.92
3638.432	-33.58
3641.208	-39.58
3643.982	-39.92
3646.753	-44.92
3649.523	-45.58
3652.29	-50.25
3655.055	-49.58
3657.818	-55.58
3660.579	-58.92
3663.338	-59.92
3666.095	-62.92
3668.849	-63.92
3671.602	-68.25
3674.352	-69.58
3677.101	-69.92
3679.847	-72.92
3682.591	-73.58
3685.333	-77.58
3688.073	-75.92
3690.811	-77.58
3693.547	-78.58
3696.281	-81.92
3699.013	-84.92
3701.742	-80.92
3704.47	-84.58
3707.195	-84.25
3709.919	-88.58
3712.64	-87.92
3715.359	-88.58
3718.076	-88.92
3720.792	-91.58
3723.505	-93.25
3726.216	-94.58
3728.925	-93.92
3731.632	-94.25
3734.336	-95.58
3737.039	-96.25
3739.74	-98.25
3742.439	-95.58
3745.136	-97.92
3747.83	-99.25
3750.523	-98.92
3753.213	-100.92
3755.902	-99.92
3758.589	-99.58
3761.273	-101.25
3763.956	-101.92
3766.636	-100.25
3769.315	-101.92
3771.991	-100.58
3774.665	-103.25
3777.338	-103.25
3780.008	-102.92
3782.677	-103.92
3785.343	-102.58
3788.007	-103.58
3790.67	-104.92
3793.33	-105.92
3795.989	-105.58
3798.645	-104.58
3801.299	-105.58
3803.952	-103.58
3806.602	-105.58
3809.251	-104.92
3811.897	-106.92
3814.542	-105.92
3817.184	-108.58
3819.825	-105.58
3822.463	-106.25
3825.1	-107.58
3827.735	-108.92
3830.367	-106.58
3832.998	-107.58
3835.627	-107.58
3838.253	-108.92
3840.878	-108.92
3843.501	-109.92
3846.122	-109.58
3848.741	-108.58
3851.358	-110.92
3853.973	-111.25
3856.586	-110.92
3859.197	-109.25
3861.806	-109.92
3864.414	-110.92
3867.019	-110.92
3869.622	-109.25
3872.224	-109.25
3874.823	-106.58
3877.421	-106.25
3880.016	-101.58
3882.61	-96.92
3885.202	-95.58
3887.792	-97.25
3890.38	-102.25
3892.966	-106.58
3895.55	-108.58
3898.132	-109.58
3900.713	-109.92
3903.291	-109.58
3905.868	-111.25
3908.442	-109.25
3911.015	-111.58
3913.586	-111.58
3916.155	-111.58
3918.722	-109.58
3921.287	-110.58
3923.85	-110.92
3926.411	-110.58
3928.971	-110.25
3931.528	-110.25
3934.084	-108.25
3936.638	-110.25
3939.19	-108.58
3941.74	-108.25
3944.288	-109.92
3946.834	-111.92
3949.378	-107.58
3951.921	-110.58
3954.462	-107.92
3957	-107.92
3959.537	-110.25
3962.072	-109.58
3964.606	-108.92
3967.137	-108.58
3969.667	-110.25
3972.194	-110.92
3974.72	-108.92
3977.244	-108.25
3979.766	-108.58
3982.286	-108.58
3984.805	-108.58
3987.321	-110.92
3989.836	-110.92
3992.349	-111.58
3994.86	-108.25
3997.369	-106.92
3999.877	-109.58
4002.382	-110.92
4004.886	-110.58
4007.388	-111.92
4009.888	-111.58
4012.386	-111.25
4014.883	-111.58
4017.377	-110.92
4019.87	-112.58
4022.361	-110.25
4024.85	-110.25
4027.338	-112.25
4029.823	-113.25
4032.307	-112.92
4034.789	-111.92
4037.269	-109.92
4039.747	-110.92
4042.224	-114.58
4044.699	-110.92
4047.172	-111.92
4049.643	-110.58
4052.112	-110.58
4054.58	-109.92
4057.046	-110.58
4059.51	-108.58
4061.972	-110.58
4064.432	-110.25
4066.891	-108.25
4069.348	-108.58
4071.803	-109.25
4074.256	-109.92
4076.708	-110.58
4079.158	-107.25
4081.606	-107.92
4084.052	-107.58
4086.497	-109.25
4088.939	-108.58
4091.38	-110.25
4093.819	-109.58
4096.257	-112.58
4098.693	-111.58
4101.127	-112.58
4103.559	-111.58
4105.989	-72.92
4108.418	-66.58
4110.845	-63.92
4113.27	-60.25
4115.694	-54.92
4118.115	-44.25
4120.535	-109.92
4122.954	-108.25
4125.37	-109.25
4127.785	-109.58
4130.198	-111.92
4132.609	-109.58
4135.019	-114.25
4137.427	-113.25
4139.833	-113.58
4142.237	-114.25
