160.701	-29.62
166.742	3.38
172.777	93.37
178.805	375.37
184.826	1053.71
190.841	2234.37
196.849	3578.37
202.85	4509.04
208.845	4713.04
214.833	4559.38
220.815	4346.38
226.789	4206.38
232.758	4062.04
238.719	3918.71
244.674	3749.37
250.623	3564.38
256.565	3374.38
262.5	3200.38
268.429	3030.71
274.351	2875.71
280.267	2747.04
286.176	2629.71
292.079	2544.04
297.975	2457.71
303.865	2370.04
309.748	2290.04
315.625	2227.71
321.495	2192.71
327.359	2153.71
333.217	2124.04
339.068	2111.37
344.912	2091.04
350.751	2088.04
356.583	2082.38
362.408	2074.37
368.227	2083.71
374.04	2100.71
379.847	2117.38
385.647	2128.04
391.44	2124.37
397.228	2127.04
403.009	2136.38
408.784	2156.04
414.553	2234.04
420.315	2295.38
426.071	2289.04
431.821	2224.04
437.565	2149.71
443.302	2124.38
449.033	2089.04
454.758	2074.38
460.477	2069.04
466.189	2053.71
471.896	2026.71
477.596	2022.71
483.29	2000.38
488.978	1982.71
494.66	1957.38
500.335	1925.37
506.005	1888.38
511.668	1845.04
517.325	1807.38
522.977	1757.38
528.622	1734.37
534.261	1714.04
539.894	1690.04
545.521	1663.04
551.141	1661.04
556.756	1636.71
562.365	1616.37
567.968	1607.04
573.565	1592.37
579.155	1578.38
584.74	1560.37
590.319	1541.04
595.892	1530.38
601.459	1507.04
607.02	1494.38
612.575	1470.38
618.124	1450.71
623.667	1424.71
629.204	1417.71
634.735	1406.37
640.261	1407.04
645.781	1420.04
651.294	1424.71
656.802	1385.71
662.304	1359.38
667.8	1332.71
673.29	1317.71
678.775	1299.71
684.254	1284.71
689.726	1278.04
695.193	1261.37
700.655	1250.38
706.11	1245.71
711.56	1216.71
717.004	1212.04
722.442	1201.37
727.874	1172.71
733.301	1172.71
738.722	1169.38
744.137	1155.71
749.547	1152.37
754.951	1146.71
760.349	1145.37
765.741	1128.38
771.128	1121.04
776.509	1112.37
781.885	1102.71
787.254	1097.04
792.618	1077.71
797.977	1065.04
803.33	1047.71
808.677	1033.04
814.019	1020.38
819.355	993.38
824.686	986.04
830.011	963.38
835.33	946.04
840.644	937.04
845.952	929.71
851.255	916.71
856.552	906.37
861.844	890.71
867.13	873.38
872.41	864.38
877.686	855.71
882.955	837.04
888.219	816.04
893.478	793.71
898.731	770.37
903.979	751.38
909.221	737.37
914.458	731.04
919.69	711.71
924.916	707.38
930.136	701.37
935.351	704.38
940.561	692.04
945.766	681.71
950.965	678.71
956.158	666.37
961.347	650.04
966.529	634.04
971.707	624.37
976.879	607.38
982.046	606.04
987.208	591.38
992.364	589.38
997.515	589.37
1002.66	593.04
1007.801	595.38
1012.936	595.04
1018.066	596.71
1023.19	596.37
1028.309	596.37
1033.423	594.04
1038.532	588.04
1043.636	582.71
1048.734	572.04
1053.827	567.04
1058.915	558.71
1063.998	555.04
1069.075	548.04
1074.147	548.71
1079.214	551.04
1084.276	552.37
1089.333	557.71
1094.385	556.04
1099.431	559.04
1104.472	552.38
1109.509	547.38
1114.54	540.71
1119.565	526.71
1124.586	518.04
1129.602	516.71
1134.613	507.38
1139.618	503.71
1144.619	501.71
1149.614	509.04
1154.604	505.37
1159.589	504.38
1164.57	507.38
1169.545	508.71
1174.515	507.71
1179.48	506.04
1184.44	502.71
1189.395	491.04
1194.345	489.71
1199.29	485.71
1204.23	487.04
1209.165	489.04
1214.095	488.04
1219.021	494.37
1223.941	496.71
1228.856	499.71
1233.766	499.71
1238.672	497.38
1243.572	499.04
1248.467	491.04
1253.358	486.38
1258.244	471.04
1263.124	463.37
1268	454.71
1272.871	450.04
1277.737	437.71
1282.599	434.38
1287.455	445.04
1292.306	438.04
1297.153	442.37
1301.995	442.71
1306.832	443.04
1311.664	443.37
1316.491	441.04
1321.314	435.38
1326.132	431.04
1330.945	417.04
1335.753	417.37
1340.556	405.37
1345.354	400.04
1350.148	392.04
1354.937	388.37
1359.722	382.37
1364.501	389.71
1369.276	385.38
1374.046	382.71
1378.811	382.38
1383.572	384.38
1388.327	376.38
1393.079	376.71
1397.825	366.04
1402.567	363.04
1407.304	357.71
1412.036	353.38
1416.764	346.71
1421.487	347.71
1426.205	347.71
1430.919	349.04
1435.628	353.71
1440.333	360.38
1445.032	359.38
1449.727	360.37
1454.418	360.71
1459.104	363.37
1463.785	359.71
1468.462	350.71
1473.134	346.04
1477.802	343.37
1482.465	347.71
1487.123	350.71
1491.777	357.71
1496.426	356.38
1501.071	371.04
1505.711	375.71
1510.347	387.38
1514.978	397.04
1519.604	397.04
1524.226	400.04
1528.844	408.38
1533.457	403.71
1538.065	406.04
1542.669	410.38
1547.269	413.04
1551.864	421.71
1556.454	431.04
1561.041	440.04
1565.622	447.71
1570.199	461.71
1574.772	482.38
1579.34	502.04
1583.904	518.38
1588.464	533.71
1593.019	561.38
1597.569	573.71
1602.115	601.38
1606.657	613.04
1611.195	630.71
1615.728	649.04
1620.256	670.04
1624.78	693.71
1629.3	717.38
1633.816	741.71
1638.327	753.38
1642.834	763.04
1647.336	764.04
1651.834	768.04
1656.328	756.37
1660.817	743.04
1665.302	727.71
1669.783	694.38
1674.259	657.71
1678.732	626.04
1683.199	590.71
1687.663	546.38
1692.122	510.04
1696.577	477.04
1701.028	443.37
1705.474	417.04
1709.917	389.71
1714.355	362.04
1718.788	348.04
1723.218	320.04
1727.643	294.71
1732.064	276.38
1736.481	251.38
1740.893	233.71
1745.301	214.37
1749.705	196.38
1754.105	186.71
1758.501	174.04
1762.893	165.04
1767.28	150.38
1771.663	142.71
1776.042	137.04
1780.417	133.37
1784.787	129.38
1789.154	129.71
1793.516	128.37
1797.874	124.71
1802.228	118.71
1806.578	116.04
1810.924	109.38
1815.266	100.38
1819.603	103.04
1823.937	92.71
1828.266	89.71
1832.591	87.71
1836.913	88.04
1841.23	84.04
1845.543	82.38
1849.852	84.71
1854.156	79.71
1858.457	78.38
1862.754	84.71
1867.047	82.04
1871.335	85.04
1875.62	82.38
1879.9	81.71
1884.177	83.04
1888.449	80.04
1892.718	78.04
1896.982	80.38
1901.243	78.71
1905.499	78.71
1909.752	82.04
1914	82.71
1918.245	85.38
1922.485	85.71
1926.722	87.71
1930.954	90.71
1935.183	89.71
1939.408	93.71
1943.628	98.71
1947.845	92.71
1952.058	95.38
1956.267	92.38
1960.472	91.71
1964.673	89.71
1968.87	86.38
1973.063	87.38
1977.252	88.04
1981.438	83.71
1985.619	86.04
1989.797	85.04
1993.971	85.38
1998.14	88.38
2002.306	89.04
2006.469	90.38
2010.627	99.04
2014.781	98.37
2018.932	97.71
2023.078	101.38
2027.221	98.71
2031.36	100.38
2035.495	100.38
2039.627	100.04
2043.754	99.04
2047.878	101.38
2051.998	105.04
2056.114	103.04
2060.226	108.37
2064.334	105.38
2068.439	107.04
2072.54	111.04
2076.637	115.71
2080.73	116.04
2084.82	120.04
2088.906	120.71
2092.988	121.37
2097.066	118.71
2101.14	115.38
2105.211	114.04
2109.278	113.04
2113.342	116.71
2117.401	110.37
2121.457	107.38
2125.509	104.04
2129.558	104.04
2133.602	100.71
2137.643	97.37
2141.681	102.38
2145.714	94.04
2149.744	92.71
2153.77	92.04
2157.793	88.71
2161.812	84.38
2165.827	82.71
2169.838	81.37
2173.846	78.38
2177.851	70.04
2181.851	69.38
2185.848	61.04
2189.841	60.38
2193.831	56.04
2197.817	53.71
2201.799	50.38
2205.778	51.38
2209.753	46.38
2213.725	47.37
2217.693	47.04
2221.657	43.04
2225.618	40.38
2229.575	37.37
2233.529	35.04
2237.479	31.04
2241.425	30.04
2245.368	22.71
2249.307	23.04
2253.243	18.04
2257.175	14.38
2261.104	13.04
2265.029	8.04
2268.95	6.38
2272.868	5.04
2276.783	-0.62
2280.694	1.37
2284.601	-3.96
2288.505	-5.29
2292.405	-5.62
2296.302	-7.62
2300.195	-10.96
2304.085	-15.63
2307.971	-14.29
2311.854	-19.96
2315.734	-19.29
2319.609	-25.29
2323.482	-21.96
2327.351	-22.62
2331.216	-21.96
2335.078	-21.96
2338.937	-29.63
2342.792	-29.63
2346.643	-32.96
2350.492	-31.29
2354.336	-31.62
2358.178	-31.63
2362.015	-33.62
2365.85	-35.29
2369.681	-34.96
2373.508	-32.96
2377.333	-37.63
2381.153	-39.29
2384.971	-35.96
2388.785	-39.63
2392.595	-38.96
2396.402	-40.62
2400.206	-39.63
2404.007	-43.63
2407.804	-43.63
2411.597	-42.29
2415.388	-43.96
2419.174	-40.29
2422.958	-44.62
2426.738	-45.62
2430.515	-44.62
2434.289	-47.62
2438.059	-46.62
2441.825	-46.63
2445.589	-48.29
2449.349	-48.96
2453.106	-45.62
2456.859	-48.63
2460.61	-49.96
2464.356	-50.96
2468.1	-50.96
2471.84	-50.96
2475.577	-53.62
2479.311	-51.62
2483.041	-51.29
2486.768	-53.63
2490.492	-55.96
2494.213	-54.29
2497.93	-53.29
2501.644	-54.29
2505.355	-54.63
2509.062	-54.62
2512.766	-53.62
2516.467	-51.96
2520.165	-52.96
2523.859	-58.62
2527.551	-56.96
2531.239	-59.29
2534.923	-57.63
2538.605	-56.63
2542.283	-58.29
2545.958	-56.96
2549.63	-60.62
2553.299	-58.96
2556.964	-59.29
2560.626	-56.96
2564.285	-59.62
2567.941	-56.62
2571.594	-60.62
2575.243	-59.29
2578.89	-62.96
2582.533	-60.62
2586.173	-60.29
2589.809	-63.29
2593.443	-60.29
2597.073	-60.96
2600.701	-62.29
2604.325	-62.62
2607.946	-62.62
2611.564	-63.29
2615.178	-61.62
2618.79	-65.96
2622.398	-63.96
2626.004	-63.29
2629.606	-60.29
2633.205	-65.96
2636.801	-64.29
2640.394	-65.96
2643.983	-65.96
2647.57	-65.63
2651.153	-66.62
2654.734	-66.62
2658.311	-64.63
2661.885	-65.96
2665.456	-65.62
2669.025	-64.29
2672.589	-65.96
2676.151	-62.96
2679.71	-62.96
2683.266	-65.29
2686.819	-64.96
2690.368	-64.29
2693.915	-64.62
2697.458	-63.96
2700.999	-61.29
2704.536	-60.96
2708.071	-61.62
2711.602	-62.29
2715.13	-61.96
2718.656	-60.62
2722.178	-61.62
2725.697	-58.62
2729.214	-59.62
2732.727	-54.62
2736.237	-54.63
2739.744	-55.96
2743.249	-53.29
2746.75	-57.29
2750.248	-54.62
2753.743	-56.29
2757.236	-50.62
2760.725	-50.96
2764.211	-52.29
2767.695	-47.62
2771.175	-47.96
2774.652	-48.63
2778.127	-46.29
2781.598	-45.96
2785.067	-43.96
2788.532	-42.62
2791.995	-40.29
2795.455	-40.96
2798.911	-37.62
2802.365	-35.96
2805.816	-34.29
2809.264	-35.96
2812.709	-31.96
2816.151	-30.29
2819.59	-28.96
2823.026	-26.96
2826.46	-25.96
2829.89	-24.96
2833.318	-20.96
2836.742	-19.29
2840.164	-17.96
2843.583	-17.62
2846.999	-11.62
2850.412	-11.96
2853.822	-5.62
2857.229	-8.96
2860.634	-0.62
2864.035	2.04
2867.434	7.04
2870.83	5.38
2874.223	14.38
2877.613	16.04
2881	21.37
2884.385	21.38
2887.766	24.37
2891.145	26.04
2894.521	28.04
2897.894	33.04
2901.264	30.04
2904.631	39.38
2907.996	39.71
2911.358	43.38
2914.717	47.71
2918.073	54.04
2921.426	57.38
2924.777	60.38
2928.124	64.71
2931.469	73.71
2934.811	76.38
2938.15	82.71
2941.487	86.71
2944.821	89.71
2948.152	96.38
2951.48	102.04
2954.805	107.04
2958.128	108.71
2961.447	121.38
2964.765	127.37
2968.079	130.38
2971.39	136.38
2974.699	144.04
2978.005	153.71
2981.308	163.71
2984.609	173.38
2987.907	191.38
2991.202	195.04
2994.494	210.04
2997.784	218.04
3001.07	227.04
3004.355	236.04
3007.636	251.38
3010.915	254.04
3014.191	261.04
3017.464	270.71
3020.734	281.71
3024.002	290.38
3027.267	304.04
3030.53	309.71
3033.789	316.04
3037.046	326.71
3040.301	337.37
3043.552	355.38
3046.801	366.38
3050.048	379.71
3053.291	400.38
3056.532	406.04
3059.771	424.71
3063.006	447.37
3066.239	470.71
3069.469	484.71
3072.697	504.71
3075.922	522.38
3079.144	538.71
3082.364	557.37
3085.581	578.04
3088.795	594.04
3092.007	618.38
3095.216	628.37
3098.423	643.71
3101.627	666.04
3104.828	687.71
3108.026	706.38
3111.222	725.04
3114.416	750.04
3117.607	770.04
3120.795	793.71
3123.98	807.04
3127.163	834.38
3130.344	859.71
3133.521	883.71
3136.696	903.71
3139.869	915.38
3143.039	941.37
3146.206	963.04
3149.371	973.71
3152.533	980.04
3155.693	994.38
3158.85	1000.71
3162.005	1008.71
3165.157	1018.04
3168.306	1030.04
3171.453	1027.04
3174.597	1035.37
3177.739	1046.04
3180.878	1049.04
3184.014	1060.04
3187.149	1057.37
3190.28	1060.71
3193.409	1067.37
3196.536	1071.71
3199.659	1081.04
3202.781	1084.04
3205.9	1087.71
3209.016	1087.37
3212.13	1089.71
3215.241	1086.04
3218.35	1071.71
3221.456	1070.71
3224.56	1059.71
3227.661	1061.04
3230.76	1047.71
3233.856	1045.04
3236.95	1033.38
3240.041	1027.71
3243.13	1024.71
3246.216	1016.38
3249.3	1018.71
3252.382	1018.04
3255.46	1010.04
3258.537	1006.04
3261.611	1004.71
3264.682	1003.38
3267.751	997.37
3270.818	1006.04
3273.882	992.37
3276.943	982.71
3280.002	981.38
3283.059	982.04
3286.113	954.71
3289.165	944.71
3292.214	927.04
3295.261	912.04
3298.306	905.04
3301.348	891.04
3304.387	871.71
3307.425	866.71
3310.459	853.38
3313.492	839.04
3316.521	823.38
3319.549	818.38
3322.574	814.37
3325.597	806.37
3328.617	798.71
3331.635	795.71
3334.65	796.38
3337.663	788.71
3340.674	788.38
3343.682	792.37
3346.688	777.71
3349.691	777.38
3352.692	779.04
3355.691	776.71
3358.687	765.37
3361.681	759.71
3364.673	751.71
3367.662	749.38
3370.649	734.37
3373.633	721.37
3376.615	727.04
3379.595	705.38
3382.572	703.04
3385.547	695.04
3388.52	686.04
3391.49	669.71
3394.458	666.71
3397.424	665.38
3400.387	652.38
3403.348	647.71
3406.307	639.71
3409.263	633.04
3412.217	627.04
3415.168	621.71
3418.118	622.04
3421.065	610.38
3424.009	601.71
3426.951	588.38
3429.891	594.37
3432.829	577.37
3435.764	568.37
3438.697	553.71
3441.628	544.71
3444.557	522.71
3447.483	507.71
3450.407	491.04
3453.328	488.04
3456.247	473.71
3459.164	456.04
3462.079	446.38
3464.991	429.04
3467.902	419.37
3470.809	410.04
3473.715	390.04
3476.618	390.38
3479.519	375.38
3482.418	363.38
3485.315	353.71
3488.209	348.71
3491.101	336.71
3493.99	327.38
3496.878	321.37
3499.763	306.71
3502.646	301.38
3505.527	286.38
3508.405	277.37
3511.281	265.37
3514.155	254.71
3517.027	240.38
3519.897	232.38
3522.764	219.71
3525.629	212.04
3528.492	197.04
3531.352	188.37
3534.211	173.38
3537.067	164.38
3539.921	154.71
3542.773	143.04
3545.622	136.04
3548.469	128.71
3551.315	116.71
3554.157	113.04
3556.998	101.71
3559.837	101.71
3562.673	94.71
3565.507	86.71
3568.339	82.04
3571.169	74.71
3573.996	69.38
3576.822	66.04
3579.645	58.71
3582.466	50.38
3585.285	45.04
3588.101	40.71
3590.916	37.71
3593.728	31.37
3596.538	23.04
3599.346	21.38
3602.152	14.71
3604.956	11.37
3607.757	6.38
3610.556	-0.62
3613.354	-0.96
3616.149	-4.96
3618.942	-7.62
3621.732	-14.96
3624.521	-14.62
3627.307	-20.62
3630.092	-22.96
3632.874	-25.29
3635.654	-27.96
3638.432	-31.62
3641.208	-32.29
3643.982	-36.96
3646.753	-40.96
3649.523	-43.62
3652.29	-40.96
3655.055	-44.62
3657.818	-50.29
3660.579	-50.96
3663.338	-51.63
3666.095	-57.96
3668.849	-59.29
3671.602	-60.62
3674.352	-64.62
3677.101	-65.62
3679.847	-67.63
3682.591	-70.29
3685.333	-72.96
3688.073	-71.62
3690.811	-74.29
3693.547	-74.29
3696.281	-76.96
3699.013	-78.29
3701.742	-79.29
3704.47	-80.96
3707.195	-82.29
3709.919	-82.29
3712.64	-84.29
3715.359	-84.29
3718.076	-88.62
3720.792	-87.96
3723.505	-88.96
3726.216	-90.29
3728.925	-88.96
3731.632	-91.63
3734.336	-89.96
3737.039	-90.29
3739.74	-93.29
3742.439	-91.29
3745.136	-92.96
3747.83	-92.96
3750.523	-95.29
3753.213	-93.96
3755.902	-93.63
3758.589	-94.96
3761.273	-93.62
3763.956	-97.29
3766.636	-95.29
3769.315	-96.62
3771.991	-98.96
3774.665	-100.63
3777.338	-99.96
3780.008	-98.29
3782.677	-99.29
3785.343	-97.29
3788.007	-101.96
3790.67	-100.63
3793.33	-99.96
3795.989	-101.96
3798.645	-99.96
3801.299	-99.62
3803.952	-101.29
3806.602	-102.63
3809.251	-101.62
3811.897	-102.63
3814.542	-103.62
3817.184	-101.96
3819.825	-104.29
3822.463	-101.96
3825.1	-103.62
3827.735	-103.29
3830.367	-101.29
3832.998	-104.29
3835.627	-104.96
3838.253	-105.96
3840.878	-104.29
3843.501	-106.29
3846.122	-104.62
3848.741	-104.29
3851.358	-105.63
3853.973	-106.96
3856.586	-104.96
3859.197	-104.96
3861.806	-106.29
3864.414	-105.62
3867.019	-106.63
3869.622	-104.96
3872.224	-103.96
3874.823	-100.96
3877.421	-100.29
3880.016	-95.62
3882.61	-89.96
3885.202	-87.96
3887.792	-88.96
3890.38	-95.96
3892.966	-101.96
3895.55	-102.96
3898.132	-103.63
3900.713	-104.29
3903.291	-106.62
3905.868	-105.96
3908.442	-104.62
3911.015	-105.29
3913.586	-107.96
3916.155	-106.96
3918.722	-105.63
3921.287	-104.63
3923.85	-106.29
3926.411	-105.62
3928.971	-106.62
3931.528	-106.96
3934.084	-106.96
3936.638	-106.29
3939.19	-105.96
3941.74	-106.96
3944.288	-107.96
3946.834	-107.96
3949.378	-106.62
3951.921	-106.96
3954.462	-107.29
3957	-104.96
3959.537	-105.96
3962.072	-106.62
3964.606	-106.62
3967.137	-106.29
3969.667	-108.29
3972.194	-105.62
3974.72	-106.63
3977.244	-105.62
3979.766	-103.63
3982.286	-105.62
3984.805	-105.96
3987.321	-106.96
3989.836	-105.29
3992.349	-106.29
3994.86	-104.29
3997.369	-103.96
3999.877	-103.96
4002.382	-106.29
4004.886	-106.96
4007.388	-106.29
4009.888	-106.96
4012.386	-108.29
4014.883	-106.62
4017.377	-107.62
4019.87	-108.63
4022.361	-106.29
4024.85	-106.96
4027.338	-109.29
4029.823	-108.29
4032.307	-106.96
4034.789	-107.29
4037.269	-107.96
4039.747	-106.96
4042.224	-109.29
4044.699	-106.62
4047.172	-107.96
4049.643	-108.96
4052.112	-108.29
4054.58	-106.29
4057.046	-107.63
4059.51	-106.96
4061.972	-104.62
4064.432	-107.62
4066.891	-106.96
4069.348	-103.63
4071.803	-105.62
4074.256	-106.96
4076.708	-107.96
4079.158	-103.96
4081.606	-103.62
4084.052	-104.29
4086.497	-104.96
4088.939	-105.29
4091.38	-106.29
4093.819	-105.96
4096.257	-109.29
4098.693	-108.29
4101.127	-110.63
4103.559	-110.62
4105.989	-67.29
4108.418	-61.62
4110.845	-62.29
4113.27	-54.63
4115.694	-48.96
4118.115	-43.29
4120.535	-107.29
4122.954	-106.29
4125.37	-104.96
4127.785	-105.29
4130.198	-107.29
4132.609	-106.96
4135.019	-110.96
4137.427	-111.62
4139.833	-109.96
4142.237	-109.96
