160.701	-9.54
166.742	-0.54
172.777	33.46
178.805	121.79
184.826	329.46
190.841	677.79
196.849	1051.12
202.85	1294.12
208.845	1340.46
214.833	1304.79
220.815	1254.46
226.789	1225.46
232.758	1193.79
238.719	1171.46
244.674	1131.46
250.623	1097.46
256.565	1048.12
262.5	1002.79
268.429	974.79
274.351	936.79
280.267	909.79
286.176	890.46
292.079	869.12
297.975	846.12
303.865	826.79
309.748	814.46
315.625	806.79
321.495	794.79
327.359	789.46
333.217	787.79
339.068	780.79
344.912	786.12
350.751	786.12
356.583	779.12
362.408	791.12
368.227	789.79
374.04	804.12
379.847	814.46
385.647	833.79
391.44	826.12
397.228	813.46
403.009	818.46
408.784	844.46
414.553	891.79
420.315	943.46
426.071	946.79
431.821	887.12
437.565	839.79
443.302	817.46
449.033	815.79
454.758	804.12
460.477	799.46
466.189	791.12
471.896	784.79
477.596	784.12
483.29	779.12
488.978	772.12
494.66	761.46
500.335	745.46
506.005	726.79
511.668	698.79
517.325	681.12
522.977	657.12
528.622	638.46
534.261	636.12
539.894	626.79
545.521	615.12
551.141	607.12
556.756	604.46
562.365	600.46
567.968	592.12
573.565	591.79
579.155	591.46
584.74	583.12
590.319	576.79
595.892	574.79
601.459	571.46
607.02	567.79
612.575	553.79
618.124	550.12
623.667	547.46
629.204	541.46
634.735	551.46
640.261	554.79
645.781	570.12
651.294	574.12
656.802	555.12
662.304	536.12
667.8	514.79
673.29	515.46
678.775	503.79
684.254	508.46
689.726	500.46
695.193	495.12
700.655	488.79
706.11	488.12
711.56	481.79
717.004	475.12
722.442	476.46
727.874	472.79
733.301	471.79
738.722	472.46
744.137	471.12
749.547	476.79
754.951	472.79
760.349	473.46
765.741	469.46
771.128	460.79
776.509	466.12
781.885	461.12
787.254	463.12
792.618	461.79
797.977	455.46
803.33	450.12
808.677	445.12
814.019	440.12
819.355	433.46
824.686	427.79
830.011	422.79
835.33	417.79
840.644	414.46
845.952	413.46
851.255	408.46
856.552	402.46
861.844	397.12
867.13	394.46
872.41	384.79
877.686	385.79
882.955	374.12
888.219	368.79
893.478	356.12
898.731	358.79
903.979	350.79
909.221	339.46
914.458	338.79
919.69	337.46
924.916	336.79
930.136	338.12
935.351	333.79
940.561	330.79
945.766	326.46
950.965	328.12
956.158	322.46
961.347	317.46
966.529	311.46
971.707	310.12
976.879	306.46
982.046	299.79
987.208	296.46
992.364	295.12
997.515	299.46
1002.66	298.79
1007.801	300.79
1012.936	300.12
1018.066	302.79
1023.19	307.79
1028.309	308.12
1033.423	300.46
1038.532	304.12
1043.636	300.12
1048.734	298.46
1053.827	296.79
1058.915	291.79
1063.998	287.12
1069.075	284.79
1074.147	287.46
1079.214	285.79
1084.276	283.79
1089.333	293.12
1094.385	290.79
1099.431	286.46
1104.472	287.46
1109.509	276.12
1114.54	283.46
1119.565	268.46
1124.586	266.46
1129.602	265.12
1134.613	267.12
1139.618	259.46
1144.619	259.12
1149.614	261.46
1154.604	262.46
1159.589	265.12
1164.57	260.79
1169.545	262.79
1174.515	266.46
1179.48	261.46
1184.44	260.46
1189.395	263.46
1194.345	257.79
1199.29	254.79
1204.23	257.46
1209.165	255.46
1214.095	252.46
1219.021	259.46
1223.941	260.79
1228.856	261.79
1233.766	260.12
1238.672	258.12
1243.572	259.12
1248.467	256.46
1253.358	250.12
1258.244	247.46
1263.124	236.46
1268	234.46
1272.871	238.79
1277.737	234.79
1282.599	233.12
1287.455	230.12
1292.306	232.12
1297.153	230.79
1301.995	234.46
1306.832	231.46
1311.664	232.12
1316.491	230.79
1321.314	225.46
1326.132	225.79
1330.945	217.12
1335.753	215.46
1340.556	214.46
1345.354	209.79
1350.148	207.79
1354.937	205.46
1359.722	197.79
1364.501	204.12
1369.276	201.46
1374.046	204.46
1378.811	203.79
1383.572	203.12
1388.327	203.12
1393.079	193.46
1397.825	194.12
1402.567	192.12
1407.304	190.12
1412.036	185.79
1416.764	181.46
1421.487	185.79
1426.205	187.46
1430.919	188.46
1435.628	186.46
1440.333	186.12
1445.032	189.79
1449.727	187.79
1454.418	188.79
1459.104	188.46
1463.785	186.46
1468.462	183.79
1473.134	180.46
1477.802	180.12
1482.465	181.79
1487.123	178.12
1491.777	181.12
1496.426	180.46
1501.071	188.46
1505.711	188.12
1510.347	189.79
1514.978	195.79
1519.604	194.12
1524.226	198.12
1528.844	199.46
1533.457	200.46
1538.065	195.79
1542.669	194.79
1547.269	195.79
1551.864	198.12
1556.454	198.79
1561.041	204.12
1565.622	206.46
1570.199	208.46
1574.772	212.12
1579.34	216.46
1583.904	223.79
1588.464	228.12
1593.019	230.12
1597.569	234.79
1602.115	239.46
1606.657	246.46
1611.195	246.12
1615.728	251.12
1620.256	251.12
1624.78	254.79
1629.3	265.79
1633.816	270.12
1638.327	274.79
1642.834	276.46
1647.336	280.12
1651.834	278.12
1656.328	276.46
1660.817	272.12
1665.302	268.79
1669.783	259.12
1674.259	250.46
1678.732	235.12
1683.199	228.79
1687.663	215.46
1692.122	204.46
1696.577	191.46
1701.028	187.79
1705.474	177.12
1709.917	174.12
1714.355	165.12
1718.788	156.12
1723.218	151.12
1727.643	143.46
1732.064	138.46
1736.481	134.12
1740.893	125.46
1745.301	119.46
1749.705	113.12
1754.105	111.46
1758.501	103.12
1762.893	102.12
1767.28	98.79
1771.663	96.79
1776.042	95.12
1780.417	92.79
1784.787	89.79
1789.154	92.12
1793.516	90.12
1797.874	88.12
1802.228	88.79
1806.578	85.46
1810.924	86.46
1815.266	76.79
1819.603	82.12
1823.937	78.46
1828.266	77.12
1832.591	74.79
1836.913	74.46
1841.23	77.46
1845.543	75.46
1849.852	75.12
1854.156	73.12
1858.457	74.46
1862.754	73.79
1867.047	72.46
1871.335	73.46
1875.62	71.79
1879.9	73.46
1884.177	69.46
1888.449	69.79
1892.718	69.79
1896.982	68.46
1901.243	73.46
1905.499	66.79
1909.752	73.12
1914	71.12
1918.245	73.79
1922.485	70.79
1926.722	72.12
1930.954	75.46
1935.183	73.79
1939.408	72.12
1943.628	74.12
1947.845	69.79
1952.058	72.79
1956.267	69.12
1960.472	70.12
1964.673	68.12
1968.87	68.46
1973.063	66.46
1977.252	63.79
1981.438	63.79
1985.619	63.12
1989.797	61.12
1993.971	62.46
1998.14	64.12
2002.306	65.46
2006.469	65.12
2010.627	66.12
2014.781	66.46
2018.932	65.79
2023.078	64.79
2027.221	62.46
2031.36	62.79
2035.495	59.12
2039.627	61.79
2043.754	61.12
2047.878	61.12
2051.998	59.79
2056.114	59.79
2060.226	62.12
2064.334	62.12
2068.439	63.79
2072.54	64.46
2076.637	69.46
2080.73	65.46
2084.82	71.12
2088.906	70.12
2092.988	70.12
2097.066	65.12
2101.14	68.46
2105.211	66.12
2109.278	66.12
2113.342	62.12
2117.401	59.46
2121.457	61.46
2125.509	63.12
2129.558	58.12
2133.602	59.79
2137.643	57.46
2141.681	57.46
2145.714	55.46
2149.744	56.46
2153.77	55.46
2157.793	54.12
2161.812	53.46
2165.827	52.46
2169.838	52.46
2173.846	46.12
2177.851	43.12
2181.851	42.79
2185.848	43.79
2189.841	42.79
2193.831	36.12
2197.817	38.12
2201.799	35.79
2205.778	37.12
2209.753	35.46
2213.725	37.46
2217.693	38.79
2221.657	36.46
2225.618	37.79
2229.575	32.79
2233.529	33.46
2237.479	31.79
2241.425	30.12
2245.368	30.12
2249.307	24.79
2253.243	26.79
2257.175	24.12
2261.104	23.12
2265.029	21.12
2268.95	20.79
2272.868	20.79
2276.783	21.12
2280.694	19.46
2284.601	17.12
2288.505	15.12
2292.405	14.46
2296.302	14.12
2300.195	15.46
2304.085	12.12
2307.971	14.12
2311.854	13.12
2315.734	14.12
2319.609	10.46
2323.482	8.12
2327.351	8.46
2331.216	8.12
2335.078	7.46
2338.937	7.46
2342.792	4.46
2346.643	4.12
2350.492	4.12
2354.336	3.46
2358.178	3.79
2362.015	4.12
2365.85	2.12
2369.681	5.46
2373.508	6.12
2377.333	3.46
2381.153	5.12
2384.971	6.79
2388.785	3.12
2392.595	4.12
2396.402	2.79
2400.206	1.46
2404.007	-0.21
2407.804	0.12
2411.597	1.79
2415.388	1.79
2419.174	-0.21
2422.958	-0.54
2426.738	0.12
2430.515	1.46
2434.289	-3.54
2438.059	-0.54
2441.825	-0.21
2445.589	-1.21
2449.349	0.79
2453.106	0.79
2456.859	-0.21
2460.61	-1.21
2464.356	-3.21
2468.1	-3.21
2471.84	-4.88
2475.577	-2.88
2479.311	-3.54
2483.041	-4.88
2486.768	-6.54
2490.492	-5.54
2494.213	-7.21
2497.93	-5.21
2501.644	-5.54
2505.355	-6.54
2509.062	-6.54
2512.766	-3.54
2516.467	-3.88
2520.165	-4.88
2523.859	-5.54
2527.551	-6.88
2531.239	-6.21
2534.923	-4.21
2538.605	-4.21
2542.283	-6.88
2545.958	-8.88
2549.63	-7.54
2553.299	-8.21
2556.964	-10.88
2560.626	-7.54
2564.285	-6.88
2567.941	-6.54
2571.594	-10.21
2575.243	-8.54
2578.89	-12.54
2582.533	-10.21
2586.173	-8.54
2589.809	-11.88
2593.443	-11.21
2597.073	-8.88
2600.701	-9.54
2604.325	-9.88
2607.946	-10.21
2611.564	-11.54
2615.178	-8.21
2618.79	-14.21
2622.398	-13.21
2626.004	-11.21
2629.606	-11.21
2633.205	-14.88
2636.801	-11.21
2640.394	-13.88
2643.983	-12.88
2647.57	-12.88
2651.153	-12.54
2654.734	-13.21
2658.311	-10.88
2661.885	-10.88
2665.456	-11.21
2669.025	-11.54
2672.589	-11.88
2676.151	-11.54
2679.71	-13.21
2683.266	-14.21
2686.819	-14.21
2690.368	-15.54
2693.915	-14.21
2697.458	-15.21
2700.999	-15.54
2704.536	-14.88
2708.071	-15.88
2711.602	-14.54
2715.13	-13.21
2718.656	-13.88
2722.178	-12.54
2725.697	-11.88
2729.214	-10.88
2732.727	-10.21
2736.237	-9.88
2739.744	-11.88
2743.249	-9.88
2746.75	-12.21
2750.248	-10.88
2753.743	-12.21
2757.236	-9.54
2760.725	-11.54
2764.211	-10.21
2767.695	-12.88
2771.175	-10.21
2774.652	-12.54
2778.127	-7.88
2781.598	-7.88
2785.067	-9.88
2788.532	-9.21
2791.995	-6.54
2795.455	-8.88
2798.911	-8.54
2802.365	-7.88
2805.816	-4.54
2809.264	-4.21
2812.709	-4.88
2816.151	-4.54
2819.59	-5.54
2823.026	-6.21
2826.46	-6.21
2829.89	-3.54
2833.318	-3.88
2836.742	-3.21
2840.164	-2.88
2843.583	-1.88
2846.999	-1.88
2850.412	0.46
2853.822	1.12
2857.229	-1.21
2860.634	3.12
2864.035	3.79
2867.434	4.79
2870.83	6.79
2874.223	9.12
2877.613	7.79
2881	11.12
2884.385	10.79
2887.766	11.12
2891.145	9.12
2894.521	11.79
2897.894	11.46
2901.264	12.46
2904.631	14.12
2907.996	12.46
2911.358	13.79
2914.717	16.46
2918.073	14.79
2921.426	19.79
2924.777	19.79
2928.124	21.12
2931.469	22.12
2934.811	26.79
2938.15	29.79
2941.487	27.12
2944.821	28.12
2948.152	31.12
2951.48	33.12
2954.805	31.12
2958.128	34.12
2961.447	36.12
2964.765	39.79
2968.079	39.46
2971.39	43.79
2974.699	43.12
2978.005	44.79
2981.308	52.79
2984.609	51.79
2987.907	57.79
2991.202	63.12
2994.494	63.12
2997.784	70.12
3001.07	72.79
3004.355	69.12
3007.636	75.12
3010.915	77.79
3014.191	80.12
3017.464	83.79
3020.734	84.46
3024.002	89.79
3027.267	92.12
3030.53	92.79
3033.789	93.46
3037.046	98.12
3040.301	101.79
3043.552	106.12
3046.801	109.79
3050.048	116.79
3053.291	121.12
3056.532	127.46
3059.771	130.46
3063.006	134.79
3066.239	147.12
3069.469	148.12
3072.697	155.12
3075.922	158.79
3079.144	166.79
3082.364	174.12
3085.581	175.79
3088.795	180.12
3092.007	184.12
3095.216	186.46
3098.423	196.12
3101.627	205.79
3104.828	209.12
3108.026	213.12
3111.222	221.46
3114.416	228.79
3117.607	235.79
3120.795	242.46
3123.98	250.79
3127.163	258.46
3130.344	264.12
3133.521	269.46
3136.696	279.79
3139.869	282.79
3143.039	288.79
3146.206	293.12
3149.371	302.12
3152.533	300.12
3155.693	302.46
3158.85	304.79
3162.005	310.12
3165.157	309.46
3168.306	308.46
3171.453	312.79
3174.597	310.79
3177.739	319.79
3180.878	311.12
3184.014	322.46
3187.149	322.79
3190.28	323.46
3193.409	319.46
3196.536	329.46
3199.659	328.46
3202.781	322.79
3205.9	328.46
3209.016	326.79
3212.13	331.46
3215.241	326.79
3218.35	322.79
3221.456	321.79
3224.56	316.46
3227.661	313.12
3230.76	318.79
3233.856	312.79
3236.95	310.12
3240.041	309.12
3243.13	310.79
3246.216	303.79
3249.3	305.12
3252.382	299.12
3255.46	303.46
3258.537	300.12
3261.611	301.46
3264.682	298.46
3267.751	302.79
3270.818	301.46
3273.882	297.79
3276.943	295.79
3280.002	297.12
3283.059	291.46
3286.113	282.12
3289.165	282.46
3292.214	276.79
3295.261	267.12
3298.306	270.79
3301.348	263.46
3304.387	257.79
3307.425	257.12
3310.459	255.46
3313.492	251.12
3316.521	247.46
3319.549	242.46
3322.574	242.12
3325.597	242.46
3328.617	241.12
3331.635	236.79
3334.65	236.46
3337.663	237.79
3340.674	237.12
3343.682	236.46
3346.688	234.12
3349.691	232.12
3352.692	236.12
3355.691	230.79
3358.687	230.12
3361.681	224.79
3364.673	224.46
3367.662	222.79
3370.649	223.79
3373.633	217.46
3376.615	217.79
3379.595	211.46
3382.572	212.46
3385.547	207.46
3388.52	204.12
3391.49	199.12
3394.458	202.46
3397.424	193.79
3400.387	191.46
3403.348	192.12
3406.307	190.12
3409.263	188.79
3412.217	183.46
3415.168	184.12
3418.118	183.79
3421.065	179.46
3424.009	180.46
3426.951	178.12
3429.891	173.79
3432.829	171.79
3435.764	171.46
3438.697	166.46
3441.628	161.12
3444.557	157.79
3447.483	155.79
3450.407	147.12
3453.328	147.46
3456.247	141.79
3459.164	131.46
3462.079	130.79
3464.991	127.12
3467.902	124.12
3470.809	117.79
3473.715	115.79
3476.618	113.46
3479.519	107.79
3482.418	103.46
3485.315	105.79
3488.209	98.46
3491.101	98.79
3493.99	96.46
3496.878	89.79
3499.763	93.12
3502.646	87.79
3505.527	84.12
3508.405	82.12
3511.281	76.12
3514.155	70.79
3517.027	67.46
3519.897	65.46
3522.764	62.46
3525.629	61.46
3528.492	55.79
3531.352	53.12
3534.211	51.46
3537.067	47.12
3539.921	43.79
3542.773	40.79
3545.622	38.46
3548.469	34.79
3551.315	33.79
3554.157	32.12
3556.998	28.12
3559.837	30.46
3562.673	27.46
3565.507	20.46
3568.339	21.12
3571.169	19.12
3573.996	19.12
3576.822	15.79
3579.645	15.12
3582.466	10.46
3585.285	10.12
3588.101	9.79
3590.916	7.46
3593.728	5.12
3596.538	2.46
3599.346	1.46
3602.152	-0.88
3604.956	-1.54
3607.757	-0.88
3610.556	-3.88
3613.354	-3.54
3616.149	-5.21
3618.942	-7.88
3621.732	-7.88
3624.521	-8.54
3627.307	-7.88
3630.092	-12.54
3632.874	-11.54
3635.654	-11.54
3638.432	-14.21
3641.208	-13.88
3643.982	-15.88
3646.753	-17.21
3649.523	-17.54
3652.29	-16.54
3655.055	-17.54
3657.818	-19.21
3660.579	-19.21
3663.338	-18.88
3666.095	-23.21
3668.849	-22.54
3671.602	-24.88
3674.352	-22.54
3677.101	-23.88
3679.847	-25.54
3682.591	-25.21
3685.333	-25.88
3688.073	-25.54
3690.811	-25.88
3693.547	-26.54
3696.281	-26.21
3699.013	-25.88
3701.742	-28.21
3704.47	-27.21
3707.195	-27.88
3709.919	-27.54
3712.64	-27.21
3715.359	-27.88
3718.076	-27.21
3720.792	-25.21
3723.505	-31.54
3726.216	-30.88
3728.925	-28.88
3731.632	-30.54
3734.336	-31.54
3737.039	-30.21
3739.74	-31.54
3742.439	-29.21
3745.136	-31.21
3747.83	-31.88
3750.523	-30.88
3753.213	-31.21
3755.902	-29.21
3758.589	-30.54
3761.273	-30.21
3763.956	-33.21
3766.636	-30.54
3769.315	-33.54
3771.991	-32.88
3774.665	-32.88
3777.338	-33.54
3780.008	-32.54
3782.677	-32.88
3785.343	-33.21
3788.007	-32.88
3790.67	-34.88
3793.33	-32.88
3795.989	-33.54
3798.645	-33.88
3801.299	-35.21
3803.952	-34.21
3806.602	-34.54
3809.251	-32.54
3811.897	-32.54
3814.542	-33.88
3817.184	-34.54
3819.825	-32.88
3822.463	-34.54
3825.1	-34.88
3827.735	-36.54
3830.367	-32.54
3832.998	-35.54
3835.627	-36.88
3838.253	-36.88
3840.878	-36.54
3843.501	-35.88
3846.122	-36.21
3848.741	-36.54
3851.358	-36.21
3853.973	-35.54
3856.586	-35.54
3859.197	-35.21
3861.806	-34.21
3864.414	-34.21
3867.019	-34.88
3869.622	-35.54
3872.224	-34.88
3874.823	-31.88
3877.421	-32.54
3880.016	-32.21
3882.61	-27.54
3885.202	-26.88
3887.792	-28.21
3890.38	-31.54
3892.966	-33.54
3895.55	-32.54
3898.132	-35.54
3900.713	-32.54
3903.291	-33.88
3905.868	-35.88
3908.442	-32.21
3911.015	-33.54
3913.586	-35.88
3916.155	-35.21
3918.722	-35.21
3921.287	-35.21
3923.85	-36.21
3926.411	-36.54
3928.971	-36.54
3931.528	-35.88
3934.084	-36.21
3936.638	-36.54
3939.19	-37.54
3941.74	-36.21
3944.288	-35.88
3946.834	-35.54
3949.378	-33.21
3951.921	-36.21
3954.462	-35.88
3957	-33.54
3959.537	-35.21
3962.072	-35.21
3964.606	-33.21
3967.137	-35.54
3969.667	-34.21
3972.194	-36.21
3974.72	-36.88
3977.244	-35.88
3979.766	-35.21
3982.286	-36.21
3984.805	-36.54
3987.321	-36.88
3989.836	-36.21
3992.349	-38.21
3994.86	-35.88
3997.369	-33.88
3999.877	-35.54
4002.382	-36.54
4004.886	-36.88
4007.388	-36.21
4009.888	-35.88
4012.386	-36.88
4014.883	-37.54
4017.377	-37.21
4019.87	-37.88
4022.361	-35.54
4024.85	-34.54
4027.338	-36.21
4029.823	-38.21
4032.307	-37.21
4034.789	-37.21
4037.269	-37.21
4039.747	-37.88
4042.224	-37.88
4044.699	-35.21
4047.172	-36.88
4049.643	-37.54
4052.112	-35.54
4054.58	-36.21
4057.046	-36.21
4059.51	-34.21
4061.972	-34.54
4064.432	-34.21
4066.891	-35.88
4069.348	-34.21
4071.803	-33.54
4074.256	-35.88
4076.708	-35.54
4079.158	-33.54
4081.606	-34.54
4084.052	-34.88
4086.497	-35.21
4088.939	-34.54
4091.38	-33.54
4093.819	-34.21
4096.257	-36.21
4098.693	-35.21
4101.127	-35.88
4103.559	-37.54
4105.989	-19.21
4108.418	-18.54
4110.845	-17.88
4113.27	-17.21
4115.694	-15.21
4118.115	-14.21
4120.535	-36.54
4122.954	-34.88
4125.37	-34.88
4127.785	-32.54
4130.198	-34.54
4132.609	-33.54
4135.019	-36.21
4137.427	-36.88
4139.833	-35.54
4142.237	-36.54
