160.701	-6.71
166.742	3.29
172.777	29.62
178.805	102.62
184.826	280.96
190.841	579.29
196.849	894.29
202.85	1100.96
208.845	1147.29
214.833	1114.96
220.815	1080.62
226.789	1044.96
232.758	1023.96
238.719	1000.96
244.674	967.62
250.623	939.62
256.565	890.29
262.5	862.96
268.429	829.62
274.351	805.62
280.267	784.62
286.176	761.29
292.079	740.62
297.975	726.29
303.865	712.62
309.748	698.62
315.625	685.62
321.495	682.62
327.359	682.29
333.217	675.62
339.068	675.96
344.912	677.96
350.751	678.29
356.583	675.62
362.408	672.96
368.227	683.29
374.04	698.96
379.847	710.96
385.647	717.29
391.44	709.96
397.228	704.29
403.009	708.96
408.784	733.29
414.553	780.96
420.315	840.62
426.071	838.29
431.821	782.62
437.565	728.62
443.302	704.96
449.033	706.29
454.758	697.29
460.477	688.96
466.189	681.29
471.896	672.62
477.596	665.96
483.29	658.96
488.978	659.29
494.66	657.96
500.335	638.29
506.005	616.29
511.668	595.96
517.325	568.96
522.977	555.96
528.622	537.96
534.261	533.96
539.894	522.62
545.521	520.29
551.141	512.29
556.756	505.29
562.365	505.62
567.968	497.96
573.565	494.29
579.155	493.96
584.74	486.29
590.319	484.62
595.892	477.62
601.459	476.29
607.02	475.29
612.575	463.62
618.124	459.29
623.667	452.62
629.204	453.96
634.735	449.96
640.261	462.96
645.781	482.96
651.294	486.96
656.802	462.62
662.304	445.96
667.8	427.62
673.29	425.96
678.775	422.96
684.254	413.96
689.726	412.62
695.193	412.29
700.655	404.29
706.11	408.96
711.56	401.29
717.004	394.29
722.442	394.29
727.874	390.29
733.301	389.62
738.722	391.96
744.137	395.96
749.547	393.29
754.951	396.29
760.349	391.62
765.741	386.29
771.128	381.29
776.509	386.62
781.885	386.29
787.254	384.62
792.618	381.62
797.977	376.96
803.33	376.29
808.677	372.96
814.019	365.96
819.355	358.96
824.686	357.29
830.011	347.96
835.33	339.62
840.644	340.29
845.952	338.96
851.255	329.62
856.552	331.29
861.844	325.62
867.13	327.62
872.41	319.62
877.686	316.96
882.955	310.29
888.219	303.29
893.478	296.96
898.731	289.62
903.979	288.29
909.221	280.62
914.458	281.62
919.69	276.62
924.916	276.96
930.136	273.29
935.351	271.96
940.561	272.29
945.766	268.62
950.965	266.96
956.158	257.96
961.347	251.29
966.529	254.29
971.707	252.62
976.879	244.62
982.046	242.29
987.208	240.29
992.364	241.29
997.515	244.29
1002.66	247.29
1007.801	247.29
1012.936	246.29
1018.066	250.96
1023.19	250.62
1028.309	246.96
1033.423	250.96
1038.532	245.29
1043.636	240.62
1048.734	242.96
1053.827	241.29
1058.915	236.29
1063.998	233.29
1069.075	229.29
1074.147	236.62
1079.214	234.62
1084.276	230.62
1089.333	234.62
1094.385	235.96
1099.431	238.96
1104.472	236.62
1109.509	231.62
1114.54	231.96
1119.565	221.96
1124.586	223.96
1129.602	220.62
1134.613	215.96
1139.618	216.96
1144.619	209.96
1149.614	210.62
1154.604	217.62
1159.589	212.62
1164.57	216.29
1169.545	212.62
1174.515	215.62
1179.48	219.62
1184.44	212.62
1189.395	209.62
1194.345	207.62
1199.29	204.29
1204.23	211.62
1209.165	210.62
1214.095	208.62
1219.021	208.29
1223.941	213.96
1228.856	208.96
1233.766	209.62
1238.672	210.96
1243.572	207.62
1248.467	206.62
1253.358	202.96
1258.244	198.29
1263.124	194.96
1268	192.29
1272.871	190.62
1277.737	187.29
1282.599	185.62
1287.455	186.62
1292.306	189.62
1297.153	190.96
1301.995	190.62
1306.832	190.62
1311.664	189.29
1316.491	188.29
1321.314	185.62
1326.132	187.96
1330.945	179.62
1335.753	177.62
1340.556	173.29
1345.354	169.29
1350.148	167.62
1354.937	165.29
1359.722	166.29
1364.501	162.62
1369.276	158.96
1374.046	164.29
1378.811	165.96
1383.572	167.62
1388.327	164.62
1393.079	163.29
1397.825	159.62
1402.567	157.29
1407.304	154.96
1412.036	151.96
1416.764	152.29
1421.487	151.96
1426.205	151.96
1430.919	152.96
1435.628	151.96
1440.333	152.96
1445.032	151.62
1449.727	152.96
1454.418	154.29
1459.104	153.29
1463.785	151.96
1468.462	149.29
1473.134	148.96
1477.802	147.96
1482.465	149.96
1487.123	150.62
1491.777	146.62
1496.426	152.96
1501.071	155.62
1505.711	154.29
1510.347	161.62
1514.978	162.96
1519.604	161.29
1524.226	164.62
1528.844	164.29
1533.457	161.62
1538.065	166.96
1542.669	162.29
1547.269	158.96
1551.864	163.62
1556.454	162.62
1561.041	165.62
1565.622	163.29
1570.199	171.62
1574.772	171.62
1579.34	182.29
1583.904	183.62
1588.464	187.96
1593.019	192.62
1597.569	194.62
1602.115	200.62
1606.657	203.62
1611.195	204.29
1615.728	209.62
1620.256	210.62
1624.78	218.96
1629.3	218.29
1633.816	225.96
1638.327	231.29
1642.834	233.29
1647.336	232.29
1651.834	232.62
1656.328	229.62
1660.817	225.96
1665.302	226.29
1669.783	217.96
1674.259	210.29
1678.732	202.62
1683.199	191.96
1687.663	179.29
1692.122	167.62
1696.577	160.62
1701.028	159.62
1705.474	147.96
1709.917	145.29
1714.355	137.29
1718.788	132.62
1723.218	124.96
1727.643	121.62
1732.064	112.96
1736.481	109.29
1740.893	103.96
1745.301	96.29
1749.705	94.62
1754.105	89.96
1758.501	84.62
1762.893	82.96
1767.28	78.62
1771.663	80.29
1776.042	75.29
1780.417	76.62
1784.787	73.96
1789.154	72.62
1793.516	72.62
1797.874	68.29
1802.228	69.62
1806.578	69.29
1810.924	68.29
1815.266	61.62
1819.603	65.96
1823.937	63.29
1828.266	62.96
1832.591	62.62
1836.913	62.29
1841.23	60.96
1845.543	59.62
1849.852	58.96
1854.156	59.29
1858.457	59.96
1862.754	57.96
1867.047	57.96
1871.335	58.62
1875.62	58.96
1879.9	61.62
1884.177	55.62
1888.449	56.96
1892.718	53.29
1896.982	55.29
1901.243	55.29
1905.499	54.62
1909.752	59.29
1914	58.62
1918.245	57.96
1922.485	55.62
1926.722	59.62
1930.954	62.29
1935.183	61.96
1939.408	58.62
1943.628	61.96
1947.845	59.96
1952.058	59.62
1956.267	59.62
1960.472	55.62
1964.673	54.29
1968.87	55.62
1973.063	53.96
1977.252	52.96
1981.438	52.96
1985.619	53.62
1989.797	50.29
1993.971	48.96
1998.14	51.96
2002.306	49.96
2006.469	51.62
2010.627	54.96
2014.781	53.96
2018.932	52.96
2023.078	50.96
2027.221	50.62
2031.36	50.62
2035.495	50.62
2039.627	47.96
2043.754	49.29
2047.878	50.62
2051.998	51.29
2056.114	49.62
2060.226	51.29
2064.334	52.96
2068.439	55.96
2072.54	52.62
2076.637	54.96
2080.73	57.62
2084.82	57.29
2088.906	54.96
2092.988	56.62
2097.066	53.96
2101.14	55.62
2105.211	54.96
2109.278	53.96
2113.342	48.62
2117.401	50.62
2121.457	53.96
2125.509	52.29
2129.558	47.96
2133.602	48.96
2137.643	43.62
2141.681	46.96
2145.714	46.96
2149.744	47.96
2153.77	46.62
2157.793	49.29
2161.812	46.96
2165.827	45.29
2169.838	40.96
2173.846	38.62
2177.851	36.96
2181.851	36.29
2185.848	33.62
2189.841	34.62
2193.831	31.96
2197.817	29.62
2201.799	30.62
2205.778	30.62
2209.753	28.62
2213.725	30.96
2217.693	30.29
2221.657	32.62
2225.618	29.62
2229.575	27.29
2233.529	24.96
2237.479	27.62
2241.425	26.96
2245.368	24.29
2249.307	23.29
2253.243	25.62
2257.175	18.29
2261.104	19.29
2265.029	18.62
2268.95	15.62
2272.868	17.62
2276.783	15.29
2280.694	14.62
2284.601	12.62
2288.505	12.62
2292.405	10.29
2296.302	11.62
2300.195	10.96
2304.085	9.29
2307.971	11.62
2311.854	9.62
2315.734	8.29
2319.609	7.29
2323.482	4.62
2327.351	5.29
2331.216	5.29
2335.078	3.96
2338.937	4.29
2342.792	4.29
2346.643	1.29
2350.492	-0.38
2354.336	0.96
2358.178	1.96
2362.015	2.96
2365.85	1.62
2369.681	0.29
2373.508	3.29
2377.333	1.62
2381.153	2.96
2384.971	2.96
2388.785	2.62
2392.595	3.29
2396.402	5.29
2400.206	2.29
2404.007	0.29
2407.804	-1.38
2411.597	1.29
2415.388	1.62
2419.174	-0.04
2422.958	-1.71
2426.738	-4.04
2430.515	-1.71
2434.289	-3.71
2438.059	-3.38
2441.825	-2.71
2445.589	-3.04
2449.349	-2.04
2453.106	-1.71
2456.859	-1.38
2460.61	-3.04
2464.356	-2.04
2468.1	-4.04
2471.84	-2.71
2475.577	-5.38
2479.311	-3.04
2483.041	-3.38
2486.768	-6.04
2490.492	-5.71
2494.213	-7.04
2497.93	-6.38
2501.644	-6.38
2505.355	-6.04
2509.062	-6.38
2512.766	-6.04
2516.467	-6.04
2520.165	-4.04
2523.859	-7.04
2527.551	-5.38
2531.239	-6.71
2534.923	-8.71
2538.605	-5.38
2542.283	-6.04
2545.958	-6.04
2549.63	-5.71
2553.299	-7.04
2556.964	-5.71
2560.626	-7.38
2564.285	-8.71
2567.941	-5.04
2571.594	-10.04
2575.243	-8.38
2578.89	-10.38
2582.533	-10.04
2586.173	-10.38
2589.809	-10.71
2593.443	-9.71
2597.073	-10.71
2600.701	-9.04
2604.325	-10.71
2607.946	-11.04
2611.564	-10.71
2615.178	-8.71
2618.79	-11.04
2622.398	-12.71
2626.004	-8.71
2629.606	-11.04
2633.205	-12.04
2636.801	-12.71
2640.394	-12.04
2643.983	-11.38
2647.57	-13.38
2651.153	-11.04
2654.734	-12.71
2658.311	-11.38
2661.885	-13.71
2665.456	-14.04
2669.025	-11.71
2672.589	-11.71
2676.151	-11.38
2679.71	-13.04
2683.266	-11.04
2686.819	-14.04
2690.368	-11.04
2693.915	-13.71
2697.458	-11.04
2700.999	-10.71
2704.536	-9.38
2708.071	-10.71
2711.602	-12.38
2715.13	-10.38
2718.656	-10.71
2722.178	-12.38
2725.697	-12.71
2729.214	-12.04
2732.727	-10.04
2736.237	-10.71
2739.744	-10.38
2743.249	-10.38
2746.75	-11.71
2750.248	-8.71
2753.743	-11.38
2757.236	-8.04
2760.725	-8.04
2764.211	-10.71
2767.695	-7.04
2771.175	-6.38
2774.652	-7.04
2778.127	-6.04
2781.598	-7.38
2785.067	-7.04
2788.532	-7.71
2791.995	-7.71
2795.455	-7.04
2798.911	-6.38
2802.365	-6.71
2805.816	-3.04
2809.264	-8.04
2812.709	-6.38
2816.151	-3.71
2819.59	-6.38
2823.026	-4.38
2826.46	-2.38
2829.89	-4.71
2833.318	-2.38
2836.742	0.29
2840.164	-1.04
2843.583	-1.04
2846.999	1.29
2850.412	2.29
2853.822	2.29
2857.229	-0.38
2860.634	3.96
2864.035	5.29
2867.434	4.29
2870.83	5.96
2874.223	8.29
2877.613	6.29
2881	10.62
2884.385	10.29
2887.766	11.62
2891.145	9.96
2894.521	13.29
2897.894	12.62
2901.264	15.29
2904.631	14.29
2907.996	14.29
2911.358	15.62
2914.717	18.29
2918.073	16.29
2921.426	18.62
2924.777	20.62
2928.124	21.29
2931.469	23.29
2934.811	24.96
2938.15	24.96
2941.487	25.62
2944.821	24.96
2948.152	27.62
2951.48	28.29
2954.805	32.29
2958.128	32.29
2961.447	34.62
2964.765	36.62
2968.079	35.29
2971.39	36.29
2974.699	40.29
2978.005	43.96
2981.308	45.62
2984.609	48.96
2987.907	53.62
2991.202	55.29
2994.494	53.29
2997.784	59.62
3001.07	61.29
3004.355	62.96
3007.636	62.96
3010.915	69.96
3014.191	71.62
3017.464	72.62
3020.734	77.62
3024.002	75.29
3027.267	80.96
3030.53	82.96
3033.789	79.62
3037.046	86.62
3040.301	91.29
3043.552	94.29
3046.801	97.96
3050.048	99.29
3053.291	105.29
3056.532	106.96
3059.771	112.96
3063.006	117.96
3066.239	124.29
3069.469	127.62
3072.697	131.96
3075.922	138.62
3079.144	144.62
3082.364	147.62
3085.581	148.96
3088.795	157.62
3092.007	159.29
3095.216	162.29
3098.423	171.29
3101.627	175.96
3104.828	184.62
3108.026	187.29
3111.222	194.62
3114.416	202.29
3117.607	204.96
3120.795	211.29
3123.98	216.29
3127.163	221.96
3130.344	226.96
3133.521	232.62
3136.696	239.62
3139.869	248.29
3143.039	247.96
3146.206	253.96
3149.371	259.96
3152.533	259.96
3155.693	261.29
3158.85	264.62
3162.005	267.62
3165.157	271.96
3168.306	272.62
3171.453	276.29
3174.597	273.96
3177.739	276.96
3180.878	273.96
3184.014	277.62
3187.149	277.62
3190.28	278.62
3193.409	281.62
3196.536	278.96
3199.659	283.96
3202.781	285.96
3205.9	281.62
3209.016	287.62
3212.13	285.29
3215.241	283.62
3218.35	283.62
3221.456	284.29
3224.56	275.29
3227.661	271.62
3230.76	275.62
3233.856	272.96
3236.95	269.96
3240.041	267.62
3243.13	268.96
3246.216	265.96
3249.3	264.96
3252.382	260.96
3255.46	267.29
3258.537	258.62
3261.611	262.96
3264.682	262.29
3267.751	265.96
3270.818	265.29
3273.882	263.62
3276.943	257.29
3280.002	258.29
3283.059	254.96
3286.113	251.29
3289.165	246.96
3292.214	241.29
3295.261	242.29
3298.306	237.96
3301.348	233.29
3304.387	226.96
3307.425	222.96
3310.459	221.29
3313.492	218.29
3316.521	217.62
3319.549	217.96
3322.574	208.62
3325.597	211.96
3328.617	209.96
3331.635	202.62
3334.65	206.62
3337.663	207.29
3340.674	208.96
3343.682	206.62
3346.688	205.96
3349.691	208.29
3352.692	203.29
3355.691	201.96
3358.687	201.96
3361.681	201.62
3364.673	196.62
3367.662	193.29
3370.649	192.29
3373.633	191.29
3376.615	187.96
3379.595	183.29
3382.572	181.29
3385.547	180.96
3388.52	178.96
3391.49	174.96
3394.458	178.62
3397.424	174.29
3400.387	171.62
3403.348	171.62
3406.307	166.62
3409.263	165.29
3412.217	163.62
3415.168	161.96
3418.118	162.96
3421.065	158.62
3424.009	151.29
3426.951	154.96
3429.891	153.62
3432.829	149.62
3435.764	149.62
3438.697	141.62
3441.628	139.96
3444.557	139.96
3447.483	135.29
3450.407	125.62
3453.328	128.96
3456.247	122.29
3459.164	117.62
3462.079	120.96
3464.991	110.96
3467.902	109.96
3470.809	108.29
3473.715	100.62
3476.618	102.29
3479.519	98.96
3482.418	95.62
3485.315	92.62
3488.209	89.29
3491.101	85.29
3493.99	83.29
3496.878	80.29
3499.763	74.62
3502.646	77.29
3505.527	75.29
3508.405	73.62
3511.281	66.96
3514.155	64.62
3517.027	63.29
3519.897	57.29
3522.764	57.29
3525.629	51.96
3528.492	51.96
3531.352	45.62
3534.211	45.29
3537.067	42.62
3539.921	39.29
3542.773	39.96
3545.622	33.62
3548.469	29.96
3551.315	29.29
3554.157	27.62
3556.998	26.62
3559.837	25.62
3562.673	24.29
3565.507	21.29
3568.339	22.62
3571.169	19.29
3573.996	16.96
3576.822	19.29
3579.645	14.62
3582.466	12.62
3585.285	8.29
3588.101	7.29
3590.916	6.96
3593.728	3.62
3596.538	0.29
3599.346	0.29
3602.152	0.96
3604.956	-1.04
3607.757	-0.71
3610.556	-0.38
3613.354	-3.04
3616.149	-3.38
3618.942	-4.38
3621.732	-3.38
3624.521	-5.71
3627.307	-6.04
3630.092	-10.04
3632.874	-10.04
3635.654	-8.04
3638.432	-8.71
3641.208	-13.04
3643.982	-11.71
3646.753	-16.04
3649.523	-15.38
3652.29	-15.38
3655.055	-16.04
3657.818	-18.38
3660.579	-17.71
3663.338	-16.04
3666.095	-18.71
3668.849	-17.38
3671.602	-18.38
3674.352	-19.04
3677.101	-18.38
3679.847	-21.04
3682.591	-17.71
3685.333	-20.71
3688.073	-22.04
3690.811	-22.04
3693.547	-21.71
3696.281	-22.71
3699.013	-24.04
3701.742	-23.71
3704.47	-26.71
3707.195	-23.71
3709.919	-24.71
3712.64	-23.71
3715.359	-23.71
3718.076	-24.71
3720.792	-24.71
3723.505	-25.04
3726.216	-26.04
3728.925	-24.04
3731.632	-24.71
3734.336	-24.71
3737.039	-25.04
3739.74	-26.38
3742.439	-23.38
3745.136	-26.38
3747.83	-28.38
3750.523	-29.38
3753.213	-26.04
3755.902	-27.71
3758.589	-28.38
3761.273	-28.04
3763.956	-30.71
3766.636	-27.71
3769.315	-29.04
3771.991	-28.71
3774.665	-28.38
3777.338	-29.71
3780.008	-28.71
3782.677	-25.38
3785.343	-25.38
3788.007	-27.38
3790.67	-27.71
3793.33	-28.71
3795.989	-30.38
3798.645	-28.04
3801.299	-27.71
3803.952	-28.04
3806.602	-33.38
3809.251	-30.38
3811.897	-32.38
3814.542	-29.71
3817.184	-30.71
3819.825	-30.71
3822.463	-28.71
3825.1	-29.71
3827.735	-29.38
3830.367	-28.71
3832.998	-29.38
3835.627	-29.71
3838.253	-30.04
3840.878	-31.04
3843.501	-29.71
3846.122	-31.71
3848.741	-29.71
3851.358	-32.04
3853.973	-33.38
3856.586	-30.04
3859.197	-30.38
3861.806	-31.38
3864.414	-31.38
3867.019	-32.71
3869.622	-31.04
3872.224	-29.71
3874.823	-26.71
3877.421	-28.38
3880.016	-25.38
3882.61	-22.71
3885.202	-22.04
3887.792	-21.71
3890.38	-23.71
3892.966	-27.71
3895.55	-29.71
3898.132	-28.71
3900.713	-27.04
3903.291	-30.04
3905.868	-30.71
3908.442	-30.38
3911.015	-30.71
3913.586	-32.04
3916.155	-32.04
3918.722	-30.71
3921.287	-32.71
3923.85	-31.04
3926.411	-31.38
3928.971	-29.71
3931.528	-32.38
3934.084	-28.71
3936.638	-30.38
3939.19	-29.04
3941.74	-28.71
3944.288	-32.38
3946.834	-29.04
3949.378	-28.38
3951.921	-29.71
3954.462	-29.71
3957	-28.38
3959.537	-29.71
3962.072	-31.04
3964.606	-29.38
3967.137	-30.38
3969.667	-30.38
3972.194	-33.04
3974.72	-32.04
3977.244	-30.71
3979.766	-29.38
3982.286	-29.38
3984.805	-29.38
3987.321	-30.38
3989.836	-31.38
3992.349	-29.71
3994.86	-29.71
3997.369	-29.04
3999.877	-30.04
4002.382	-32.38
4004.886	-31.38
4007.388	-31.71
4009.888	-31.38
4012.386	-31.71
4014.883	-32.71
4017.377	-32.71
4019.87	-34.38
4022.361	-31.04
4024.85	-32.04
4027.338	-33.71
4029.823	-34.38
4032.307	-31.71
4034.789	-31.71
4037.269	-31.38
4039.747	-31.71
4042.224	-32.38
4044.699	-29.38
4047.172	-29.71
4049.643	-33.04
4052.112	-32.04
4054.58	-29.04
4057.046	-32.38
4059.51	-30.38
4061.972	-31.04
4064.432	-30.04
4066.891	-29.38
4069.348	-28.71
4071.803	-29.38
4074.256	-30.38
4076.708	-31.71
4079.158	-28.71
4081.606	-27.38
4084.052	-28.04
4086.497	-30.04
4088.939	-29.38
4091.38	-30.71
4093.819	-29.71
4096.257	-31.04
4098.693	-30.71
4101.127	-31.38
4103.559	-30.04
4105.989	-14.38
4108.418	-14.04
4110.845	-15.38
4113.27	-14.38
4115.694	-11.04
4118.115	-9.04
4120.535	-29.04
4122.954	-29.04
4125.37	-28.04
4127.785	-29.04
4130.198	-32.71
4132.609	-28.71
4135.019	-32.38
4137.427	-32.71
4139.833	-30.71
4142.237	-33.04
