160.701	-6.58
166.742	0.75
172.777	25.08
178.805	89.75
184.826	235.75
190.841	486.42
196.849	755.08
202.85	930.42
208.845	971.08
214.833	942.42
220.815	909.08
226.789	888.08
232.758	865.75
238.719	856.42
244.674	822.42
250.623	790.42
256.565	759.42
262.5	728.42
268.429	713.42
274.351	694.42
280.267	671.08
286.176	641.75
292.079	632.75
297.975	615.08
303.865	608.08
309.748	597.08
315.625	583.75
321.495	583.42
327.359	583.75
333.217	578.75
339.068	583.42
344.912	577.75
350.751	577.08
356.583	579.08
362.408	577.75
368.227	584.75
374.04	597.75
379.847	610.42
385.647	622.42
391.44	615.42
397.228	602.08
403.009	612.75
408.784	639.08
414.553	682.75
420.315	744.08
426.071	746.08
431.821	684.75
437.565	631.42
443.302	614.42
449.033	601.75
454.758	593.08
460.477	596.42
466.189	587.75
471.896	579.42
477.596	569.75
483.29	572.08
488.978	567.08
494.66	558.42
500.335	544.42
506.005	521.42
511.668	500.42
517.325	478.75
522.977	463.75
528.622	450.08
534.261	439.08
539.894	431.08
545.521	422.42
551.141	418.42
556.756	414.75
562.365	407.08
567.968	401.08
573.565	401.42
579.155	399.42
584.74	395.75
590.319	395.08
595.892	390.75
601.459	390.75
607.02	381.75
612.575	378.75
618.124	372.42
623.667	362.42
629.204	366.08
634.735	370.08
640.261	382.42
645.781	394.08
651.294	401.42
656.802	382.42
662.304	362.08
667.8	346.42
673.29	345.08
678.775	333.75
684.254	335.75
689.726	331.08
695.193	326.42
700.655	327.75
706.11	323.08
711.56	320.42
717.004	323.42
722.442	314.08
727.874	312.08
733.301	312.75
738.722	316.08
744.137	313.42
749.547	316.42
754.951	323.08
760.349	321.08
765.741	312.08
771.128	306.08
776.509	309.75
781.885	303.42
787.254	306.08
792.618	308.75
797.977	302.75
803.33	301.75
808.677	297.75
814.019	292.08
819.355	290.42
824.686	287.42
830.011	284.42
835.33	279.42
840.644	280.08
845.952	273.08
851.255	263.42
856.552	263.08
861.844	260.42
867.13	251.75
872.41	254.42
877.686	250.75
882.955	246.42
888.219	245.08
893.478	238.75
898.731	225.42
903.979	224.08
909.221	219.42
914.458	215.08
919.69	217.08
924.916	212.75
930.136	214.08
935.351	209.42
940.561	209.08
945.766	210.42
950.965	202.08
956.158	208.42
961.347	198.42
966.529	199.42
971.707	194.42
976.879	191.75
982.046	185.08
987.208	188.08
992.364	190.42
997.515	184.42
1002.66	187.42
1007.801	192.75
1012.936	193.08
1018.066	193.08
1023.19	194.08
1028.309	196.75
1033.423	195.08
1038.532	195.08
1043.636	189.42
1048.734	193.08
1053.827	187.08
1058.915	184.75
1063.998	184.08
1069.075	180.42
1074.147	185.75
1079.214	185.75
1084.276	184.42
1089.333	186.08
1094.385	188.08
1099.431	183.08
1104.472	185.08
1109.509	179.42
1114.54	176.75
1119.565	173.08
1124.586	171.08
1129.602	169.08
1134.613	169.42
1139.618	169.42
1144.619	166.08
1149.614	167.42
1154.604	167.42
1159.589	165.75
1164.57	167.75
1169.545	168.75
1174.515	173.08
1179.48	166.42
1184.44	165.08
1189.395	160.42
1194.345	164.42
1199.29	162.08
1204.23	160.75
1209.165	163.08
1214.095	164.42
1219.021	164.08
1223.941	167.42
1228.856	163.75
1233.766	166.75
1238.672	162.42
1243.572	163.08
1248.467	164.42
1253.358	158.08
1258.244	158.08
1263.124	149.42
1268	148.75
1272.871	151.08
1277.737	145.42
1282.599	143.42
1287.455	145.42
1292.306	148.75
1297.153	147.75
1301.995	149.42
1306.832	146.75
1311.664	149.08
1316.491	146.75
1321.314	145.08
1326.132	146.42
1330.945	138.42
1335.753	139.08
1340.556	136.08
1345.354	134.75
1350.148	131.08
1354.937	130.42
1359.722	129.08
1364.501	126.08
1369.276	126.75
1374.046	127.42
1378.811	126.42
1383.572	125.42
1388.327	126.08
1393.079	123.08
1397.825	121.42
1402.567	120.42
1407.304	123.08
1412.036	116.75
1416.764	116.75
1421.487	116.42
1426.205	116.08
1430.919	116.75
1435.628	118.75
1440.333	121.08
1445.032	119.08
1449.727	119.75
1454.418	122.08
1459.104	120.75
1463.785	118.42
1468.462	115.75
1473.134	112.75
1477.802	111.42
1482.465	113.42
1487.123	113.08
1491.777	116.42
1496.426	115.42
1501.071	120.08
1505.711	120.08
1510.347	122.75
1514.978	126.42
1519.604	126.08
1524.226	128.75
1528.844	127.75
1533.457	127.08
1538.065	126.75
1542.669	123.75
1547.269	130.08
1551.864	127.42
1556.454	128.75
1561.041	127.75
1565.622	127.75
1570.199	132.75
1574.772	137.42
1579.34	143.42
1583.904	141.75
1588.464	149.08
1593.019	153.75
1597.569	154.42
1602.115	160.08
1606.657	163.75
1611.195	165.42
1615.728	172.75
1620.256	172.75
1624.78	176.08
1629.3	177.42
1633.816	183.08
1638.327	187.75
1642.834	189.75
1647.336	189.42
1651.834	187.42
1656.328	188.08
1660.817	184.42
1665.302	182.75
1669.783	173.08
1674.259	167.08
1678.732	161.75
1683.199	156.08
1687.663	144.42
1692.122	134.75
1696.577	132.75
1701.028	127.75
1705.474	117.75
1709.917	110.75
1714.355	107.75
1718.788	104.08
1723.218	95.08
1727.643	93.75
1732.064	84.75
1736.481	81.42
1740.893	78.08
1745.301	74.75
1749.705	72.08
1754.105	67.75
1758.501	66.42
1762.893	63.42
1767.28	59.75
1771.663	61.42
1776.042	59.08
1780.417	57.42
1784.787	55.08
1789.154	56.42
1793.516	53.42
1797.874	54.42
1802.228	51.08
1806.578	50.75
1810.924	51.08
1815.266	41.75
1819.603	46.42
1823.937	46.75
1828.266	43.42
1832.591	44.42
1836.913	45.75
1841.23	43.42
1845.543	43.75
1849.852	45.42
1854.156	43.08
1858.457	46.08
1862.754	42.75
1867.047	45.75
1871.335	41.75
1875.62	42.42
1879.9	44.08
1884.177	42.75
1888.449	43.08
1892.718	38.75
1896.982	41.08
1901.243	40.42
1905.499	39.42
1909.752	42.08
1914	40.42
1918.245	42.75
1922.485	42.75
1926.722	43.08
1930.954	45.75
1935.183	45.08
1939.408	45.42
1943.628	45.75
1947.845	43.75
1952.058	43.75
1956.267	42.08
1960.472	40.75
1964.673	41.42
1968.87	38.42
1973.063	36.42
1977.252	38.42
1981.438	36.42
1985.619	38.42
1989.797	34.75
1993.971	35.42
1998.14	38.42
2002.306	37.75
2006.469	36.75
2010.627	36.08
2014.781	41.42
2018.932	40.75
2023.078	39.75
2027.221	39.08
2031.36	38.42
2035.495	39.08
2039.627	36.75
2043.754	37.42
2047.878	38.42
2051.998	37.08
2056.114	35.42
2060.226	39.08
2064.334	39.08
2068.439	38.42
2072.54	38.08
2076.637	37.42
2080.73	39.08
2084.82	43.75
2088.906	43.42
2092.988	43.42
2097.066	42.42
2101.14	40.75
2105.211	41.08
2109.278	41.08
2113.342	40.42
2117.401	39.75
2121.457	38.75
2125.509	39.08
2129.558	37.75
2133.602	39.75
2137.643	34.08
2141.681	35.75
2145.714	36.08
2149.744	35.75
2153.77	32.75
2157.793	35.42
2161.812	32.42
2165.827	33.08
2169.838	31.42
2173.846	31.75
2177.851	26.42
2181.851	25.42
2185.848	27.75
2189.841	25.75
2193.831	23.42
2197.817	23.42
2201.799	23.75
2205.778	24.08
2209.753	21.75
2213.725	21.08
2217.693	21.42
2221.657	23.42
2225.618	21.42
2229.575	19.08
2233.529	19.42
2237.479	19.08
2241.425	18.42
2245.368	15.75
2249.307	15.75
2253.243	13.75
2257.175	11.08
2261.104	13.08
2265.029	13.42
2268.95	9.42
2272.868	9.42
2276.783	9.75
2280.694	9.75
2284.601	7.08
2288.505	6.42
2292.405	9.08
2296.302	7.42
2300.195	4.42
2304.085	5.42
2307.971	5.75
2311.854	4.08
2315.734	4.75
2319.609	4.75
2323.482	2.75
2327.351	1.75
2331.216	2.75
2335.078	1.08
2338.937	1.08
2342.792	-0.92
2346.643	-0.92
2350.492	-0.25
2354.336	-1.58
2358.178	-0.92
2362.015	0.75
2365.85	-2.25
2369.681	-0.58
2373.508	-0.92
2377.333	-1.25
2381.153	0.42
2384.971	-1.25
2388.785	-4.58
2392.595	-1.25
2396.402	-1.92
2400.206	-2.25
2404.007	-4.58
2407.804	-1.92
2411.597	-1.92
2415.388	-1.92
2419.174	-2.58
2422.958	-4.92
2426.738	-3.25
2430.515	-4.58
2434.289	-2.58
2438.059	-4.58
2441.825	-4.58
2445.589	-6.25
2449.349	-4.25
2453.106	-4.58
2456.859	-4.25
2460.61	-5.25
2464.356	-4.58
2468.1	-5.25
2471.84	-4.92
2475.577	-5.58
2479.311	-5.25
2483.041	-4.92
2486.768	-7.92
2490.492	-8.25
2494.213	-7.58
2497.93	-6.92
2501.644	-5.92
2505.355	-7.25
2509.062	-6.25
2512.766	-7.58
2516.467	-6.92
2520.165	-4.58
2523.859	-7.58
2527.551	-7.25
2531.239	-5.92
2534.923	-8.92
2538.605	-7.58
2542.283	-5.92
2545.958	-4.92
2549.63	-9.25
2553.299	-10.58
2556.964	-7.92
2560.626	-9.58
2564.285	-8.25
2567.941	-8.25
2571.594	-9.58
2575.243	-10.25
2578.89	-11.92
2582.533	-11.25
2586.173	-9.92
2589.809	-11.58
2593.443	-10.25
2597.073	-10.58
2600.701	-9.25
2604.325	-12.25
2607.946	-10.92
2611.564	-13.58
2615.178	-12.58
2618.79	-12.25
2622.398	-10.25
2626.004	-11.92
2629.606	-11.25
2633.205	-11.58
2636.801	-12.25
2640.394	-11.92
2643.983	-10.58
2647.57	-12.92
2651.153	-11.58
2654.734	-11.92
2658.311	-10.92
2661.885	-11.25
2665.456	-11.25
2669.025	-9.92
2672.589	-11.92
2676.151	-11.25
2679.71	-12.25
2683.266	-12.58
2686.819	-11.92
2690.368	-11.92
2693.915	-13.92
2697.458	-13.58
2700.999	-10.58
2704.536	-11.58
2708.071	-11.25
2711.602	-14.25
2715.13	-11.25
2718.656	-10.25
2722.178	-9.92
2725.697	-9.58
2729.214	-10.92
2732.727	-9.25
2736.237	-11.25
2739.744	-7.58
2743.249	-9.25
2746.75	-10.25
2750.248	-9.58
2753.743	-10.92
2757.236	-9.25
2760.725	-10.92
2764.211	-11.58
2767.695	-9.58
2771.175	-8.25
2774.652	-9.92
2778.127	-7.92
2781.598	-9.92
2785.067	-7.92
2788.532	-6.92
2791.995	-7.58
2795.455	-5.92
2798.911	-6.92
2802.365	-8.58
2805.816	-6.58
2809.264	-5.25
2812.709	-6.25
2816.151	-5.92
2819.59	-6.25
2823.026	-5.92
2826.46	-6.58
2829.89	-6.25
2833.318	-3.92
2836.742	-2.92
2840.164	-2.58
2843.583	-3.58
2846.999	-1.92
2850.412	0.75
2853.822	0.42
2857.229	-2.58
2860.634	1.08
2864.035	6.08
2867.434	5.08
2870.83	5.75
2874.223	9.08
2877.613	6.08
2881	7.75
2884.385	6.75
2887.766	8.75
2891.145	9.08
2894.521	9.08
2897.894	8.08
2901.264	10.42
2904.631	9.75
2907.996	11.42
2911.358	10.08
2914.717	14.75
2918.073	14.08
2921.426	15.75
2924.777	16.42
2928.124	16.42
2931.469	20.42
2934.811	22.08
2938.15	24.42
2941.487	23.08
2944.821	23.42
2948.152	24.42
2951.48	26.75
2954.805	24.75
2958.128	26.42
2961.447	28.75
2964.765	27.42
2968.079	29.08
2971.39	29.42
2974.699	35.08
2978.005	37.08
2981.308	36.08
2984.609	38.08
2987.907	41.08
2991.202	45.08
2994.494	46.08
2997.784	49.75
3001.07	54.08
3004.355	53.08
3007.636	56.42
3010.915	59.42
3014.191	60.42
3017.464	59.75
3020.734	62.75
3024.002	63.75
3027.267	65.42
3030.53	68.08
3033.789	67.75
3037.046	72.75
3040.301	73.75
3043.552	79.75
3046.801	82.75
3050.048	83.08
3053.291	88.42
3056.532	90.08
3059.771	95.08
3063.006	99.75
3066.239	106.75
3069.469	108.75
3072.697	116.42
3075.922	119.75
3079.144	122.42
3082.364	127.08
3085.581	131.08
3088.795	138.42
3092.007	138.75
3095.216	139.75
3098.423	143.42
3101.627	148.42
3104.828	153.75
3108.026	159.08
3111.222	164.08
3114.416	171.42
3117.607	175.42
3120.795	179.42
3123.98	183.75
3127.163	189.75
3130.344	193.75
3133.521	198.08
3136.696	205.08
3139.869	206.08
3143.039	213.08
3146.206	218.08
3149.371	223.75
3152.533	224.75
3155.693	223.75
3158.85	228.42
3162.005	226.75
3165.157	230.42
3168.306	233.08
3171.453	236.42
3174.597	230.75
3177.739	232.08
3180.878	235.75
3184.014	236.75
3187.149	234.42
3190.28	239.75
3193.409	240.75
3196.536	240.75
3199.659	246.42
3202.781	243.42
3205.9	241.42
3209.016	242.08
3212.13	243.75
3215.241	241.75
3218.35	241.42
3221.456	240.08
3224.56	241.75
3227.661	237.08
3230.76	235.75
3233.856	235.08
3236.95	233.08
3240.041	226.08
3243.13	230.75
3246.216	227.42
3249.3	226.08
3252.382	225.75
3255.46	225.42
3258.537	226.75
3261.611	223.75
3264.682	224.08
3267.751	219.75
3270.818	226.42
3273.882	223.08
3276.943	221.75
3280.002	219.75
3283.059	222.08
3286.113	213.42
3289.165	212.42
3292.214	204.42
3295.261	204.75
3298.306	204.08
3301.348	197.75
3304.387	195.75
3307.425	192.42
3310.459	191.08
3313.492	190.42
3316.521	184.75
3319.549	182.42
3322.574	180.75
3325.597	184.08
3328.617	177.75
3331.635	176.08
3334.65	178.08
3337.663	178.75
3340.674	177.42
3343.682	175.75
3346.688	176.08
3349.691	175.08
3352.692	174.08
3355.691	175.75
3358.687	173.75
3361.681	171.42
3364.673	166.75
3367.662	165.42
3370.649	161.75
3373.633	162.75
3376.615	159.42
3379.595	155.75
3382.572	161.75
3385.547	154.08
3388.52	156.08
3391.49	147.42
3394.458	147.08
3397.424	151.08
3400.387	145.75
3403.348	144.42
3406.307	145.08
3409.263	140.75
3412.217	140.08
3415.168	137.75
3418.118	140.08
3421.065	136.42
3424.009	132.75
3426.951	131.08
3429.891	132.75
3432.829	130.08
3435.764	127.08
3438.697	125.75
3441.628	120.08
3444.557	117.75
3447.483	116.42
3450.407	111.42
3453.328	108.75
3456.247	106.42
3459.164	102.42
3462.079	101.75
3464.991	98.08
3467.902	91.75
3470.809	90.75
3473.715	85.42
3476.618	85.42
3479.519	82.75
3482.418	83.42
3485.315	78.08
3488.209	75.75
3491.101	74.75
3493.99	73.42
3496.878	69.75
3499.763	69.08
3502.646	64.42
3505.527	63.75
3508.405	61.75
3511.281	60.08
3514.155	58.08
3517.027	52.75
3519.897	48.75
3522.764	49.75
3525.629	46.08
3528.492	41.08
3531.352	39.08
3534.211	37.08
3537.067	31.75
3539.921	32.08
3542.773	30.42
3545.622	29.75
3548.469	26.42
3551.315	23.42
3554.157	20.75
3556.998	22.75
3559.837	21.08
3562.673	21.42
3565.507	17.75
3568.339	16.08
3571.169	16.75
3573.996	13.75
3576.822	13.42
3579.645	11.42
3582.466	9.75
3585.285	7.75
3588.101	5.08
3590.916	7.08
3593.728	4.08
3596.538	3.42
3599.346	2.42
3602.152	-0.92
3604.956	-3.25
3607.757	-0.92
3610.556	-2.92
3613.354	-3.25
3616.149	-5.25
3618.942	-4.25
3621.732	-4.92
3624.521	-6.58
3627.307	-6.58
3630.092	-8.58
3632.874	-10.92
3635.654	-8.58
3638.432	-9.58
3641.208	-10.25
3643.982	-11.58
3646.753	-14.58
3649.523	-11.58
3652.29	-11.92
3655.055	-11.25
3657.818	-15.25
3660.579	-17.58
3663.338	-14.25
3666.095	-15.92
3668.849	-16.58
3671.602	-19.25
3674.352	-16.92
3677.101	-16.58
3679.847	-19.25
3682.591	-18.58
3685.333	-20.58
3688.073	-18.58
3690.811	-19.92
3693.547	-18.58
3696.281	-19.58
3699.013	-22.58
3701.742	-21.58
3704.47	-20.25
3707.195	-21.25
3709.919	-20.25
3712.64	-19.58
3715.359	-19.92
3718.076	-20.92
3720.792	-20.92
3723.505	-22.58
3726.216	-22.58
3728.925	-21.25
3731.632	-22.58
3734.336	-22.25
3737.039	-24.92
3739.74	-25.92
3742.439	-21.92
3745.136	-24.58
3747.83	-23.92
3750.523	-24.92
3753.213	-24.92
3755.902	-25.25
3758.589	-24.58
3761.273	-24.25
3763.956	-25.92
3766.636	-23.92
3769.315	-25.58
3771.991	-23.58
3774.665	-25.25
3777.338	-26.25
3780.008	-24.25
3782.677	-25.25
3785.343	-23.92
3788.007	-23.58
3790.67	-27.25
3793.33	-26.58
3795.989	-25.92
3798.645	-24.58
3801.299	-25.25
3803.952	-26.58
3806.602	-28.25
3809.251	-26.25
3811.897	-24.58
3814.542	-29.25
3817.184	-26.92
3819.825	-25.25
3822.463	-26.25
3825.1	-25.92
3827.735	-27.58
3830.367	-26.92
3832.998	-25.25
3835.627	-28.25
3838.253	-28.58
3840.878	-29.25
3843.501	-28.25
3846.122	-29.25
3848.741	-27.25
3851.358	-27.58
3853.973	-30.58
3856.586	-27.25
3859.197	-27.25
3861.806	-27.25
3864.414	-27.92
3867.019	-27.25
3869.622	-25.58
3872.224	-26.25
3874.823	-24.25
3877.421	-23.25
3880.016	-22.92
3882.61	-19.92
3885.202	-20.25
3887.792	-19.58
3890.38	-23.25
3892.966	-24.92
3895.55	-27.92
3898.132	-26.58
3900.713	-26.58
3903.291	-27.25
3905.868	-27.25
3908.442	-25.92
3911.015	-27.25
3913.586	-29.58
3916.155	-27.58
3918.722	-26.25
3921.287	-25.92
3923.85	-27.25
3926.411	-26.25
3928.971	-26.25
3931.528	-27.25
3934.084	-26.25
3936.638	-28.58
3939.19	-27.25
3941.74	-28.25
3944.288	-30.25
3946.834	-27.25
3949.378	-27.92
3951.921	-29.25
3954.462	-26.92
3957	-26.58
3959.537	-27.58
3962.072	-27.92
3964.606	-26.25
3967.137	-26.58
3969.667	-27.25
3972.194	-26.92
3974.72	-26.92
3977.244	-25.58
3979.766	-25.58
3982.286	-28.92
3984.805	-26.58
3987.321	-27.58
3989.836	-29.58
3992.349	-29.58
3994.86	-27.25
3997.369	-25.58
3999.877	-27.25
4002.382	-30.92
4004.886	-28.58
4007.388	-27.92
4009.888	-28.25
4012.386	-28.25
4014.883	-27.92
4017.377	-28.58
4019.87	-28.92
4022.361	-26.58
4024.85	-26.58
4027.338	-28.92
4029.823	-27.92
4032.307	-28.58
4034.789	-29.58
4037.269	-27.25
4039.747	-27.92
4042.224	-30.25
4044.699	-27.58
4047.172	-29.25
4049.643	-29.58
4052.112	-27.25
4054.58	-28.58
4057.046	-29.92
4059.51	-26.92
4061.972	-27.58
4064.432	-26.58
4066.891	-26.58
4069.348	-25.92
4071.803	-25.92
4074.256	-25.58
4076.708	-26.92
4079.158	-24.58
4081.606	-24.92
4084.052	-25.25
4086.497	-26.25
4088.939	-25.25
4091.38	-28.25
4093.819	-26.58
4096.257	-28.92
4098.693	-26.92
4101.127	-27.92
4103.559	-27.58
4105.989	-13.25
4108.418	-10.58
4110.845	-11.92
4113.27	-10.58
4115.694	-8.92
4118.115	-8.58
4120.535	-27.92
4122.954	-28.25
4125.37	-27.25
4127.785	-26.25
4130.198	-27.92
4132.609	-26.92
4135.019	-27.92
4137.427	-27.58
4139.833	-26.58
4142.237	-26.92
