160.701	-31.42
166.742	-2.75
172.777	93.92
178.805	370.92
184.826	1032.92
190.841	2154.92
196.849	3380.92
202.85	4144.58
208.845	4296.25
214.833	4154.92
220.815	3940.92
226.789	3810.58
232.758	3703.92
238.719	3541.92
244.674	3395.58
250.623	3214.92
256.565	3057.25
262.5	2899.92
268.429	2722.25
274.351	2609.25
280.267	2497.25
286.176	2382.25
292.079	2299.25
297.975	2213.25
303.865	2136.58
309.748	2080.25
315.625	2025.58
321.495	1984.92
327.359	1958.92
333.217	1943.58
339.068	1916.92
344.912	1916.25
350.751	1907.25
356.583	1903.25
362.408	1905.58
368.227	1907.58
374.04	1921.58
379.847	1942.58
385.647	1950.25
391.44	1953.92
397.228	1937.92
403.009	1960.58
408.784	1985.92
414.553	2047.92
420.315	2112.58
426.071	2118.92
431.821	2031.92
437.565	1972.58
443.302	1931.92
449.033	1927.92
454.758	1907.92
460.477	1897.25
466.189	1885.58
471.896	1866.92
477.596	1860.58
483.29	1832.92
488.978	1826.92
494.66	1807.58
500.335	1775.92
506.005	1737.58
511.668	1699.25
517.325	1657.25
522.977	1623.92
528.622	1598.25
534.261	1567.92
539.894	1546.92
545.521	1531.58
551.141	1525.92
556.756	1501.58
562.365	1474.25
567.968	1469.25
573.565	1454.92
579.155	1443.25
584.74	1424.92
590.319	1413.58
595.892	1392.92
601.459	1387.92
607.02	1363.92
612.575	1359.92
618.124	1327.58
623.667	1306.25
629.204	1298.25
634.735	1300.92
640.261	1292.25
645.781	1307.58
651.294	1306.25
656.802	1291.25
662.304	1249.25
667.8	1215.25
673.29	1203.58
678.775	1194.92
684.254	1176.58
689.726	1175.92
695.193	1150.92
700.655	1142.92
706.11	1128.25
711.56	1114.92
717.004	1109.58
722.442	1091.92
727.874	1082.25
733.301	1069.25
738.722	1056.58
744.137	1050.25
749.547	1052.92
754.951	1050.25
760.349	1040.25
765.741	1019.25
771.128	1000.25
776.509	1005.25
781.885	988.92
787.254	981.92
792.618	968.92
797.977	962.92
803.33	949.58
808.677	938.58
814.019	911.58
819.355	902.25
824.686	883.25
830.011	864.25
835.33	853.92
840.644	850.25
845.952	839.58
851.255	831.92
856.552	812.92
861.844	811.25
867.13	793.58
872.41	772.25
877.686	756.58
882.955	741.92
888.219	728.92
893.478	708.92
898.731	683.92
903.979	670.25
909.221	663.25
914.458	655.92
919.69	646.58
924.916	638.92
930.136	628.92
935.351	618.25
940.561	615.58
945.766	613.25
950.965	600.58
956.158	589.25
961.347	576.25
966.529	566.58
971.707	554.25
976.879	542.25
982.046	534.92
987.208	531.92
992.364	524.25
997.515	528.58
1002.66	528.25
1007.801	530.25
1012.936	531.92
1018.066	536.58
1023.19	536.58
1028.309	529.58
1033.423	530.58
1038.532	526.25
1043.636	517.25
1048.734	513.58
1053.827	500.92
1058.915	496.58
1063.998	488.58
1069.075	489.92
1074.147	490.25
1079.214	493.92
1084.276	491.58
1089.333	496.25
1094.385	489.92
1099.431	494.58
1104.472	495.58
1109.509	483.92
1114.54	482.92
1119.565	468.25
1124.586	466.25
1129.602	455.92
1134.613	455.25
1139.618	453.58
1144.619	446.92
1149.614	448.92
1154.604	450.25
1159.589	448.92
1164.57	455.58
1169.545	456.58
1174.515	457.92
1179.48	449.25
1184.44	443.25
1189.395	445.25
1194.345	437.92
1199.29	436.58
1204.23	432.58
1209.165	439.25
1214.095	437.25
1219.021	438.25
1223.941	443.25
1228.856	444.92
1233.766	450.58
1238.672	447.25
1243.572	439.92
1248.467	437.58
1253.358	425.92
1258.244	416.25
1263.124	407.25
1268	404.92
1272.871	391.58
1277.737	390.58
1282.599	388.58
1287.455	392.58
1292.306	392.58
1297.153	387.58
1301.995	395.92
1306.832	389.92
1311.664	396.58
1316.491	392.25
1321.314	388.25
1326.132	382.92
1330.945	374.92
1335.753	361.58
1340.556	359.92
1345.354	347.92
1350.148	340.58
1354.937	342.92
1359.722	337.58
1364.501	338.58
1369.276	337.58
1374.046	339.92
1378.811	336.92
1383.572	339.25
1388.327	337.58
1393.079	329.58
1397.825	322.92
1402.567	321.58
1407.304	315.58
1412.036	305.25
1416.764	306.92
1421.487	307.25
1426.205	307.92
1430.919	304.25
1435.628	309.25
1440.333	308.25
1445.032	312.92
1449.727	311.92
1454.418	309.25
1459.104	312.92
1463.785	310.25
1468.462	301.58
1473.134	307.58
1477.802	297.92
1482.465	297.58
1487.123	307.58
1491.777	304.58
1496.426	306.25
1501.071	323.25
1505.711	323.92
1510.347	331.58
1514.978	341.58
1519.604	343.25
1524.226	347.58
1528.844	352.92
1533.457	352.25
1538.065	356.58
1542.669	362.25
1547.269	366.92
1551.864	370.25
1556.454	380.58
1561.041	389.25
1565.622	392.25
1570.199	405.58
1574.772	417.92
1579.34	436.25
1583.904	451.92
1588.464	472.58
1593.019	494.58
1597.569	504.92
1602.115	523.92
1606.657	540.58
1611.195	558.25
1615.728	571.92
1620.256	591.92
1624.78	616.25
1629.3	629.58
1633.816	649.92
1638.327	662.92
1642.834	672.58
1647.336	682.25
1651.834	671.58
1656.328	670.58
1660.817	655.92
1665.302	636.25
1669.783	615.25
1674.259	581.92
1678.732	549.92
1683.199	517.92
1687.663	479.25
1692.122	440.25
1696.577	410.25
1701.028	391.92
1705.474	357.58
1709.917	337.92
1714.355	319.25
1718.788	297.25
1723.218	277.92
1727.643	261.25
1732.064	239.92
1736.481	221.25
1740.893	203.58
1745.301	186.25
1749.705	167.58
1754.105	160.25
1758.501	145.92
1762.893	136.58
1767.28	123.58
1771.663	121.92
1776.042	115.25
1780.417	109.25
1784.787	106.58
1789.154	106.58
1793.516	104.25
1797.874	103.58
1802.228	96.92
1806.578	91.92
1810.924	94.58
1815.266	82.92
1819.603	79.25
1823.937	75.92
1828.266	75.25
1832.591	71.58
1836.913	70.25
1841.23	67.92
1845.543	64.58
1849.852	69.25
1854.156	63.58
1858.457	67.92
1862.754	64.25
1867.047	62.92
1871.335	66.92
1875.62	66.92
1879.9	64.92
1884.177	67.25
1888.449	64.58
1892.718	59.92
1896.982	61.92
1901.243	64.25
1905.499	62.25
1909.752	65.58
1914	67.58
1918.245	64.92
1922.485	70.58
1926.722	69.92
1930.954	73.58
1935.183	72.58
1939.408	73.92
1943.628	79.92
1947.845	75.92
1952.058	79.58
1956.267	79.25
1960.472	72.58
1964.673	73.58
1968.87	71.58
1973.063	68.92
1977.252	70.25
1981.438	66.25
1985.619	70.58
1989.797	67.25
1993.971	70.25
1998.14	69.58
2002.306	75.25
2006.469	75.92
2010.627	75.25
2014.781	78.25
2018.932	79.25
2023.078	82.25
2027.221	80.25
2031.36	83.25
2035.495	80.92
2039.627	78.92
2043.754	79.92
2047.878	83.58
2051.998	80.58
2056.114	85.92
2060.226	84.58
2064.334	89.58
2068.439	88.58
2072.54	92.58
2076.637	95.25
2080.73	99.92
2084.82	98.25
2088.906	100.25
2092.988	103.25
2097.066	95.25
2101.14	99.92
2105.211	95.25
2109.278	92.25
2113.342	92.92
2117.401	93.92
2121.457	92.58
2125.509	91.58
2129.558	85.92
2133.602	84.58
2137.643	81.25
2141.681	81.58
2145.714	75.92
2149.744	76.25
2153.77	72.92
2157.793	71.25
2161.812	68.92
2165.827	64.58
2169.838	59.92
2173.846	59.58
2177.851	58.25
2181.851	51.58
2185.848	50.92
2189.841	49.58
2193.831	44.25
2197.817	42.92
2201.799	41.92
2205.778	38.58
2209.753	35.25
2213.725	33.25
2217.693	32.25
2221.657	31.58
2225.618	32.58
2229.575	22.92
2233.529	22.58
2237.479	19.25
2241.425	17.92
2245.368	16.92
2249.307	10.58
2253.243	9.25
2257.175	3.92
2261.104	5.25
2265.029	2.58
2268.95	-3.42
2272.868	-4.08
2276.783	-4.42
2280.694	-4.75
2284.601	-6.08
2288.505	-13.75
2292.405	-12.08
2296.302	-14.42
2300.195	-17.75
2304.085	-20.75
2307.971	-22.42
2311.854	-24.42
2315.734	-26.42
2319.609	-27.08
2323.482	-28.42
2327.351	-29.75
2331.216	-27.42
2335.078	-30.42
2338.937	-32.08
2342.792	-33.75
2346.643	-34.75
2350.492	-35.75
2354.336	-36.08
2358.178	-38.08
2362.015	-35.75
2365.85	-35.75
2369.681	-36.08
2373.508	-37.42
2377.333	-40.08
2381.153	-36.08
2384.971	-40.08
2388.785	-42.42
2392.595	-41.42
2396.402	-40.42
2400.206	-44.42
2404.007	-50.42
2407.804	-48.42
2411.597	-45.08
2415.388	-47.42
2419.174	-48.08
2422.958	-47.42
2426.738	-47.75
2430.515	-48.75
2434.289	-49.75
2438.059	-49.08
2441.825	-48.75
2445.589	-50.08
2449.349	-50.08
2453.106	-50.08
2456.859	-48.75
2460.61	-49.75
2464.356	-51.75
2468.1	-52.42
2471.84	-53.75
2475.577	-53.42
2479.311	-52.08
2483.041	-56.42
2486.768	-57.42
2490.492	-57.08
2494.213	-56.75
2497.93	-57.42
2501.644	-57.42
2505.355	-56.42
2509.062	-56.75
2512.766	-57.08
2516.467	-57.08
2520.165	-56.08
2523.859	-57.75
2527.551	-57.08
2531.239	-56.75
2534.923	-58.08
2538.605	-56.75
2542.283	-57.75
2545.958	-57.42
2549.63	-59.75
2553.299	-59.75
2556.964	-61.08
2560.626	-60.42
2564.285	-60.08
2567.941	-58.42
2571.594	-62.75
2575.243	-62.08
2578.89	-64.42
2582.533	-65.08
2586.173	-66.08
2589.809	-65.42
2593.443	-64.42
2597.073	-64.42
2600.701	-65.08
2604.325	-67.42
2607.946	-64.75
2611.564	-66.42
2615.178	-62.42
2618.79	-67.42
2622.398	-66.42
2626.004	-65.08
2629.606	-64.42
2633.205	-65.08
2636.801	-65.08
2640.394	-64.75
2643.983	-63.75
2647.57	-66.42
2651.153	-67.08
2654.734	-66.08
2658.311	-64.75
2661.885	-66.42
2665.456	-65.42
2669.025	-65.42
2672.589	-66.42
2676.151	-67.75
2679.71	-67.08
2683.266	-65.08
2686.819	-68.42
2690.368	-64.75
2693.915	-67.08
2697.458	-64.42
2700.999	-64.75
2704.536	-64.42
2708.071	-63.75
2711.602	-63.42
2715.13	-60.75
2718.656	-61.75
2722.178	-60.08
2725.697	-63.08
2729.214	-62.08
2732.727	-59.75
2736.237	-57.75
2739.744	-58.75
2743.249	-57.75
2746.75	-59.42
2750.248	-60.08
2753.743	-56.08
2757.236	-56.75
2760.725	-56.08
2764.211	-57.75
2767.695	-55.08
2771.175	-52.42
2774.652	-51.42
2778.127	-50.08
2781.598	-51.42
2785.067	-45.08
2788.532	-48.42
2791.995	-44.75
2795.455	-45.42
2798.911	-42.42
2802.365	-45.08
2805.816	-38.42
2809.264	-39.75
2812.709	-34.75
2816.151	-36.08
2819.59	-36.08
2823.026	-35.75
2826.46	-33.75
2829.89	-32.75
2833.318	-29.75
2836.742	-27.42
2840.164	-27.08
2843.583	-24.75
2846.999	-24.75
2850.412	-20.75
2853.822	-18.42
2857.229	-18.42
2860.634	-13.08
2864.035	-9.42
2867.434	-4.08
2870.83	-6.08
2874.223	0.25
2877.613	1.25
2881	3.25
2884.385	4.92
2887.766	8.25
2891.145	11.25
2894.521	12.92
2897.894	13.58
2901.264	19.25
2904.631	20.25
2907.996	23.92
2911.358	23.92
2914.717	30.92
2918.073	32.58
2921.426	33.58
2924.777	41.25
2928.124	43.25
2931.469	52.25
2934.811	52.92
2938.15	58.25
2941.487	61.25
2944.821	67.58
2948.152	70.58
2951.48	74.25
2954.805	78.92
2958.128	87.25
2961.447	93.92
2964.765	95.25
2968.079	102.58
2971.39	107.25
2974.699	115.58
2978.005	122.92
2981.308	134.25
2984.609	139.25
2987.907	151.58
2991.202	153.92
2994.494	167.92
2997.784	176.92
3001.07	184.92
3004.355	187.58
3007.636	194.92
3010.915	208.92
3014.191	221.58
3017.464	224.58
3020.734	239.92
3024.002	243.58
3027.267	249.58
3030.53	254.58
3033.789	262.58
3037.046	277.58
3040.301	289.92
3043.552	296.58
3046.801	308.25
3050.048	321.58
3053.291	329.58
3056.532	346.25
3059.771	360.92
3063.006	374.58
3066.239	392.58
3069.469	411.58
3072.697	427.58
3075.922	443.58
3079.144	456.92
3082.364	476.58
3085.581	481.58
3088.795	504.92
3092.007	519.25
3095.216	531.92
3098.423	553.92
3101.627	565.58
3104.828	587.58
3108.026	606.58
3111.222	616.25
3114.416	638.92
3117.607	659.58
3120.795	679.25
3123.98	696.58
3127.163	714.92
3130.344	742.25
3133.521	755.58
3136.696	774.92
3139.869	790.25
3143.039	808.92
3146.206	824.58
3149.371	842.92
3152.533	848.58
3155.693	857.25
3158.85	873.25
3162.005	867.92
3165.157	874.58
3168.306	883.25
3171.453	886.25
3174.597	891.25
3177.739	900.58
3180.878	901.58
3184.014	903.92
3187.149	918.25
3190.28	924.25
3193.409	927.25
3196.536	935.92
3199.659	939.58
3202.781	932.25
3205.9	938.58
3209.016	939.92
3212.13	937.25
3215.241	937.92
3218.35	930.58
3221.456	923.58
3224.56	920.92
3227.661	913.92
3230.76	911.58
3233.856	898.92
3236.95	891.92
3240.041	888.58
3243.13	881.25
3246.216	887.92
3249.3	871.58
3252.382	877.58
3255.46	873.25
3258.537	867.92
3261.611	865.25
3264.682	868.25
3267.751	866.25
3270.818	864.58
3273.882	858.92
3276.943	853.58
3280.002	854.58
3283.059	839.58
3286.113	823.92
3289.165	813.58
3292.214	804.92
3295.261	792.58
3298.306	784.92
3301.348	775.25
3304.387	753.92
3307.425	739.58
3310.459	740.92
3313.492	730.92
3316.521	722.25
3319.549	714.92
3322.574	702.58
3325.597	706.25
3328.617	703.25
3331.635	694.58
3334.65	689.58
3337.663	693.58
3340.674	683.92
3343.682	685.92
3346.688	682.58
3349.691	681.58
3352.692	681.92
3355.691	673.92
3358.687	668.25
3361.681	662.92
3364.673	658.25
3367.662	656.25
3370.649	631.58
3373.633	631.25
3376.615	625.58
3379.595	619.25
3382.572	611.58
3385.547	607.25
3388.52	590.58
3391.49	588.58
3394.458	586.25
3397.424	577.58
3400.387	572.58
3403.348	560.92
3406.307	555.25
3409.263	550.25
3412.217	540.58
3415.168	536.25
3418.118	534.92
3421.065	531.25
3424.009	522.58
3426.951	520.25
3429.891	505.25
3432.829	500.25
3435.764	493.92
3438.697	477.58
3441.628	465.58
3444.557	457.92
3447.483	443.58
3450.407	426.92
3453.328	422.25
3456.247	408.25
3459.164	389.25
3462.079	387.25
3464.991	369.92
3467.902	363.92
3470.809	353.25
3473.715	339.92
3476.618	334.25
3479.519	318.25
3482.418	309.25
3485.315	297.58
3488.209	291.92
3491.101	283.25
3493.99	277.25
3496.878	261.58
3499.763	258.25
3502.646	250.58
3505.527	243.92
3508.405	232.58
3511.281	218.58
3514.155	209.25
3517.027	198.92
3519.897	188.58
3522.764	186.25
3525.629	175.92
3528.492	163.58
3531.352	150.58
3534.211	142.25
3537.067	137.25
3539.921	124.58
3542.773	118.58
3545.622	108.58
3548.469	98.58
3551.315	94.25
3554.157	86.92
3556.998	84.25
3559.837	76.58
3562.673	69.92
3565.507	62.25
3568.339	60.58
3571.169	54.25
3573.996	47.25
3576.822	44.25
3579.645	40.92
3582.466	33.25
3585.285	30.58
3588.101	20.92
3590.916	21.25
3593.728	13.92
3596.538	7.58
3599.346	2.58
3602.152	1.25
3604.956	-3.08
3607.757	-5.42
3610.556	-12.08
3613.354	-13.08
3616.149	-16.42
3618.942	-21.08
3621.732	-24.08
3624.521	-24.08
3627.307	-30.08
3630.092	-32.42
3632.874	-34.42
3635.654	-34.08
3638.432	-39.08
3641.208	-43.42
3643.982	-41.75
3646.753	-47.75
3649.523	-48.42
3652.29	-50.75
3655.055	-50.42
3657.818	-56.08
3660.579	-56.42
3663.338	-58.75
3666.095	-61.75
3668.849	-61.42
3671.602	-67.08
3674.352	-67.75
3677.101	-68.75
3679.847	-70.75
3682.591	-69.08
3685.333	-73.08
3688.073	-76.42
3690.811	-76.75
3693.547	-77.42
3696.281	-80.42
3699.013	-80.42
3701.742	-82.75
3704.47	-81.75
3707.195	-82.42
3709.919	-83.42
3712.64	-83.08
3715.359	-86.75
3718.076	-84.75
3720.792	-85.75
3723.505	-89.42
3726.216	-88.08
3728.925	-90.08
3731.632	-89.75
3734.336	-90.42
3737.039	-91.42
3739.74	-91.75
3742.439	-90.42
3745.136	-92.75
3747.83	-93.75
3750.523	-94.08
3753.213	-92.08
3755.902	-95.42
3758.589	-95.08
3761.273	-93.75
3763.956	-97.75
3766.636	-95.75
3769.315	-96.75
3771.991	-96.42
3774.665	-96.75
3777.338	-99.08
3780.008	-96.42
3782.677	-96.42
3785.343	-97.08
3788.007	-99.08
3790.67	-101.75
3793.33	-99.75
3795.989	-100.42
3798.645	-97.42
3801.299	-99.42
3803.952	-98.08
3806.602	-100.08
3809.251	-99.08
3811.897	-98.42
3814.542	-101.42
3817.184	-100.08
3819.825	-99.42
3822.463	-100.42
3825.1	-101.75
3827.735	-103.08
3830.367	-102.75
3832.998	-101.08
3835.627	-103.42
3838.253	-102.42
3840.878	-103.08
3843.501	-104.08
3846.122	-103.75
3848.741	-102.75
3851.358	-104.08
3853.973	-105.08
3856.586	-104.08
3859.197	-101.75
3861.806	-103.42
3864.414	-103.08
3867.019	-102.08
3869.622	-102.42
3872.224	-103.42
3874.823	-97.75
3877.421	-96.75
3880.016	-94.42
3882.61	-89.75
3885.202	-88.75
3887.792	-89.75
3890.38	-95.08
3892.966	-99.42
3895.55	-101.08
3898.132	-102.08
3900.713	-100.42
3903.291	-103.42
3905.868	-104.08
3908.442	-103.42
3911.015	-105.08
3913.586	-106.08
3916.155	-105.08
3918.722	-104.08
3921.287	-103.75
3923.85	-105.75
3926.411	-104.75
3928.971	-103.08
3931.528	-106.08
3934.084	-104.08
3936.638	-105.08
3939.19	-104.42
3941.74	-104.08
3944.288	-106.08
3946.834	-105.42
3949.378	-104.08
3951.921	-104.75
3954.462	-104.42
3957	-104.42
3959.537	-104.42
3962.072	-103.75
3964.606	-103.75
3967.137	-104.42
3969.667	-104.75
3972.194	-103.75
3974.72	-104.75
3977.244	-103.42
3979.766	-101.75
3982.286	-104.42
3984.805	-103.08
3987.321	-101.75
3989.836	-102.75
3992.349	-105.75
3994.86	-103.08
3997.369	-101.42
3999.877	-103.42
4002.382	-104.08
4004.886	-104.42
4007.388	-103.08
4009.888	-103.08
4012.386	-105.75
4014.883	-104.42
4017.377	-107.08
4019.87	-107.08
4022.361	-105.08
4024.85	-103.42
4027.338	-106.75
4029.823	-105.08
4032.307	-105.08
4034.789	-105.42
4037.269	-104.42
4039.747	-103.42
4042.224	-105.75
4044.699	-102.42
4047.172	-103.75
4049.643	-105.08
4052.112	-105.08
4054.58	-103.75
4057.046	-105.08
4059.51	-105.08
4061.972	-105.75
4064.432	-105.08
4066.891	-104.08
4069.348	-103.08
4071.803	-103.75
4074.256	-106.08
4076.708	-105.42
4079.158	-101.42
4081.606	-102.42
4084.052	-102.42
4086.497	-103.42
4088.939	-102.75
4091.38	-102.08
4093.819	-102.75
4096.257	-106.42
4098.693	-106.08
4101.127	-107.08
4103.559	-106.42
4105.989	-66.08
4108.418	-62.75
4110.845	-60.08
4113.27	-57.75
4115.694	-48.42
4118.115	-41.75
4120.535	-104.75
4122.954	-104.08
4125.37	-102.42
4127.785	-101.75
4130.198	-104.75
4132.609	-104.42
4135.019	-106.75
4137.427	-108.08
4139.833	-108.08
4142.237	-107.75
