160.701	-32.71
166.742	0.29
172.777	95.62
178.805	388.96
184.826	1092.62
190.841	2260.96
196.849	3553.96
202.85	4368.29
208.845	4524.29
214.833	4339.62
220.815	4147.62
226.789	3978.29
232.758	3866.29
238.719	3712.29
244.674	3552.62
250.623	3363.96
256.565	3191.62
262.5	3005.96
268.429	2873.96
274.351	2731.96
280.267	2607.62
286.176	2500.29
292.079	2397.29
297.975	2320.29
303.865	2242.62
309.748	2182.96
315.625	2120.96
321.495	2079.29
327.359	2053.29
333.217	2026.62
339.068	2015.29
344.912	1996.96
350.751	1999.29
356.583	1995.29
362.408	1983.29
368.227	1992.96
374.04	2005.96
379.847	2037.29
385.647	2047.29
391.44	2037.29
397.228	2030.62
403.009	2041.62
408.784	2073.96
414.553	2127.29
420.315	2203.62
426.071	2191.62
431.821	2118.96
437.565	2052.62
443.302	2026.96
449.033	2025.96
454.758	1994.96
460.477	1985.29
466.189	1963.62
471.896	1954.96
477.596	1935.29
483.29	1921.96
488.978	1903.62
494.66	1882.96
500.335	1854.62
506.005	1817.29
511.668	1775.62
517.325	1733.62
522.977	1699.96
528.622	1674.96
534.261	1651.96
539.894	1625.62
545.521	1614.62
551.141	1598.29
556.756	1582.29
562.365	1558.29
567.968	1546.62
573.565	1526.96
579.155	1509.62
584.74	1491.29
590.319	1477.96
595.892	1465.62
601.459	1446.62
607.02	1440.96
612.575	1412.29
618.124	1395.62
623.667	1380.29
629.204	1365.29
634.735	1354.62
640.261	1357.62
645.781	1368.96
651.294	1370.29
656.802	1335.29
662.304	1301.29
667.8	1283.29
673.29	1265.29
678.775	1255.96
684.254	1244.29
689.726	1220.96
695.193	1216.96
700.655	1194.96
706.11	1182.29
711.56	1168.96
717.004	1155.29
722.442	1145.29
727.874	1128.29
733.301	1119.62
738.722	1115.62
744.137	1098.96
749.547	1098.29
754.951	1096.29
760.349	1089.62
765.741	1062.96
771.128	1059.96
776.509	1050.96
781.885	1033.96
787.254	1030.96
792.618	1023.29
797.977	1003.62
803.33	999.96
808.677	976.29
814.019	965.62
819.355	947.29
824.686	926.96
830.011	917.96
835.33	901.96
840.644	894.29
845.952	875.29
851.255	863.62
856.552	856.96
861.844	845.62
867.13	829.96
872.41	822.29
877.686	804.29
882.955	796.29
888.219	779.96
893.478	749.62
898.731	725.29
903.979	713.29
909.221	690.29
914.458	682.96
919.69	667.96
924.916	660.96
930.136	665.62
935.351	655.29
940.561	642.62
945.766	646.29
950.965	630.29
956.158	618.29
961.347	599.96
966.529	589.62
971.707	572.96
976.879	564.96
982.046	562.29
987.208	552.96
992.364	554.62
997.515	555.96
1002.66	554.62
1007.801	558.96
1012.936	561.62
1018.066	558.29
1023.19	560.29
1028.309	564.29
1033.423	558.96
1038.532	556.29
1043.636	545.62
1048.734	542.96
1053.827	529.96
1058.915	523.29
1063.998	520.29
1069.075	519.29
1074.147	519.29
1079.214	518.62
1084.276	519.62
1089.333	529.62
1094.385	522.29
1099.431	525.29
1104.472	517.29
1109.509	511.29
1114.54	502.29
1119.565	491.29
1124.586	490.29
1129.602	475.96
1134.613	477.29
1139.618	473.96
1144.619	471.62
1149.614	476.29
1154.604	476.96
1159.589	475.96
1164.57	476.96
1169.545	468.29
1174.515	478.62
1179.48	468.62
1184.44	463.96
1189.395	464.29
1194.345	453.62
1199.29	455.62
1204.23	452.62
1209.165	460.29
1214.095	458.96
1219.021	459.29
1223.941	466.29
1228.856	464.29
1233.766	466.62
1238.672	462.29
1243.572	457.96
1248.467	457.29
1253.358	444.62
1258.244	437.62
1263.124	431.96
1268	422.62
1272.871	419.96
1277.737	407.62
1282.599	411.96
1287.455	408.62
1292.306	408.29
1297.153	411.96
1301.995	417.96
1306.832	413.62
1311.664	412.62
1316.491	407.96
1321.314	405.62
1326.132	405.62
1330.945	390.96
1335.753	379.62
1340.556	371.62
1345.354	363.29
1350.148	357.29
1354.937	354.62
1359.722	354.96
1364.501	355.29
1369.276	354.96
1374.046	349.29
1378.811	347.62
1383.572	352.29
1388.327	353.96
1393.079	345.29
1397.825	337.29
1402.567	330.29
1407.304	326.96
1412.036	320.96
1416.764	317.96
1421.487	316.62
1426.205	318.96
1430.919	318.62
1435.628	327.62
1440.333	328.96
1445.032	329.29
1449.727	331.62
1454.418	330.29
1459.104	334.96
1463.785	334.29
1468.462	328.96
1473.134	322.62
1477.802	319.62
1482.465	318.62
1487.123	320.62
1491.777	324.29
1496.426	333.29
1501.071	340.29
1505.711	348.96
1510.347	352.96
1514.978	357.96
1519.604	362.96
1524.226	366.96
1528.844	368.29
1533.457	370.62
1538.065	373.29
1542.669	376.62
1547.269	379.29
1551.864	385.96
1556.454	396.29
1561.041	401.62
1565.622	413.29
1570.199	423.96
1574.772	445.29
1579.34	465.96
1583.904	483.62
1588.464	496.96
1593.019	515.29
1597.569	536.29
1602.115	553.96
1606.657	570.62
1611.195	589.29
1615.728	608.29
1620.256	630.62
1624.78	648.29
1629.3	659.96
1633.816	686.62
1638.327	696.62
1642.834	706.62
1647.336	722.62
1651.834	719.29
1656.328	705.62
1660.817	700.62
1665.302	676.62
1669.783	646.62
1674.259	616.62
1678.732	584.62
1683.199	552.96
1687.663	502.96
1692.122	471.29
1696.577	441.62
1701.028	411.96
1705.474	382.62
1709.917	360.29
1714.355	337.29
1718.788	311.96
1723.218	292.29
1727.643	268.29
1732.064	249.29
1736.481	232.29
1740.893	212.29
1745.301	194.62
1749.705	181.29
1754.105	164.62
1758.501	152.62
1762.893	141.62
1767.28	134.96
1771.663	123.62
1776.042	115.29
1780.417	110.29
1784.787	109.96
1789.154	112.96
1793.516	110.29
1797.874	103.62
1802.228	102.29
1806.578	99.96
1810.924	90.96
1815.266	85.29
1819.603	82.96
1823.937	79.96
1828.266	75.29
1832.591	74.96
1836.913	72.96
1841.23	70.29
1845.543	65.96
1849.852	69.29
1854.156	65.29
1858.457	67.96
1862.754	67.62
1867.047	69.96
1871.335	66.62
1875.62	66.96
1879.9	67.62
1884.177	66.96
1888.449	68.62
1892.718	62.96
1896.982	65.96
1901.243	64.96
1905.499	65.29
1909.752	65.96
1914	67.62
1918.245	70.96
1922.485	71.96
1926.722	73.29
1930.954	75.96
1935.183	79.62
1939.408	76.29
1943.628	83.29
1947.845	80.29
1952.058	79.29
1956.267	80.96
1960.472	75.96
1964.673	73.29
1968.87	75.96
1973.063	74.62
1977.252	74.96
1981.438	72.96
1985.619	71.62
1989.797	72.62
1993.971	72.96
1998.14	76.62
2002.306	77.96
2006.469	86.96
2010.627	77.62
2014.781	86.62
2018.932	83.62
2023.078	84.62
2027.221	84.96
2031.36	83.62
2035.495	87.62
2039.627	83.29
2043.754	85.29
2047.878	84.96
2051.998	87.96
2056.114	88.96
2060.226	90.62
2064.334	93.62
2068.439	96.62
2072.54	93.96
2076.637	93.96
2080.73	102.62
2084.82	104.62
2088.906	105.62
2092.988	105.96
2097.066	103.96
2101.14	102.29
2105.211	104.29
2109.278	97.29
2113.342	94.96
2117.401	94.96
2121.457	96.29
2125.509	93.29
2129.558	87.62
2133.602	88.29
2137.643	88.96
2141.681	85.62
2145.714	80.96
2149.744	79.62
2153.77	75.96
2157.793	79.29
2161.812	74.29
2165.827	69.62
2169.838	67.62
2173.846	62.29
2177.851	54.29
2181.851	54.62
2185.848	51.96
2189.841	47.29
2193.831	44.29
2197.817	43.29
2201.799	41.96
2205.778	39.29
2209.753	32.62
2213.725	37.29
2217.693	32.29
2221.657	31.62
2225.618	28.29
2229.575	25.96
2233.529	25.29
2237.479	19.96
2241.425	18.96
2245.368	14.96
2249.307	12.62
2253.243	10.62
2257.175	5.62
2261.104	4.29
2265.029	0.29
2268.95	-1.38
2272.868	-3.38
2276.783	-5.04
2280.694	-10.38
2284.601	-10.04
2288.505	-14.38
2292.405	-16.04
2296.302	-17.71
2300.195	-18.04
2304.085	-23.71
2307.971	-25.04
2311.854	-27.71
2315.734	-29.04
2319.609	-28.38
2323.482	-30.71
2327.351	-34.71
2331.216	-30.71
2335.078	-33.38
2338.937	-36.04
2342.792	-37.04
2346.643	-36.71
2350.492	-38.04
2354.336	-38.38
2358.178	-41.38
2362.015	-40.38
2365.85	-42.04
2369.681	-45.38
2373.508	-39.04
2377.333	-41.71
2381.153	-44.04
2384.971	-44.71
2388.785	-46.38
2392.595	-44.71
2396.402	-46.71
2400.206	-46.04
2404.007	-51.38
2407.804	-48.38
2411.597	-48.04
2415.388	-48.71
2419.174	-50.71
2422.958	-50.04
2426.738	-50.71
2430.515	-50.38
2434.289	-53.38
2438.059	-53.71
2441.825	-54.38
2445.589	-54.04
2449.349	-53.71
2453.106	-55.04
2456.859	-56.04
2460.61	-59.04
2464.356	-59.71
2468.1	-57.38
2471.84	-56.71
2475.577	-59.38
2479.311	-58.38
2483.041	-57.38
2486.768	-62.04
2490.492	-62.38
2494.213	-60.38
2497.93	-59.71
2501.644	-59.38
2505.355	-62.71
2509.062	-59.71
2512.766	-60.38
2516.467	-60.04
2520.165	-59.04
2523.859	-65.04
2527.551	-63.71
2531.239	-62.04
2534.923	-61.04
2538.605	-63.04
2542.283	-62.04
2545.958	-62.71
2549.63	-65.04
2553.299	-64.04
2556.964	-66.71
2560.626	-65.71
2564.285	-64.38
2567.941	-64.04
2571.594	-64.04
2575.243	-63.71
2578.89	-68.38
2582.533	-67.71
2586.173	-65.38
2589.809	-68.38
2593.443	-69.04
2597.073	-67.71
2600.701	-67.71
2604.325	-68.71
2607.946	-68.04
2611.564	-70.38
2615.178	-69.04
2618.79	-70.38
2622.398	-71.38
2626.004	-71.04
2629.606	-69.38
2633.205	-70.38
2636.801	-70.04
2640.394	-69.04
2643.983	-68.04
2647.57	-69.71
2651.153	-71.04
2654.734	-68.71
2658.311	-69.71
2661.885	-70.04
2665.456	-69.38
2669.025	-69.04
2672.589	-71.38
2676.151	-70.38
2679.71	-69.38
2683.266	-71.38
2686.819	-70.71
2690.368	-72.38
2693.915	-69.38
2697.458	-70.71
2700.999	-68.38
2704.536	-68.04
2708.071	-68.04
2711.602	-70.38
2715.13	-65.71
2718.656	-66.04
2722.178	-64.04
2725.697	-67.71
2729.214	-65.71
2732.727	-62.38
2736.237	-61.71
2739.744	-61.38
2743.249	-60.04
2746.75	-61.71
2750.248	-59.04
2753.743	-59.04
2757.236	-57.04
2760.725	-59.04
2764.211	-58.38
2767.695	-56.38
2771.175	-55.04
2774.652	-55.04
2778.127	-51.04
2781.598	-54.38
2785.067	-50.71
2788.532	-50.38
2791.995	-48.04
2795.455	-50.38
2798.911	-45.71
2802.365	-46.04
2805.816	-45.04
2809.264	-41.71
2812.709	-41.04
2816.151	-39.04
2819.59	-37.38
2823.026	-37.71
2826.46	-39.04
2829.89	-31.71
2833.318	-32.04
2836.742	-30.04
2840.164	-25.71
2843.583	-26.04
2846.999	-22.71
2850.412	-18.38
2853.822	-15.38
2857.229	-16.04
2860.634	-10.38
2864.035	-5.04
2867.434	-1.04
2870.83	-2.04
2874.223	1.96
2877.613	0.96
2881	7.96
2884.385	5.62
2887.766	14.29
2891.145	12.29
2894.521	18.62
2897.894	17.29
2901.264	24.96
2904.631	24.62
2907.996	30.29
2911.358	29.96
2914.717	34.62
2918.073	36.96
2921.426	44.62
2924.777	49.29
2928.124	54.62
2931.469	59.96
2934.811	68.29
2938.15	71.29
2941.487	74.29
2944.821	77.96
2948.152	80.62
2951.48	85.29
2954.805	88.96
2958.128	93.62
2961.447	98.62
2964.765	108.62
2968.079	110.96
2971.39	119.96
2974.699	123.29
2978.005	134.62
2981.308	145.29
2984.609	150.29
2987.907	164.62
2991.202	171.62
2994.494	183.96
2997.784	192.62
3001.07	198.62
3004.355	210.29
3007.636	220.96
3010.915	222.96
3014.191	231.96
3017.464	237.96
3020.734	250.62
3024.002	258.96
3027.267	266.29
3030.53	273.62
3033.789	281.62
3037.046	294.96
3040.301	305.62
3043.552	315.96
3046.801	331.29
3050.048	341.29
3053.291	358.96
3056.532	371.96
3059.771	385.62
3063.006	405.29
3066.239	427.29
3069.469	441.62
3072.697	463.29
3075.922	475.29
3079.144	489.96
3082.364	506.62
3085.581	520.62
3088.795	540.29
3092.007	557.62
3095.216	570.96
3098.423	586.62
3101.627	608.29
3104.828	627.62
3108.026	646.62
3111.222	666.29
3114.416	683.29
3117.607	709.29
3120.795	723.29
3123.98	742.96
3127.163	766.96
3130.344	789.96
3133.521	808.29
3136.696	827.96
3139.869	846.62
3143.039	859.29
3146.206	879.29
3149.371	887.96
3152.533	897.62
3155.693	912.96
3158.85	916.62
3162.005	923.96
3165.157	931.62
3168.306	944.62
3171.453	941.62
3174.597	951.62
3177.739	952.96
3180.878	960.29
3184.014	970.29
3187.149	973.96
3190.28	971.62
3193.409	980.96
3196.536	981.29
3199.659	987.96
3202.781	995.62
3205.9	1000.62
3209.016	996.29
3212.13	998.62
3215.241	992.29
3218.35	990.62
3221.456	984.96
3224.56	983.62
3227.661	966.96
3230.76	957.96
3233.856	956.62
3236.95	953.96
3240.041	940.29
3243.13	947.62
3246.216	941.96
3249.3	937.96
3252.382	936.62
3255.46	931.29
3258.537	925.62
3261.611	932.29
3264.682	927.96
3267.751	927.29
3270.818	918.96
3273.882	917.29
3276.943	906.29
3280.002	900.96
3283.059	889.62
3286.113	884.62
3289.165	867.96
3292.214	858.62
3295.261	843.62
3298.306	830.29
3301.348	817.96
3304.387	810.96
3307.425	801.29
3310.459	780.96
3313.492	774.96
3316.521	764.29
3319.549	758.29
3322.574	754.96
3325.597	749.29
3328.617	740.62
3331.635	734.29
3334.65	743.62
3337.663	728.29
3340.674	726.96
3343.682	729.96
3346.688	729.62
3349.691	725.29
3352.692	721.29
3355.691	722.62
3358.687	717.96
3361.681	698.62
3364.673	695.62
3367.662	689.29
3370.649	681.62
3373.633	672.96
3376.615	669.62
3379.595	654.96
3382.572	651.62
3385.547	642.62
3388.52	637.29
3391.49	620.29
3394.458	622.96
3397.424	613.62
3400.387	612.29
3403.348	601.29
3406.307	592.62
3409.263	594.96
3412.217	579.96
3415.168	576.96
3418.118	575.96
3421.065	567.96
3424.009	561.96
3426.951	547.96
3429.891	545.29
3432.829	531.96
3435.764	526.29
3438.697	514.29
3441.628	501.96
3444.557	483.62
3447.483	472.62
3450.407	462.62
3453.328	454.62
3456.247	433.62
3459.164	416.96
3462.079	413.62
3464.991	401.62
3467.902	389.96
3470.809	385.29
3473.715	361.62
3476.618	350.62
3479.519	342.29
3482.418	333.96
3485.315	325.29
3488.209	312.96
3491.101	303.62
3493.99	296.29
3496.878	288.62
3499.763	278.96
3502.646	267.96
3505.527	258.29
3508.405	252.96
3511.281	239.29
3514.155	226.62
3517.027	215.29
3519.897	206.62
3522.764	198.29
3525.629	188.96
3528.492	172.29
3531.352	166.62
3534.211	155.96
3537.067	145.96
3539.921	135.96
3542.773	124.96
3545.622	115.62
3548.469	106.96
3551.315	100.62
3554.157	97.62
3556.998	83.62
3559.837	84.96
3562.673	75.96
3565.507	69.29
3568.339	64.62
3571.169	58.96
3573.996	53.96
3576.822	47.96
3579.645	41.96
3582.466	33.96
3585.285	28.62
3588.101	25.29
3590.916	21.29
3593.728	16.96
3596.538	9.96
3599.346	7.96
3602.152	2.29
3604.956	-5.71
3607.757	-0.71
3610.556	-13.04
3613.354	-14.38
3616.149	-15.71
3618.942	-20.71
3621.732	-24.38
3624.521	-25.04
3627.307	-30.71
3630.092	-34.04
3632.874	-35.71
3635.654	-36.38
3638.432	-37.04
3641.208	-42.38
3643.982	-45.38
3646.753	-49.38
3649.523	-51.38
3652.29	-52.71
3655.055	-54.04
3657.818	-60.04
3660.579	-61.38
3663.338	-62.71
3666.095	-67.38
3668.849	-65.71
3671.602	-69.04
3674.352	-72.04
3677.101	-74.38
3679.847	-75.38
3682.591	-74.71
3685.333	-77.71
3688.073	-78.04
3690.811	-80.71
3693.547	-81.71
3696.281	-83.71
3699.013	-84.71
3701.742	-86.04
3704.47	-84.71
3707.195	-87.38
3709.919	-85.71
3712.64	-88.38
3715.359	-90.38
3718.076	-88.71
3720.792	-91.04
3723.505	-92.04
3726.216	-94.38
3728.925	-92.71
3731.632	-95.04
3734.336	-96.04
3737.039	-94.71
3739.74	-97.71
3742.439	-97.38
3745.136	-97.04
3747.83	-98.04
3750.523	-99.71
3753.213	-100.71
3755.902	-98.71
3758.589	-98.71
3761.273	-99.04
3763.956	-103.04
3766.636	-99.71
3769.315	-102.38
3771.991	-101.04
3774.665	-102.38
3777.338	-101.71
3780.008	-102.71
3782.677	-103.71
3785.343	-102.04
3788.007	-104.04
3790.67	-105.71
3793.33	-104.71
3795.989	-105.71
3798.645	-103.38
3801.299	-105.04
3803.952	-103.71
3806.602	-107.71
3809.251	-106.38
3811.897	-106.38
3814.542	-107.38
3817.184	-107.38
3819.825	-106.71
3822.463	-107.38
3825.1	-107.71
3827.735	-108.38
3830.367	-107.38
3832.998	-108.71
3835.627	-108.04
3838.253	-108.04
3840.878	-109.71
3843.501	-109.04
3846.122	-109.38
3848.741	-109.04
3851.358	-108.71
3853.973	-111.04
3856.586	-110.04
3859.197	-109.38
3861.806	-110.04
3864.414	-108.71
3867.019	-109.38
3869.622	-108.04
3872.224	-107.71
3874.823	-103.38
3877.421	-102.04
3880.016	-101.04
3882.61	-93.71
3885.202	-93.38
3887.792	-95.04
3890.38	-99.04
3892.966	-103.71
3895.55	-106.04
3898.132	-110.04
3900.713	-106.38
3903.291	-108.04
3905.868	-111.71
3908.442	-109.04
3911.015	-109.38
3913.586	-111.38
3916.155	-111.38
3918.722	-111.04
3921.287	-110.38
3923.85	-111.04
3926.411	-109.38
3928.971	-108.04
3931.528	-109.38
3934.084	-108.38
3936.638	-110.04
3939.19	-108.71
3941.74	-109.38
3944.288	-110.38
3946.834	-109.04
3949.378	-108.71
3951.921	-110.04
3954.462	-110.38
3957	-108.71
3959.537	-110.71
3962.072	-111.04
3964.606	-109.38
3967.137	-109.71
3969.667	-109.38
3972.194	-111.04
3974.72	-107.71
3977.244	-108.04
3979.766	-107.38
3982.286	-107.04
3984.805	-109.71
3987.321	-108.71
3989.836	-107.04
3992.349	-109.38
3994.86	-108.38
3997.369	-107.04
3999.877	-109.38
4002.382	-110.38
4004.886	-111.71
4007.388	-109.38
4009.888	-110.04
4012.386	-110.71
4014.883	-109.71
4017.377	-110.38
4019.87	-110.71
4022.361	-109.38
4024.85	-109.04
4027.338	-110.71
4029.823	-111.04
4032.307	-110.38
4034.789	-111.04
4037.269	-108.04
4039.747	-112.04
4042.224	-112.71
4044.699	-110.04
4047.172	-112.38
4049.643	-112.38
4052.112	-111.38
4054.58	-111.04
4057.046	-113.38
4059.51	-112.04
4061.972	-110.71
4064.432	-110.04
4066.891	-110.38
4069.348	-109.04
4071.803	-107.38
4074.256	-108.71
4076.708	-107.71
4079.158	-107.04
4081.606	-106.71
4084.052	-107.38
4086.497	-109.04
4088.939	-107.71
4091.38	-108.38
4093.819	-107.71
4096.257	-113.71
4098.693	-111.38
4101.127	-112.04
4103.559	-112.04
4105.989	-70.38
4108.418	-70.04
4110.845	-64.38
4113.27	-61.04
4115.694	-54.71
4118.115	-45.71
4120.535	-111.38
4122.954	-110.38
4125.37	-109.71
4127.785	-110.38
4130.198	-111.04
4132.609	-111.71
4135.019	-114.38
4137.427	-113.71
4139.833	-111.38
4142.237	-112.71
