160.701	-30.5
166.742	-4.5
172.777	95.17
178.805	387.83
184.826	1076.5
190.841	2248.5
196.849	3556.83
202.85	4398.5
208.845	4554.83
214.833	4367.83
220.815	4182.5
226.789	4018.83
232.758	3882.17
238.719	3764.5
244.674	3579.5
250.623	3405.17
256.565	3224.5
262.5	3053.17
268.429	2884.17
274.351	2757.5
280.267	2630.5
286.176	2533.17
292.079	2428.5
297.975	2336.17
303.865	2258.83
309.748	2198.83
315.625	2142.5
321.495	2095.17
327.359	2074.17
333.217	2037.5
339.068	2016.5
344.912	2018.17
350.751	2003.83
356.583	1981.83
362.408	1991.17
368.227	2002.17
374.04	2015.5
379.847	2045.5
385.647	2056.5
391.44	2049.83
397.228	2049.83
403.009	2056.17
408.784	2092.17
414.553	2144.83
420.315	2221.83
426.071	2225.17
431.821	2145.17
437.565	2082.83
443.302	2040.83
449.033	2024.5
454.758	2012.83
460.477	2001.5
466.189	1982.83
471.896	1968.17
477.596	1941.83
483.29	1940.83
488.978	1926.5
494.66	1890.17
500.335	1872.83
506.005	1833.17
511.668	1781.5
517.325	1754.83
522.977	1719.83
528.622	1680.5
534.261	1664.17
539.894	1652.17
545.521	1622.83
551.141	1599.5
556.756	1592.17
562.365	1579.17
567.968	1558.5
573.565	1548.83
579.155	1527.17
584.74	1508.5
590.319	1491.17
595.892	1470.5
601.459	1457.5
607.02	1444.83
612.575	1425.17
618.124	1404.83
623.667	1388.83
629.204	1387.83
634.735	1357.17
640.261	1361.83
645.781	1378.17
651.294	1384.17
656.802	1358.83
662.304	1327.17
667.8	1284.5
673.29	1282.17
678.775	1255.5
684.254	1253.5
689.726	1234.83
695.193	1226.83
700.655	1207.83
706.11	1194.17
711.56	1179.5
717.004	1164.17
722.442	1160.83
727.874	1134.5
733.301	1126.83
738.722	1120.17
744.137	1113.17
749.547	1122.83
754.951	1109.83
760.349	1100.17
765.741	1083.5
771.128	1071.17
776.509	1057.83
781.885	1058.5
787.254	1050.5
792.618	1037.17
797.977	1019.17
803.33	1003.17
808.677	988.5
814.019	975.83
819.355	954.5
824.686	935.5
830.011	931.17
835.33	910.17
840.644	898.17
845.952	887.5
851.255	882.83
856.552	855.5
861.844	849.17
867.13	839.83
872.41	832.17
877.686	812.83
882.955	805.83
888.219	782.17
893.478	758.17
898.731	731.83
903.979	717.5
909.221	704.5
914.458	688.5
919.69	685.83
924.916	668.83
930.136	671.5
935.351	662.5
940.561	657.17
945.766	645.17
950.965	637.5
956.158	628.17
961.347	618.5
966.529	608.83
971.707	589.83
976.879	585.5
982.046	566.83
987.208	565.5
992.364	555.83
997.515	558.83
1002.66	559.5
1007.801	554.5
1012.936	568.5
1018.066	568.17
1023.19	573.83
1028.309	567.5
1033.423	570.17
1038.532	560.5
1043.636	558.83
1048.734	554.5
1053.827	538.83
1058.915	535.5
1063.998	526.83
1069.075	526.17
1074.147	528.5
1079.214	530.5
1084.276	527.17
1089.333	528.5
1094.385	535.17
1099.431	527.5
1104.472	530.17
1109.509	515.5
1114.54	513.17
1119.565	505.17
1124.586	491.5
1129.602	489.17
1134.613	480.83
1139.618	479.17
1144.619	475.83
1149.614	479.17
1154.604	480.17
1159.589	480.17
1164.57	482.17
1169.545	486.5
1174.515	485.17
1179.48	477.83
1184.44	477.17
1189.395	465.17
1194.345	465.17
1199.29	460.83
1204.23	462.83
1209.165	462.5
1214.095	461.83
1219.021	469.83
1223.941	475.83
1228.856	465.5
1233.766	474.17
1238.672	469.17
1243.572	468.17
1248.467	465.5
1253.358	454.5
1258.244	446.5
1263.124	440.5
1268	433.17
1272.871	423.17
1277.737	417.83
1282.599	415.5
1287.455	413.83
1292.306	420.5
1297.153	419.17
1301.995	421.5
1306.832	421.83
1311.664	417.83
1316.491	414.83
1321.314	406.17
1326.132	408.17
1330.945	392.17
1335.753	386.83
1340.556	378.17
1345.354	374.5
1350.148	368.83
1354.937	360.5
1359.722	361.83
1364.501	361.83
1369.276	359.83
1374.046	356.83
1378.811	358.5
1383.572	361.5
1388.327	354.5
1393.079	349.5
1397.825	342.17
1402.567	343.17
1407.304	337.83
1412.036	330.83
1416.764	324.17
1421.487	330.83
1426.205	328.17
1430.919	328.5
1435.628	333.83
1440.333	334.17
1445.032	337.17
1449.727	333.83
1454.418	343.83
1459.104	335.17
1463.785	339.17
1468.462	330.83
1473.134	331.83
1477.802	327.5
1482.465	323.83
1487.123	328.17
1491.777	329.17
1496.426	330.83
1501.071	344.5
1505.711	342.17
1510.347	356.83
1514.978	366.83
1519.604	370.83
1524.226	368.83
1528.844	373.17
1533.457	378.83
1538.065	381.83
1542.669	381.83
1547.269	388.17
1551.864	386.5
1556.454	399.5
1561.041	413.5
1565.622	415.17
1570.199	425.83
1574.772	447.17
1579.34	471.17
1583.904	486.5
1588.464	497.17
1593.019	528.83
1597.569	539.5
1602.115	563.17
1606.657	576.17
1611.195	592.83
1615.728	615.83
1620.256	633.5
1624.78	655.5
1629.3	678.17
1633.816	691.83
1638.327	712.5
1642.834	723.17
1647.336	729.5
1651.834	724.5
1656.328	718.17
1660.817	698.83
1665.302	674.17
1669.783	650.17
1674.259	619.5
1678.732	584.5
1683.199	560.17
1687.663	518.5
1692.122	475.83
1696.577	447.17
1701.028	419.17
1705.474	386.5
1709.917	363.17
1714.355	337.83
1718.788	314.5
1723.218	290.83
1727.643	276.83
1732.064	256.83
1736.481	232.5
1740.893	216.83
1745.301	198.17
1749.705	181.17
1754.105	168.5
1758.501	154.5
1762.893	143.83
1767.28	132.5
1771.663	128.5
1776.042	122.5
1780.417	116.5
1784.787	112.5
1789.154	115.5
1793.516	110.83
1797.874	110.17
1802.228	107.17
1806.578	104.5
1810.924	98.17
1815.266	83.83
1819.603	85.17
1823.937	81.17
1828.266	77.83
1832.591	75.83
1836.913	76.5
1841.23	71.17
1845.543	66.83
1849.852	67.17
1854.156	70.83
1858.457	68.83
1862.754	72.17
1867.047	69.5
1871.335	69.5
1875.62	70.83
1879.9	69.83
1884.177	69.17
1888.449	69.17
1892.718	68.17
1896.982	66.5
1901.243	67.5
1905.499	68.83
1909.752	66.17
1914	70.83
1918.245	71.83
1922.485	67.17
1926.722	78.5
1930.954	76.83
1935.183	80.17
1939.408	77.17
1943.628	85.5
1947.845	82.5
1952.058	83.17
1956.267	80.17
1960.472	77.5
1964.673	75.5
1968.87	77.17
1973.063	76.17
1977.252	74.5
1981.438	77.17
1985.619	74.17
1989.797	72.5
1993.971	78.17
1998.14	77.17
2002.306	78.5
2006.469	79.83
2010.627	85.17
2014.781	85.83
2018.932	83.5
2023.078	89.5
2027.221	81.5
2031.36	85.17
2035.495	83.5
2039.627	80.83
2043.754	87.17
2047.878	84.83
2051.998	83.83
2056.114	88.83
2060.226	92.83
2064.334	93.5
2068.439	95.83
2072.54	97.83
2076.637	99.17
2080.73	105.17
2084.82	103.5
2088.906	107.83
2092.988	107.83
2097.066	104.17
2101.14	107.17
2105.211	105.5
2109.278	100.83
2113.342	98.5
2117.401	97.17
2121.457	96.83
2125.509	96.5
2129.558	92.83
2133.602	93.17
2137.643	88.83
2141.681	86.5
2145.714	85.17
2149.744	85.5
2153.77	80.17
2157.793	77.5
2161.812	73.17
2165.827	72.5
2169.838	72.17
2173.846	62.17
2177.851	56.17
2181.851	54.83
2185.848	54.5
2189.841	48.5
2193.831	45.83
2197.817	45.17
2201.799	41.5
2205.778	40.17
2209.753	38.83
2213.725	35.83
2217.693	34.17
2221.657	33.17
2225.618	33.83
2229.575	27.83
2233.529	27.17
2237.479	22.17
2241.425	22.5
2245.368	15.5
2249.307	12.17
2253.243	9.83
2257.175	7.83
2261.104	2.83
2265.029	1.83
2268.95	0.17
2272.868	-3.5
2276.783	-6.17
2280.694	-9.83
2284.601	-8.5
2288.505	-14.5
2292.405	-13.83
2296.302	-14.83
2300.195	-21.5
2304.085	-24.83
2307.971	-24.17
2311.854	-26.83
2315.734	-26.83
2319.609	-25.83
2323.482	-29.17
2327.351	-31.17
2331.216	-30.17
2335.078	-28.5
2338.937	-32.17
2342.792	-35.83
2346.643	-35.83
2350.492	-38.83
2354.336	-36.17
2358.178	-39.5
2362.015	-37.83
2365.85	-42.17
2369.681	-43.17
2373.508	-40.5
2377.333	-43.17
2381.153	-43.17
2384.971	-43.83
2388.785	-46.83
2392.595	-43.83
2396.402	-46.83
2400.206	-46.5
2404.007	-49.17
2407.804	-50.5
2411.597	-49.17
2415.388	-47.83
2419.174	-49.17
2422.958	-50.17
2426.738	-52.17
2430.515	-48.17
2434.289	-51.17
2438.059	-53.17
2441.825	-53.5
2445.589	-53.5
2449.349	-53.83
2453.106	-51.17
2456.859	-53.17
2460.61	-54.83
2464.356	-55.5
2468.1	-58.5
2471.84	-59.17
2475.577	-58.17
2479.311	-56.5
2483.041	-56.83
2486.768	-58.17
2490.492	-57.83
2494.213	-59.83
2497.93	-58.17
2501.644	-59.17
2505.355	-58.5
2509.062	-59.5
2512.766	-60.17
2516.467	-60.17
2520.165	-58.17
2523.859	-62.17
2527.551	-61.5
2531.239	-59.17
2534.923	-60.83
2538.605	-60.5
2542.283	-61.83
2545.958	-59.5
2549.63	-65.5
2553.299	-63.5
2556.964	-65.17
2560.626	-64.5
2564.285	-64.5
2567.941	-63.5
2571.594	-66.5
2575.243	-66.17
2578.89	-65.83
2582.533	-65.5
2586.173	-65.83
2589.809	-66.17
2593.443	-67.17
2597.073	-65.5
2600.701	-68.5
2604.325	-68.17
2607.946	-69.5
2611.564	-68.5
2615.178	-67.83
2618.79	-70.5
2622.398	-68.17
2626.004	-69.17
2629.606	-69.17
2633.205	-70.17
2636.801	-71.83
2640.394	-68.5
2643.983	-69.83
2647.57	-72.17
2651.153	-71.5
2654.734	-68.83
2658.311	-68.5
2661.885	-71.83
2665.456	-68.5
2669.025	-69.83
2672.589	-68.83
2676.151	-67.83
2679.71	-70.5
2683.266	-71.17
2686.819	-69.5
2690.368	-69.17
2693.915	-70.17
2697.458	-70.17
2700.999	-67.5
2704.536	-67.5
2708.071	-67.5
2711.602	-68.17
2715.13	-65.83
2718.656	-66.83
2722.178	-65.17
2725.697	-66.17
2729.214	-65.83
2732.727	-62.5
2736.237	-62.83
2739.744	-62.83
2743.249	-59.5
2746.75	-62.17
2750.248	-58.5
2753.743	-58.17
2757.236	-55.83
2760.725	-55.83
2764.211	-58.17
2767.695	-56.17
2771.175	-52.5
2774.652	-53.83
2778.127	-52.17
2781.598	-50.5
2785.067	-51.17
2788.532	-49.17
2791.995	-47.5
2795.455	-51.17
2798.911	-47.5
2802.365	-45.5
2805.816	-44.83
2809.264	-42.83
2812.709	-41.83
2816.151	-39.83
2819.59	-40.5
2823.026	-34.5
2826.46	-34.83
2829.89	-32.5
2833.318	-26.83
2836.742	-28.83
2840.164	-24.5
2843.583	-23.17
2846.999	-19.17
2850.412	-16.5
2853.822	-12.83
2857.229	-16.5
2860.634	-11.17
2864.035	-7.17
2867.434	-3.17
2870.83	-2.17
2874.223	6.17
2877.613	5.83
2881	7.83
2884.385	10.5
2887.766	17.5
2891.145	17.17
2894.521	20.83
2897.894	20.17
2901.264	27.17
2904.631	29.83
2907.996	29.17
2911.358	32.5
2914.717	39.17
2918.073	37.17
2921.426	43.5
2924.777	49.83
2928.124	54.83
2931.469	58.5
2934.811	68.17
2938.15	75.17
2941.487	78.5
2944.821	74.17
2948.152	81.83
2951.48	93.5
2954.805	90.5
2958.128	97.17
2961.447	105.5
2964.765	114.83
2968.079	113.17
2971.39	119.5
2974.699	129.83
2978.005	134.83
2981.308	144.17
2984.609	155.83
2987.907	168.17
2991.202	171.17
2994.494	183.5
2997.784	195.5
3001.07	202.17
3004.355	213.83
3007.636	219.83
3010.915	228.17
3014.191	240.83
3017.464	245.83
3020.734	255.83
3024.002	266.5
3027.267	274.17
3030.53	281.17
3033.789	285.17
3037.046	294.5
3040.301	311.5
3043.552	320.83
3046.801	333.5
3050.048	347.17
3053.291	361.17
3056.532	374.83
3059.771	391.5
3063.006	407.5
3066.239	427.17
3069.469	442.83
3072.697	461.17
3075.922	481.83
3079.144	497.5
3082.364	514.83
3085.581	528.83
3088.795	549.5
3092.007	568.83
3095.216	582.5
3098.423	602.17
3101.627	624.83
3104.828	630.17
3108.026	655.5
3111.222	674.17
3114.416	694.17
3117.607	706.83
3120.795	726.83
3123.98	753.17
3127.163	776.17
3130.344	794.17
3133.521	821.5
3136.696	835.5
3139.869	850.5
3143.039	870.5
3146.206	890.17
3149.371	908.17
3152.533	912.5
3155.693	923.17
3158.85	926.17
3162.005	940.83
3165.157	940.5
3168.306	950.5
3171.453	957.5
3174.597	957.5
3177.739	961.17
3180.878	979.17
3184.014	979.83
3187.149	980.5
3190.28	979.5
3193.409	982.5
3196.536	996.5
3199.659	997.5
3202.781	1007.83
3205.9	1001.17
3209.016	1006.17
3212.13	1009.5
3215.241	1002.5
3218.35	999.17
3221.456	994.17
3224.56	979.83
3227.661	983.5
3230.76	969.5
3233.856	964.83
3236.95	967.83
3240.041	952.83
3243.13	952.83
3246.216	941.83
3249.3	938.17
3252.382	940.17
3255.46	938.83
3258.537	934.83
3261.611	926.17
3264.682	929.5
3267.751	930.17
3270.818	928.5
3273.882	914.17
3276.943	919.5
3280.002	907.5
3283.059	907.17
3286.113	887.83
3289.165	875.83
3292.214	863.5
3295.261	855.83
3298.306	840.17
3301.348	820.17
3304.387	816.83
3307.425	792.5
3310.459	788.17
3313.492	781.5
3316.521	768.5
3319.549	764.17
3322.574	759.83
3325.597	754.5
3328.617	749.17
3331.635	747.5
3334.65	736.17
3337.663	730.83
3340.674	734.5
3343.682	726.5
3346.688	729.5
3349.691	725.83
3352.692	730.17
3355.691	722.83
3358.687	712.83
3361.681	713.5
3364.673	704.17
3367.662	689.17
3370.649	688.5
3373.633	680.83
3376.615	676.83
3379.595	658.5
3382.572	654.17
3385.547	642.5
3388.52	636.5
3391.49	630.5
3394.458	623.17
3397.424	609.5
3400.387	605.17
3403.348	601.5
3406.307	592.83
3409.263	585.17
3412.217	587.5
3415.168	581.5
3418.118	584.5
3421.065	571.17
3424.009	562.5
3426.951	553.83
3429.891	554.17
3432.829	541.17
3435.764	530.83
3438.697	519.17
3441.628	503.17
3444.557	493.5
3447.483	481.17
3450.407	465.5
3453.328	457.5
3456.247	438.83
3459.164	424.83
3462.079	415.17
3464.991	400.5
3467.902	392.83
3470.809	380.17
3473.715	364.5
3476.618	355.83
3479.519	352.17
3482.418	338.83
3485.315	328.5
3488.209	320.17
3491.101	309.5
3493.99	300.83
3496.878	292.83
3499.763	283.83
3502.646	278.17
3505.527	267.5
3508.405	257.5
3511.281	245.83
3514.155	229.83
3517.027	224.83
3519.897	207.17
3522.764	201.17
3525.629	188.5
3528.492	177.5
3531.352	167.5
3534.211	156.5
3537.067	146.17
3539.921	138.83
3542.773	130.83
3545.622	117.83
3548.469	115.5
3551.315	104.83
3554.157	100.5
3556.998	92.17
3559.837	88.5
3562.673	81.17
3565.507	75.17
3568.339	69.17
3571.169	65.17
3573.996	58.5
3576.822	52.83
3579.645	46.17
3582.466	37.17
3585.285	32.83
3588.101	27.5
3590.916	22.17
3593.728	20.17
3596.538	8.83
3599.346	6.17
3602.152	3.5
3604.956	0.83
3607.757	-1.17
3610.556	-8.5
3613.354	-10.83
3616.149	-14.17
3618.942	-18.5
3621.732	-19.17
3624.521	-21.83
3627.307	-28.17
3630.092	-30.17
3632.874	-32.83
3635.654	-36.17
3638.432	-38.5
3641.208	-42.17
3643.982	-42.83
3646.753	-51.17
3649.523	-48.83
3652.29	-50.5
3655.055	-57.17
3657.818	-56.5
3660.579	-61.5
3663.338	-61.17
3666.095	-65.83
3668.849	-66.17
3671.602	-69.83
3674.352	-71.5
3677.101	-71.5
3679.847	-74.17
3682.591	-72.83
3685.333	-76.83
3688.073	-77.5
3690.811	-78.83
3693.547	-80.83
3696.281	-79.83
3699.013	-85.83
3701.742	-85.5
3704.47	-86.83
3707.195	-87.17
3709.919	-88.83
3712.64	-88.17
3715.359	-90.5
3718.076	-90.83
3720.792	-92.17
3723.505	-94.5
3726.216	-95.5
3728.925	-92.5
3731.632	-95.5
3734.336	-95.5
3737.039	-95.17
3739.74	-96.17
3742.439	-94.17
3745.136	-95.5
3747.83	-98.5
3750.523	-97.83
3753.213	-100.17
3755.902	-97.83
3758.589	-97.17
3761.273	-97.83
3763.956	-104.17
3766.636	-100.5
3769.315	-102.83
3771.991	-100.83
3774.665	-103.5
3777.338	-104.83
3780.008	-104.5
3782.677	-104.17
3785.343	-103.5
3788.007	-104.83
3790.67	-106.17
3793.33	-102.5
3795.989	-105.5
3798.645	-104.17
3801.299	-102.5
3803.952	-103.83
3806.602	-104.83
3809.251	-104.5
3811.897	-105.83
3814.542	-108.17
3817.184	-105.83
3819.825	-106.5
3822.463	-104.83
3825.1	-107.83
3827.735	-108.5
3830.367	-107.17
3832.998	-106.5
3835.627	-108.5
3838.253	-109.5
3840.878	-110.5
3843.501	-110.5
3846.122	-110.5
3848.741	-110.5
3851.358	-111.17
3853.973	-111.83
3856.586	-108.5
3859.197	-107.5
3861.806	-108.5
3864.414	-107.5
3867.019	-108.5
3869.622	-107.17
3872.224	-106.5
3874.823	-103.17
3877.421	-103.17
3880.016	-100.5
3882.61	-93.83
3885.202	-94.5
3887.792	-95.5
3890.38	-101.5
3892.966	-105.17
3895.55	-106.17
3898.132	-108.17
3900.713	-109.17
3903.291	-109.83
3905.868	-112.5
3908.442	-109.5
3911.015	-111.83
3913.586	-112.5
3916.155	-113.17
3918.722	-109.5
3921.287	-110.17
3923.85	-110.17
3926.411	-109.83
3928.971	-109.5
3931.528	-110.5
3934.084	-108.5
3936.638	-108.83
3939.19	-107.5
3941.74	-108.83
3944.288	-110.83
3946.834	-111.5
3949.378	-110.5
3951.921	-109.5
3954.462	-111.5
3957	-108.5
3959.537	-110.5
3962.072	-112.17
3964.606	-111.83
3967.137	-111.5
3969.667	-111.5
3972.194	-111.83
3974.72	-109.17
3977.244	-107.83
3979.766	-107.17
3982.286	-109.17
3984.805	-108.83
3987.321	-108.17
3989.836	-109.5
3992.349	-108.83
3994.86	-107.17
3997.369	-105.5
3999.877	-109.17
4002.382	-108.83
4004.886	-109.17
4007.388	-109.83
4009.888	-110.17
4012.386	-111.83
4014.883	-110.83
4017.377	-112.17
4019.87	-110.83
4022.361	-110.17
4024.85	-111.5
4027.338	-113.17
4029.823	-112.5
4032.307	-110.83
4034.789	-110.5
4037.269	-111.17
4039.747	-110.17
4042.224	-110.83
4044.699	-110.5
4047.172	-109.83
4049.643	-109.17
4052.112	-110.5
4054.58	-108.5
4057.046	-111.5
4059.51	-110.83
4061.972	-109.5
4064.432	-110.17
4066.891	-109.5
4069.348	-108.17
4071.803	-109.5
4074.256	-110.5
4076.708	-112.17
4079.158	-108.5
4081.606	-110.17
4084.052	-109.83
4086.497	-110.5
4088.939	-109.5
4091.38	-110.83
4093.819	-108.83
4096.257	-113.17
4098.693	-111.83
4101.127	-113.17
4103.559	-111.5
4105.989	-71.83
4108.418	-67.5
4110.845	-65.83
4113.27	-60.83
4115.694	-52.83
4118.115	-47.83
4120.535	-110.83
4122.954	-109.17
4125.37	-108.83
4127.785	-107.5
4130.198	-110.5
4132.609	-108.83
4135.019	-112.83
4137.427	-111.83
4139.833	-111.5
4142.237	-111.83
