160.701	-6.54
166.742	3.12
172.777	24.46
178.805	89.12
184.826	234.12
190.841	475.46
196.849	724.79
202.85	890.46
208.845	923.12
214.833	901.79
220.815	860.79
226.789	834.79
232.758	821.79
238.719	805.46
244.674	777.46
250.623	748.79
256.565	721.12
262.5	694.79
268.429	675.79
274.351	648.46
280.267	628.79
286.176	609.46
292.079	606.79
297.975	585.79
303.865	578.46
309.748	569.79
315.625	558.12
321.495	552.12
327.359	552.46
333.217	553.12
339.068	556.12
344.912	549.46
350.751	551.46
356.583	553.46
362.408	555.12
368.227	562.79
374.04	576.12
379.847	590.12
385.647	597.46
391.44	585.46
397.228	578.12
403.009	583.12
408.784	610.79
414.553	660.79
420.315	710.79
426.071	716.12
431.821	660.12
437.565	606.79
443.302	588.12
449.033	584.46
454.758	572.46
460.477	567.46
466.189	559.12
471.896	552.46
477.596	548.12
483.29	547.79
488.978	537.79
494.66	541.46
500.335	518.12
506.005	493.46
511.668	475.46
517.325	456.12
522.977	441.12
528.622	430.79
534.261	423.79
539.894	416.79
545.521	406.46
551.141	405.46
556.756	401.12
562.365	395.46
567.968	393.12
573.565	385.79
579.155	386.79
584.74	383.12
590.319	376.46
595.892	375.12
601.459	371.46
607.02	372.12
612.575	364.79
618.124	359.12
623.667	356.46
629.204	357.12
634.735	353.79
640.261	364.12
645.781	380.12
651.294	386.12
656.802	371.12
662.304	349.12
667.8	338.79
673.29	327.12
678.775	323.46
684.254	318.46
689.726	315.79
695.193	309.46
700.655	310.79
706.11	309.79
711.56	310.12
717.004	303.12
722.442	305.12
727.874	303.12
733.301	306.12
738.722	301.46
744.137	301.12
749.547	307.46
754.951	305.79
760.349	303.79
765.741	296.46
771.128	293.46
776.509	292.79
781.885	292.79
787.254	292.12
792.618	292.79
797.977	291.79
803.33	288.12
808.677	285.12
814.019	284.79
819.355	280.79
824.686	273.12
830.011	269.46
835.33	262.46
840.644	262.79
845.952	258.46
851.255	255.12
856.552	247.79
861.844	244.79
867.13	243.46
872.41	240.12
877.686	235.46
882.955	233.79
888.219	231.12
893.478	221.79
898.731	216.12
903.979	214.12
909.221	212.46
914.458	209.12
919.69	208.12
924.916	203.46
930.136	203.79
935.351	205.79
940.561	197.79
945.766	194.46
950.965	197.12
956.158	191.46
961.347	190.46
966.529	188.12
971.707	181.79
976.879	180.46
982.046	182.79
987.208	179.79
992.364	180.12
997.515	178.46
1002.66	183.79
1007.801	184.79
1012.936	185.79
1018.066	179.46
1023.19	180.79
1028.309	184.79
1033.423	183.46
1038.532	185.46
1043.636	178.46
1048.734	179.12
1053.827	177.46
1058.915	177.79
1063.998	182.12
1069.075	174.12
1074.147	176.79
1079.214	174.79
1084.276	176.79
1089.333	176.46
1094.385	176.12
1099.431	172.79
1104.472	171.79
1109.509	167.46
1114.54	168.12
1119.565	161.12
1124.586	159.46
1129.602	158.79
1134.613	157.79
1139.618	154.79
1144.619	155.46
1149.614	157.79
1154.604	159.79
1159.589	159.79
1164.57	160.46
1169.545	158.46
1174.515	159.12
1179.48	157.79
1184.44	157.12
1189.395	153.79
1194.345	151.79
1199.29	151.12
1204.23	150.79
1209.165	151.46
1214.095	151.46
1219.021	154.79
1223.941	158.79
1228.856	154.79
1233.766	158.12
1238.672	156.12
1243.572	151.12
1248.467	154.79
1253.358	151.12
1258.244	142.12
1263.124	142.12
1268	138.12
1272.871	139.46
1277.737	137.12
1282.599	137.46
1287.455	135.12
1292.306	136.79
1297.153	131.46
1301.995	139.12
1306.832	136.12
1311.664	138.12
1316.491	138.79
1321.314	133.79
1326.132	133.46
1330.945	128.79
1335.753	130.79
1340.556	124.46
1345.354	122.12
1350.148	123.12
1354.937	123.79
1359.722	123.12
1364.501	121.46
1369.276	117.79
1374.046	120.12
1378.811	118.79
1383.572	121.46
1388.327	120.46
1393.079	116.79
1397.825	117.79
1402.567	115.46
1407.304	110.79
1412.036	109.12
1416.764	111.46
1421.487	106.46
1426.205	107.46
1430.919	107.12
1435.628	109.79
1440.333	111.12
1445.032	113.12
1449.727	110.46
1454.418	110.46
1459.104	115.12
1463.785	113.12
1468.462	110.12
1473.134	108.46
1477.802	108.79
1482.465	107.12
1487.123	106.46
1491.777	106.46
1496.426	106.12
1501.071	108.79
1505.711	108.12
1510.347	110.12
1514.978	118.12
1519.604	115.12
1524.226	117.46
1528.844	117.46
1533.457	117.79
1538.065	119.46
1542.669	117.46
1547.269	119.46
1551.864	117.46
1556.454	121.46
1561.041	118.79
1565.622	120.79
1570.199	124.12
1574.772	129.12
1579.34	133.79
1583.904	132.12
1588.464	141.46
1593.019	138.46
1597.569	149.79
1602.115	145.46
1606.657	154.12
1611.195	153.12
1615.728	156.79
1620.256	159.79
1624.78	165.46
1629.3	162.79
1633.816	171.46
1638.327	174.46
1642.834	173.79
1647.336	176.12
1651.834	184.12
1656.328	175.46
1660.817	174.79
1665.302	170.79
1669.783	167.12
1674.259	158.12
1678.732	152.46
1683.199	144.12
1687.663	135.46
1692.122	127.12
1696.577	119.79
1701.028	114.79
1705.474	109.79
1709.917	106.12
1714.355	100.46
1718.788	96.12
1723.218	93.46
1727.643	89.12
1732.064	81.79
1736.481	79.79
1740.893	73.79
1745.301	70.46
1749.705	66.12
1754.105	65.79
1758.501	59.46
1762.893	56.46
1767.28	53.12
1771.663	54.46
1776.042	53.46
1780.417	50.79
1784.787	50.12
1789.154	49.12
1793.516	49.79
1797.874	50.79
1802.228	46.12
1806.578	47.12
1810.924	47.46
1815.266	39.46
1819.603	44.46
1823.937	43.12
1828.266	39.46
1832.591	39.46
1836.913	42.79
1841.23	41.12
1845.543	38.12
1849.852	41.46
1854.156	39.12
1858.457	40.79
1862.754	37.46
1867.047	41.46
1871.335	39.12
1875.62	39.79
1879.9	41.12
1884.177	37.79
1888.449	40.12
1892.718	37.79
1896.982	38.12
1901.243	37.46
1905.499	37.12
1909.752	35.12
1914	36.46
1918.245	37.79
1922.485	37.46
1926.722	39.46
1930.954	44.46
1935.183	42.46
1939.408	39.46
1943.628	43.79
1947.845	43.46
1952.058	41.12
1956.267	42.79
1960.472	39.79
1964.673	37.79
1968.87	39.12
1973.063	36.46
1977.252	35.46
1981.438	34.79
1985.619	34.12
1989.797	33.79
1993.971	32.79
1998.14	33.12
2002.306	33.12
2006.469	37.12
2010.627	35.46
2014.781	36.79
2018.932	38.12
2023.078	35.46
2027.221	34.46
2031.36	34.46
2035.495	31.79
2039.627	33.79
2043.754	36.12
2047.878	33.79
2051.998	35.79
2056.114	35.12
2060.226	37.12
2064.334	34.12
2068.439	36.79
2072.54	37.46
2076.637	38.12
2080.73	38.12
2084.82	40.46
2088.906	38.46
2092.988	38.46
2097.066	39.12
2101.14	39.46
2105.211	40.79
2109.278	37.46
2113.342	36.12
2117.401	36.46
2121.457	36.79
2125.509	36.46
2129.558	37.12
2133.602	39.12
2137.643	31.46
2141.681	34.79
2145.714	30.79
2149.744	33.12
2153.77	31.12
2157.793	31.79
2161.812	30.12
2165.827	30.46
2169.838	28.79
2173.846	26.79
2177.851	25.46
2181.851	23.46
2185.848	27.46
2189.841	23.79
2193.831	20.79
2197.817	21.79
2201.799	21.12
2205.778	22.46
2209.753	20.79
2213.725	19.46
2217.693	21.79
2221.657	21.79
2225.618	18.79
2229.575	16.12
2233.529	15.79
2237.479	15.79
2241.425	15.79
2245.368	15.46
2249.307	12.46
2253.243	14.79
2257.175	10.12
2261.104	14.79
2265.029	12.12
2268.95	11.12
2272.868	10.46
2276.783	9.12
2280.694	11.46
2284.601	7.12
2288.505	4.46
2292.405	7.12
2296.302	5.12
2300.195	4.46
2304.085	3.12
2307.971	4.12
2311.854	1.46
2315.734	2.79
2319.609	4.46
2323.482	1.79
2327.351	3.12
2331.216	3.79
2335.078	0.46
2338.937	-0.21
2342.792	-1.21
2346.643	0.79
2350.492	-0.54
2354.336	-4.21
2358.178	-1.54
2362.015	-1.21
2365.85	-1.88
2369.681	-0.21
2373.508	-0.54
2377.333	-2.54
2381.153	1.12
2384.971	0.46
2388.785	-2.88
2392.595	-2.54
2396.402	-2.21
2400.206	-2.88
2404.007	-6.54
2407.804	-4.88
2411.597	-3.54
2415.388	-1.54
2419.174	-3.21
2422.958	-4.54
2426.738	-5.88
2430.515	-3.88
2434.289	-4.88
2438.059	-2.54
2441.825	-4.21
2445.589	-2.54
2449.349	-2.88
2453.106	-2.54
2456.859	-4.21
2460.61	-3.88
2464.356	-4.21
2468.1	-6.21
2471.84	-7.21
2475.577	-5.21
2479.311	-7.54
2483.041	-7.88
2486.768	-8.21
2490.492	-7.21
2494.213	-9.21
2497.93	-7.88
2501.644	-4.54
2505.355	-5.54
2509.062	-6.54
2512.766	-6.54
2516.467	-5.88
2520.165	-4.54
2523.859	-9.21
2527.551	-7.88
2531.239	-6.54
2534.923	-9.21
2538.605	-8.88
2542.283	-8.21
2545.958	-6.54
2549.63	-7.88
2553.299	-8.21
2556.964	-8.21
2560.626	-8.88
2564.285	-8.21
2567.941	-9.21
2571.594	-9.88
2575.243	-9.21
2578.89	-11.88
2582.533	-8.21
2586.173	-10.21
2589.809	-10.88
2593.443	-10.88
2597.073	-10.21
2600.701	-9.88
2604.325	-13.21
2607.946	-11.21
2611.564	-12.21
2615.178	-9.54
2618.79	-13.21
2622.398	-13.21
2626.004	-11.54
2629.606	-12.21
2633.205	-13.88
2636.801	-10.21
2640.394	-9.54
2643.983	-11.54
2647.57	-12.88
2651.153	-13.88
2654.734	-12.54
2658.311	-10.21
2661.885	-12.88
2665.456	-13.54
2669.025	-12.54
2672.589	-12.88
2676.151	-11.88
2679.71	-12.21
2683.266	-13.21
2686.819	-12.88
2690.368	-11.54
2693.915	-12.21
2697.458	-12.88
2700.999	-11.88
2704.536	-10.54
2708.071	-9.54
2711.602	-12.21
2715.13	-10.88
2718.656	-10.88
2722.178	-10.54
2725.697	-12.54
2729.214	-12.21
2732.727	-10.21
2736.237	-10.88
2739.744	-8.54
2743.249	-10.21
2746.75	-9.54
2750.248	-8.21
2753.743	-8.54
2757.236	-8.21
2760.725	-9.21
2764.211	-10.54
2767.695	-9.21
2771.175	-9.21
2774.652	-9.21
2778.127	-9.54
2781.598	-9.54
2785.067	-11.21
2788.532	-10.54
2791.995	-9.21
2795.455	-8.88
2798.911	-7.88
2802.365	-6.21
2805.816	-4.54
2809.264	-4.88
2812.709	-5.21
2816.151	-5.88
2819.59	-5.88
2823.026	-7.21
2826.46	-6.88
2829.89	-6.54
2833.318	-5.54
2836.742	-6.88
2840.164	-3.88
2843.583	-3.21
2846.999	-2.54
2850.412	-0.88
2853.822	-0.88
2857.229	-0.88
2860.634	1.79
2864.035	4.12
2867.434	5.46
2870.83	5.12
2874.223	4.79
2877.613	3.46
2881	4.79
2884.385	3.12
2887.766	4.79
2891.145	4.79
2894.521	8.46
2897.894	7.79
2901.264	10.12
2904.631	10.79
2907.996	10.79
2911.358	10.79
2914.717	11.12
2918.073	11.46
2921.426	13.79
2924.777	13.46
2928.124	13.46
2931.469	16.79
2934.811	17.79
2938.15	15.79
2941.487	18.46
2944.821	18.46
2948.152	20.46
2951.48	19.12
2954.805	22.46
2958.128	21.46
2961.447	26.12
2964.765	27.46
2968.079	27.12
2971.39	29.79
2974.699	30.79
2978.005	32.12
2981.308	34.46
2984.609	36.46
2987.907	40.79
2991.202	39.12
2994.494	41.12
2997.784	42.46
3001.07	44.12
3004.355	44.79
3007.636	50.79
3010.915	50.79
3014.191	51.79
3017.464	56.79
3020.734	59.12
3024.002	61.12
3027.267	64.46
3030.53	62.79
3033.789	63.79
3037.046	67.79
3040.301	69.12
3043.552	71.46
3046.801	74.46
3050.048	75.12
3053.291	78.12
3056.532	81.46
3059.771	85.46
3063.006	87.12
3066.239	97.46
3069.469	97.79
3072.697	107.12
3075.922	108.12
3079.144	111.79
3082.364	117.46
3085.581	119.46
3088.795	121.46
3092.007	124.79
3095.216	128.12
3098.423	132.79
3101.627	137.46
3104.828	143.46
3108.026	144.79
3111.222	149.12
3114.416	154.12
3117.607	158.79
3120.795	165.79
3123.98	170.79
3127.163	176.12
3130.344	178.46
3133.521	184.46
3136.696	188.79
3139.869	190.79
3143.039	191.79
3146.206	197.46
3149.371	202.79
3152.533	203.12
3155.693	203.79
3158.85	208.46
3162.005	209.79
3165.157	210.12
3168.306	214.46
3171.453	214.12
3174.597	218.12
3177.739	217.12
3180.878	219.46
3184.014	217.12
3187.149	220.12
3190.28	217.79
3193.409	220.79
3196.536	219.79
3199.659	223.12
3202.781	221.12
3205.9	225.79
3209.016	224.79
3212.13	223.79
3215.241	220.12
3218.35	221.79
3221.456	222.12
3224.56	226.46
3227.661	219.79
3230.76	219.12
3233.856	217.46
3236.95	211.79
3240.041	217.79
3243.13	210.46
3246.216	210.79
3249.3	209.79
3252.382	211.12
3255.46	208.46
3258.537	204.12
3261.611	208.79
3264.682	209.46
3267.751	210.79
3270.818	209.12
3273.882	210.46
3276.943	204.46
3280.002	205.12
3283.059	202.46
3286.113	193.46
3289.165	197.79
3292.214	193.46
3295.261	192.46
3298.306	191.12
3301.348	183.79
3304.387	180.79
3307.425	179.46
3310.459	175.79
3313.492	174.46
3316.521	172.79
3319.549	168.79
3322.574	167.12
3325.597	173.46
3328.617	167.46
3331.635	165.79
3334.65	164.79
3337.663	168.46
3340.674	166.79
3343.682	163.79
3346.688	164.79
3349.691	161.46
3352.692	161.12
3355.691	162.46
3358.687	163.12
3361.681	162.46
3364.673	157.12
3367.662	158.12
3370.649	151.79
3373.633	156.46
3376.615	155.12
3379.595	147.79
3382.572	150.12
3385.547	144.12
3388.52	141.12
3391.49	139.46
3394.458	140.46
3397.424	138.79
3400.387	139.12
3403.348	135.12
3406.307	134.12
3409.263	135.12
3412.217	129.46
3415.168	129.46
3418.118	130.79
3421.065	131.79
3424.009	126.79
3426.951	126.79
3429.891	124.12
3432.829	122.12
3435.764	120.46
3438.697	118.46
3441.628	114.12
3444.557	109.79
3447.483	107.12
3450.407	103.46
3453.328	102.46
3456.247	95.46
3459.164	94.46
3462.079	94.46
3464.991	90.79
3467.902	87.46
3470.809	89.46
3473.715	82.46
3476.618	82.79
3479.519	80.46
3482.418	78.12
3485.315	74.46
3488.209	70.79
3491.101	71.12
3493.99	68.46
3496.878	63.46
3499.763	62.46
3502.646	61.79
3505.527	57.79
3508.405	57.79
3511.281	52.79
3514.155	55.12
3517.027	48.79
3519.897	45.12
3522.764	44.12
3525.629	42.79
3528.492	42.12
3531.352	37.12
3534.211	34.46
3537.067	31.79
3539.921	32.46
3542.773	28.46
3545.622	27.79
3548.469	24.79
3551.315	23.79
3554.157	20.79
3556.998	18.12
3559.837	22.46
3562.673	18.79
3565.507	17.12
3568.339	14.79
3571.169	12.12
3573.996	12.12
3576.822	10.79
3579.645	11.46
3582.466	7.79
3585.285	6.46
3588.101	2.46
3590.916	4.12
3593.728	2.46
3596.538	-0.21
3599.346	0.79
3602.152	-2.88
3604.956	-2.54
3607.757	-0.88
3610.556	-2.88
3613.354	-2.54
3616.149	-3.54
3618.942	-6.21
3621.732	-5.21
3624.521	-5.88
3627.307	-8.88
3630.092	-9.21
3632.874	-10.54
3635.654	-9.54
3638.432	-10.54
3641.208	-10.21
3643.982	-11.54
3646.753	-14.88
3649.523	-14.21
3652.29	-11.88
3655.055	-12.21
3657.818	-14.88
3660.579	-16.54
3663.338	-13.54
3666.095	-16.54
3668.849	-15.88
3671.602	-17.21
3674.352	-17.21
3677.101	-16.54
3679.847	-19.21
3682.591	-18.54
3685.333	-19.88
3688.073	-19.21
3690.811	-18.88
3693.547	-19.54
3696.281	-18.88
3699.013	-19.88
3701.742	-20.88
3704.47	-19.54
3707.195	-18.54
3709.919	-18.21
3712.64	-18.88
3715.359	-19.21
3718.076	-20.21
3720.792	-21.88
3723.505	-21.88
3726.216	-23.88
3728.925	-23.88
3731.632	-21.88
3734.336	-24.21
3737.039	-22.54
3739.74	-23.21
3742.439	-20.21
3745.136	-21.54
3747.83	-21.88
3750.523	-22.54
3753.213	-24.54
3755.902	-20.88
3758.589	-21.54
3761.273	-22.21
3763.956	-24.21
3766.636	-22.88
3769.315	-24.21
3771.991	-23.21
3774.665	-26.21
3777.338	-27.21
3780.008	-25.21
3782.677	-24.54
3785.343	-23.88
3788.007	-22.88
3790.67	-24.54
3793.33	-22.54
3795.989	-25.21
3798.645	-23.88
3801.299	-23.54
3803.952	-23.88
3806.602	-25.54
3809.251	-24.88
3811.897	-22.21
3814.542	-28.88
3817.184	-27.54
3819.825	-24.54
3822.463	-26.21
3825.1	-26.54
3827.735	-25.21
3830.367	-24.88
3832.998	-24.88
3835.627	-26.21
3838.253	-26.54
3840.878	-26.88
3843.501	-27.88
3846.122	-26.88
3848.741	-27.54
3851.358	-26.54
3853.973	-29.21
3856.586	-26.54
3859.197	-24.21
3861.806	-26.21
3864.414	-26.21
3867.019	-25.88
3869.622	-24.88
3872.224	-25.21
3874.823	-23.88
3877.421	-23.54
3880.016	-20.21
3882.61	-17.54
3885.202	-16.54
3887.792	-16.88
3890.38	-20.21
3892.966	-22.21
3895.55	-23.21
3898.132	-25.54
3900.713	-23.54
3903.291	-23.54
3905.868	-25.88
3908.442	-23.88
3911.015	-25.21
3913.586	-27.54
3916.155	-26.88
3918.722	-25.88
3921.287	-25.54
3923.85	-25.54
3926.411	-25.54
3928.971	-23.88
3931.528	-25.21
3934.084	-26.54
3936.638	-25.88
3939.19	-26.21
3941.74	-25.88
3944.288	-27.21
3946.834	-27.21
3949.378	-24.88
3951.921	-26.54
3954.462	-26.21
3957	-25.88
3959.537	-25.21
3962.072	-25.88
3964.606	-25.88
3967.137	-25.54
3969.667	-25.54
3972.194	-27.21
3974.72	-26.21
3977.244	-26.88
3979.766	-25.21
3982.286	-25.21
3984.805	-25.21
3987.321	-26.54
3989.836	-28.21
3992.349	-26.88
3994.86	-25.21
3997.369	-23.54
3999.877	-25.88
4002.382	-28.54
4004.886	-26.88
4007.388	-26.88
4009.888	-26.88
4012.386	-27.88
4014.883	-27.54
4017.377	-28.21
4019.87	-28.21
4022.361	-25.21
4024.85	-25.21
4027.338	-28.54
4029.823	-28.88
4032.307	-27.54
4034.789	-28.54
4037.269	-26.21
4039.747	-27.88
4042.224	-28.54
4044.699	-27.21
4047.172	-28.88
4049.643	-27.54
4052.112	-26.21
4054.58	-25.21
4057.046	-26.21
4059.51	-26.54
4061.972	-25.88
4064.432	-25.88
4066.891	-25.21
4069.348	-25.21
4071.803	-26.54
4074.256	-25.54
4076.708	-26.88
4079.158	-24.54
4081.606	-25.54
4084.052	-26.54
4086.497	-25.54
4088.939	-24.88
4091.38	-25.54
4093.819	-23.54
4096.257	-27.21
4098.693	-25.88
4101.127	-27.54
4103.559	-26.54
4105.989	-10.88
4108.418	-9.88
4110.845	-11.54
4113.27	-10.88
4115.694	-8.54
4118.115	-9.21
4120.535	-24.88
4122.954	-22.54
4125.37	-22.88
4127.785	-24.54
4130.198	-27.88
4132.609	-25.21
4135.019	-27.54
4137.427	-28.54
4139.833	-26.21
4142.237	-27.88
