160.701	-4.71
166.742	0.62
172.777	22.96
178.805	82.62
184.826	220.62
190.841	443.62
196.849	680.62
202.85	829.62
208.845	868.29
214.833	837.96
220.815	809.29
226.789	777.96
232.758	765.29
238.719	755.96
244.674	727.62
250.623	701.62
256.565	675.62
262.5	652.96
268.429	628.62
274.351	607.96
280.267	592.29
286.176	577.29
292.079	565.96
297.975	544.62
303.865	544.96
309.748	536.29
315.625	523.62
321.495	520.96
327.359	522.62
333.217	515.62
339.068	509.62
344.912	517.96
350.751	516.96
356.583	517.62
362.408	528.29
368.227	525.29
374.04	541.96
379.847	555.29
385.647	563.62
391.44	556.62
397.228	545.96
403.009	553.62
408.784	572.62
414.553	625.29
420.315	675.29
426.071	671.29
431.821	616.29
437.565	567.29
443.302	554.96
449.033	544.29
454.758	540.96
460.477	531.29
466.189	520.62
471.896	519.96
477.596	518.96
483.29	513.29
488.978	509.29
494.66	506.62
500.335	483.96
506.005	472.29
511.668	448.29
517.325	429.29
522.977	411.62
528.622	398.62
534.261	383.62
539.894	378.29
545.521	377.29
551.141	369.62
556.756	363.29
562.365	363.62
567.968	355.62
573.565	355.29
579.155	356.29
584.74	349.96
590.319	347.96
595.892	344.62
601.459	345.29
607.02	341.62
612.575	334.96
618.124	330.29
623.667	324.29
629.204	321.29
634.735	322.96
640.261	333.29
645.781	350.62
651.294	357.96
656.802	337.29
662.304	319.29
667.8	304.62
673.29	303.29
678.775	297.96
684.254	297.96
689.726	292.29
695.193	290.62
700.655	285.29
706.11	282.62
711.56	276.62
717.004	280.96
722.442	277.62
727.874	276.29
733.301	274.62
738.722	276.96
744.137	272.62
749.547	283.29
754.951	279.96
760.349	282.96
765.741	272.96
771.128	267.96
776.509	268.96
781.885	271.29
787.254	269.62
792.618	270.29
797.977	271.96
803.33	263.29
808.677	260.96
814.019	255.96
819.355	252.29
824.686	249.29
830.011	241.29
835.33	244.29
840.644	241.62
845.952	238.96
851.255	230.96
856.552	227.62
861.844	224.29
867.13	222.96
872.41	220.29
877.686	213.62
882.955	210.96
888.219	201.29
893.478	202.62
898.731	194.62
903.979	192.62
909.221	189.62
914.458	186.62
919.69	187.96
924.916	182.29
930.136	184.29
935.351	181.62
940.561	183.29
945.766	178.96
950.965	179.62
956.158	174.96
961.347	167.96
966.529	167.96
971.707	168.62
976.879	162.96
982.046	164.96
987.208	159.96
992.364	158.96
997.515	162.62
1002.66	161.96
1007.801	164.62
1012.936	164.96
1018.066	165.62
1023.19	165.29
1028.309	164.96
1033.423	166.29
1038.532	164.62
1043.636	161.62
1048.734	161.96
1053.827	158.62
1058.915	158.29
1063.998	156.62
1069.075	155.62
1074.147	154.62
1079.214	159.62
1084.276	154.96
1089.333	159.29
1094.385	158.62
1099.431	156.62
1104.472	156.29
1109.509	154.62
1114.54	151.29
1119.565	145.29
1124.586	145.96
1129.602	143.29
1134.613	141.96
1139.618	139.62
1144.619	141.29
1149.614	140.96
1154.604	143.96
1159.589	141.96
1164.57	147.62
1169.545	144.29
1174.515	146.62
1179.48	141.29
1184.44	144.62
1189.395	139.29
1194.345	138.62
1199.29	136.96
1204.23	138.29
1209.165	139.96
1214.095	138.29
1219.021	139.29
1223.941	144.62
1228.856	138.29
1233.766	141.29
1238.672	135.62
1243.572	137.96
1248.467	137.29
1253.358	131.62
1258.244	132.29
1263.124	131.96
1268	127.29
1272.871	126.96
1277.737	124.29
1282.599	122.29
1287.455	127.62
1292.306	122.96
1297.153	122.96
1301.995	126.96
1306.832	122.62
1311.664	124.62
1316.491	124.29
1321.314	121.96
1326.132	120.29
1330.945	115.29
1335.753	114.29
1340.556	116.62
1345.354	113.29
1350.148	111.29
1354.937	109.29
1359.722	110.96
1364.501	109.62
1369.276	110.29
1374.046	108.29
1378.811	106.29
1383.572	110.29
1388.327	104.62
1393.079	102.62
1397.825	102.96
1402.567	101.96
1407.304	98.62
1412.036	97.29
1416.764	97.96
1421.487	97.29
1426.205	97.29
1430.919	101.62
1435.628	96.62
1440.333	100.29
1445.032	100.62
1449.727	100.96
1454.418	100.62
1459.104	98.29
1463.785	101.29
1468.462	95.62
1473.134	94.62
1477.802	92.96
1482.465	94.96
1487.123	95.29
1491.777	94.62
1496.426	94.62
1501.071	100.29
1505.711	98.29
1510.347	102.29
1514.978	107.62
1519.604	105.62
1524.226	105.96
1528.844	109.62
1533.457	107.96
1538.065	107.29
1542.669	104.96
1547.269	106.62
1551.864	106.29
1556.454	108.29
1561.041	110.62
1565.622	108.96
1570.199	115.29
1574.772	116.29
1579.34	121.62
1583.904	125.96
1588.464	127.62
1593.019	130.96
1597.569	134.29
1602.115	137.62
1606.657	141.96
1611.195	136.96
1615.728	148.29
1620.256	145.96
1624.78	150.29
1629.3	150.96
1633.816	158.29
1638.327	159.62
1642.834	160.62
1647.336	165.29
1651.834	163.96
1656.328	164.62
1660.817	160.96
1665.302	155.62
1669.783	152.96
1674.259	143.29
1678.732	138.29
1683.199	134.29
1687.663	123.96
1692.122	114.62
1696.577	109.29
1701.028	107.62
1705.474	100.29
1709.917	94.96
1714.355	92.62
1718.788	87.62
1723.218	81.62
1727.643	77.96
1732.064	73.62
1736.481	71.62
1740.893	67.96
1745.301	61.62
1749.705	62.62
1754.105	58.29
1758.501	54.29
1762.893	52.62
1767.28	47.96
1771.663	48.62
1776.042	46.62
1780.417	46.96
1784.787	46.96
1789.154	45.96
1793.516	45.96
1797.874	43.96
1802.228	43.62
1806.578	43.29
1810.924	46.29
1815.266	35.62
1819.603	40.62
1823.937	38.62
1828.266	38.62
1832.591	37.96
1836.913	36.96
1841.23	34.29
1845.543	33.96
1849.852	34.96
1854.156	35.96
1858.457	36.62
1862.754	33.29
1867.047	36.96
1871.335	35.29
1875.62	35.96
1879.9	34.29
1884.177	36.29
1888.449	36.62
1892.718	33.29
1896.982	37.96
1901.243	33.29
1905.499	32.96
1909.752	35.62
1914	34.96
1918.245	33.62
1922.485	32.29
1926.722	34.29
1930.954	38.62
1935.183	37.29
1939.408	36.29
1943.628	37.96
1947.845	35.96
1952.058	36.62
1956.267	36.29
1960.472	34.62
1964.673	35.62
1968.87	35.29
1973.063	34.29
1977.252	31.96
1981.438	31.29
1985.619	30.62
1989.797	27.62
1993.971	27.96
1998.14	27.96
2002.306	30.29
2006.469	30.62
2010.627	30.96
2014.781	31.96
2018.932	31.29
2023.078	34.29
2027.221	32.29
2031.36	32.96
2035.495	32.29
2039.627	31.29
2043.754	31.29
2047.878	30.96
2051.998	32.29
2056.114	28.29
2060.226	32.96
2064.334	33.96
2068.439	34.29
2072.54	31.62
2076.637	34.29
2080.73	36.62
2084.82	37.62
2088.906	37.62
2092.988	38.96
2097.066	35.29
2101.14	36.62
2105.211	33.62
2109.278	32.29
2113.342	33.62
2117.401	33.29
2121.457	33.29
2125.509	31.62
2129.558	29.62
2133.602	33.29
2137.643	27.96
2141.681	30.62
2145.714	29.96
2149.744	30.96
2153.77	29.29
2157.793	28.96
2161.812	26.62
2165.827	27.29
2169.838	28.62
2173.846	26.96
2177.851	22.96
2181.851	22.96
2185.848	19.96
2189.841	20.29
2193.831	18.62
2197.817	18.62
2201.799	20.62
2205.778	20.62
2209.753	16.96
2213.725	19.62
2217.693	19.62
2221.657	20.29
2225.618	18.96
2229.575	17.62
2233.529	15.96
2237.479	15.62
2241.425	16.96
2245.368	15.29
2249.307	10.62
2253.243	11.62
2257.175	10.29
2261.104	11.29
2265.029	9.62
2268.95	8.62
2272.868	7.62
2276.783	8.96
2280.694	8.62
2284.601	8.62
2288.505	4.62
2292.405	7.96
2296.302	6.96
2300.195	4.29
2304.085	3.96
2307.971	2.62
2311.854	1.96
2315.734	2.29
2319.609	2.62
2323.482	-1.04
2327.351	-0.04
2331.216	2.96
2335.078	0.96
2338.937	-0.04
2342.792	0.62
2346.643	0.62
2350.492	-1.04
2354.336	0.62
2358.178	-1.04
2362.015	0.29
2365.85	-0.04
2369.681	-3.38
2373.508	-0.71
2377.333	-5.38
2381.153	-0.38
2384.971	-1.04
2388.785	-3.71
2392.595	-1.38
2396.402	-2.38
2400.206	-1.71
2404.007	-2.71
2407.804	-3.38
2411.597	-2.04
2415.388	-0.04
2419.174	-3.38
2422.958	-4.38
2426.738	-2.38
2430.515	-4.38
2434.289	-4.38
2438.059	-5.04
2441.825	-5.38
2445.589	-3.71
2449.349	-5.38
2453.106	-2.71
2456.859	-3.04
2460.61	-4.04
2464.356	-5.71
2468.1	-5.38
2471.84	-5.71
2475.577	-5.38
2479.311	-3.04
2483.041	-6.38
2486.768	-6.71
2490.492	-7.71
2494.213	-9.04
2497.93	-8.04
2501.644	-4.71
2505.355	-8.04
2509.062	-6.38
2512.766	-6.71
2516.467	-6.38
2520.165	-4.38
2523.859	-7.04
2527.551	-5.71
2531.239	-6.04
2534.923	-4.71
2538.605	-6.38
2542.283	-5.71
2545.958	-7.04
2549.63	-8.71
2553.299	-9.38
2556.964	-8.04
2560.626	-8.04
2564.285	-8.04
2567.941	-8.71
2571.594	-10.38
2575.243	-7.38
2578.89	-9.38
2582.533	-9.38
2586.173	-8.71
2589.809	-10.04
2593.443	-9.04
2597.073	-8.71
2600.701	-7.71
2604.325	-10.04
2607.946	-10.04
2611.564	-11.04
2615.178	-10.71
2618.79	-12.71
2622.398	-12.71
2626.004	-10.38
2629.606	-12.04
2633.205	-12.04
2636.801	-12.04
2640.394	-12.04
2643.983	-8.71
2647.57	-11.71
2651.153	-12.38
2654.734	-9.04
2658.311	-9.38
2661.885	-11.71
2665.456	-10.04
2669.025	-11.38
2672.589	-12.38
2676.151	-10.38
2679.71	-12.71
2683.266	-11.71
2686.819	-11.38
2690.368	-12.38
2693.915	-12.71
2697.458	-10.04
2700.999	-10.38
2704.536	-8.38
2708.071	-7.04
2711.602	-10.04
2715.13	-10.04
2718.656	-9.71
2722.178	-8.04
2725.697	-11.38
2729.214	-11.38
2732.727	-9.04
2736.237	-9.71
2739.744	-9.04
2743.249	-8.38
2746.75	-12.04
2750.248	-10.04
2753.743	-9.38
2757.236	-6.71
2760.725	-8.04
2764.211	-7.04
2767.695	-7.04
2771.175	-5.71
2774.652	-8.04
2778.127	-5.71
2781.598	-7.71
2785.067	-7.04
2788.532	-6.71
2791.995	-8.38
2795.455	-8.38
2798.911	-7.38
2802.365	-7.04
2805.816	-7.04
2809.264	-7.38
2812.709	-4.71
2816.151	-4.04
2819.59	-4.71
2823.026	-5.04
2826.46	-5.04
2829.89	-4.71
2833.318	-3.04
2836.742	-3.71
2840.164	-3.04
2843.583	-2.71
2846.999	-0.71
2850.412	-0.71
2853.822	-2.04
2857.229	-3.04
2860.634	0.29
2864.035	0.62
2867.434	1.96
2870.83	2.96
2874.223	6.96
2877.613	5.62
2881	7.62
2884.385	4.96
2887.766	5.62
2891.145	6.96
2894.521	8.29
2897.894	6.96
2901.264	6.96
2904.631	8.62
2907.996	8.62
2911.358	8.29
2914.717	9.96
2918.073	8.62
2921.426	11.96
2924.777	11.96
2928.124	12.96
2931.469	16.29
2934.811	17.29
2938.15	18.62
2941.487	17.29
2944.821	16.29
2948.152	18.96
2951.48	18.62
2954.805	20.29
2958.128	22.62
2961.447	26.29
2964.765	21.62
2968.079	24.96
2971.39	23.96
2974.699	27.96
2978.005	27.96
2981.308	33.29
2984.609	32.29
2987.907	35.96
2991.202	35.29
2994.494	38.96
2997.784	40.29
3001.07	46.29
3004.355	45.62
3007.636	46.62
3010.915	49.96
3014.191	52.62
3017.464	51.96
3020.734	55.62
3024.002	54.96
3027.267	58.96
3030.53	58.29
3033.789	55.29
3037.046	62.29
3040.301	64.29
3043.552	67.62
3046.801	69.96
3050.048	74.29
3053.291	76.96
3056.532	81.96
3059.771	84.29
3063.006	83.96
3066.239	91.62
3069.469	94.62
3072.697	98.96
3075.922	100.29
3079.144	107.29
3082.364	109.96
3085.581	108.62
3088.795	115.29
3092.007	119.62
3095.216	119.62
3098.423	127.62
3101.627	129.96
3104.828	132.29
3108.026	138.96
3111.222	141.29
3114.416	146.96
3117.607	147.29
3120.795	154.62
3123.98	157.96
3127.163	165.62
3130.344	167.62
3133.521	174.62
3136.696	175.29
3139.869	177.62
3143.039	180.96
3146.206	184.62
3149.371	190.96
3152.533	189.29
3155.693	194.29
3158.85	199.96
3162.005	195.96
3165.157	196.62
3168.306	204.29
3171.453	197.62
3174.597	196.29
3177.739	205.29
3180.878	197.96
3184.014	203.62
3187.149	202.29
3190.28	204.96
3193.409	203.96
3196.536	205.62
3199.659	207.96
3202.781	207.62
3205.9	207.96
3209.016	208.29
3212.13	210.96
3215.241	208.96
3218.35	208.62
3221.456	207.29
3224.56	209.62
3227.661	204.29
3230.76	201.29
3233.856	203.62
3236.95	202.29
3240.041	198.96
3243.13	200.29
3246.216	194.96
3249.3	195.96
3252.382	195.96
3255.46	197.62
3258.537	193.96
3261.611	192.96
3264.682	195.62
3267.751	191.96
3270.818	192.29
3273.882	190.29
3276.943	194.96
3280.002	193.29
3283.059	190.96
3286.113	182.96
3289.165	185.29
3292.214	182.62
3295.261	178.29
3298.306	177.29
3301.348	172.29
3304.387	166.29
3307.425	166.29
3310.459	165.62
3313.492	165.62
3316.521	161.62
3319.549	160.29
3322.574	158.62
3325.597	161.62
3328.617	156.96
3331.635	157.29
3334.65	155.29
3337.663	155.29
3340.674	154.29
3343.682	154.62
3346.688	153.62
3349.691	153.96
3352.692	154.29
3355.691	147.62
3358.687	150.96
3361.681	151.29
3364.673	147.29
3367.662	141.29
3370.649	143.96
3373.633	142.62
3376.615	141.96
3379.595	139.29
3382.572	140.96
3385.547	139.29
3388.52	136.62
3391.49	132.29
3394.458	133.96
3397.424	129.96
3400.387	127.96
3403.348	125.96
3406.307	124.96
3409.263	121.62
3412.217	121.96
3415.168	120.96
3418.118	123.62
3421.065	121.62
3424.009	118.29
3426.951	118.96
3429.891	115.62
3432.829	116.96
3435.764	117.96
3438.697	110.29
3441.628	110.62
3444.557	105.29
3447.483	103.29
3450.407	97.62
3453.328	97.62
3456.247	90.62
3459.164	88.62
3462.079	87.96
3464.991	85.29
3467.902	83.96
3470.809	81.62
3473.715	77.96
3476.618	77.29
3479.519	74.29
3482.418	71.62
3485.315	70.96
3488.209	67.96
3491.101	67.62
3493.99	63.96
3496.878	58.62
3499.763	61.62
3502.646	56.96
3505.527	53.62
3508.405	57.62
3511.281	50.29
3514.155	50.62
3517.027	42.62
3519.897	45.62
3522.764	42.62
3525.629	42.96
3528.492	39.62
3531.352	34.62
3534.211	36.29
3537.067	30.96
3539.921	32.29
3542.773	28.29
3545.622	25.62
3548.469	23.96
3551.315	20.62
3554.157	18.96
3556.998	19.62
3559.837	17.96
3562.673	17.96
3565.507	15.29
3568.339	14.96
3571.169	15.62
3573.996	14.29
3576.822	11.96
3579.645	11.29
3582.466	10.29
3585.285	7.29
3588.101	3.29
3590.916	5.62
3593.728	2.29
3596.538	0.29
3599.346	1.29
3602.152	-1.38
3604.956	-3.38
3607.757	-0.71
3610.556	-2.71
3613.354	-0.38
3616.149	-3.38
3618.942	-4.71
3621.732	-5.38
3624.521	-6.38
3627.307	-6.04
3630.092	-8.04
3632.874	-9.04
3635.654	-7.04
3638.432	-9.04
3641.208	-9.38
3643.982	-10.04
3646.753	-12.71
3649.523	-13.71
3652.29	-9.71
3655.055	-10.04
3657.818	-12.71
3660.579	-13.04
3663.338	-11.71
3666.095	-12.71
3668.849	-13.38
3671.602	-15.71
3674.352	-15.04
3677.101	-14.71
3679.847	-18.04
3682.591	-16.38
3685.333	-19.04
3688.073	-17.71
3690.811	-18.71
3693.547	-18.04
3696.281	-18.38
3699.013	-18.04
3701.742	-18.04
3704.47	-17.71
3707.195	-17.71
3709.919	-18.04
3712.64	-17.38
3715.359	-18.04
3718.076	-18.38
3720.792	-18.38
3723.505	-19.71
3726.216	-22.04
3728.925	-21.71
3731.632	-20.38
3734.336	-21.71
3737.039	-21.04
3739.74	-21.04
3742.439	-19.04
3745.136	-20.04
3747.83	-22.04
3750.523	-20.71
3753.213	-19.71
3755.902	-18.71
3758.589	-20.38
3761.273	-19.38
3763.956	-22.38
3766.636	-19.71
3769.315	-21.71
3771.991	-21.04
3774.665	-23.38
3777.338	-23.71
3780.008	-22.71
3782.677	-23.38
3785.343	-22.04
3788.007	-21.38
3790.67	-23.38
3793.33	-20.04
3795.989	-21.04
3798.645	-19.71
3801.299	-20.04
3803.952	-19.38
3806.602	-22.71
3809.251	-21.71
3811.897	-23.71
3814.542	-24.71
3817.184	-22.38
3819.825	-22.71
3822.463	-24.38
3825.1	-24.04
3827.735	-25.04
3830.367	-23.38
3832.998	-23.38
3835.627	-23.71
3838.253	-24.04
3840.878	-22.04
3843.501	-23.71
3846.122	-23.04
3848.741	-23.38
3851.358	-22.71
3853.973	-26.71
3856.586	-23.71
3859.197	-22.71
3861.806	-24.71
3864.414	-25.04
3867.019	-25.38
3869.622	-24.71
3872.224	-21.38
3874.823	-18.71
3877.421	-20.71
3880.016	-16.71
3882.61	-14.04
3885.202	-13.71
3887.792	-12.71
3890.38	-17.38
3892.966	-19.38
3895.55	-22.38
3898.132	-25.04
3900.713	-22.04
3903.291	-23.38
3905.868	-25.71
3908.442	-24.38
3911.015	-23.71
3913.586	-24.71
3916.155	-24.71
3918.722	-22.38
3921.287	-23.71
3923.85	-22.04
3926.411	-5.71
3928.971	-19.04
3931.528	-24.38
3934.084	-23.38
3936.638	-22.71
3939.19	-24.71
3941.74	-23.04
3944.288	-25.38
3946.834	-26.38
3949.378	-24.04
3951.921	-24.38
3954.462	-24.71
3957	-22.71
3959.537	-24.04
3962.072	-23.71
3964.606	-22.04
3967.137	-21.38
3969.667	-22.04
3972.194	-23.38
3974.72	-22.04
3977.244	-22.71
3979.766	-22.04
3982.286	-25.04
3984.805	-22.71
3987.321	-26.04
3989.836	-26.04
3992.349	-25.71
3994.86	-23.71
3997.369	-23.04
3999.877	-23.04
4002.382	-25.71
4004.886	-25.38
4007.388	-24.04
4009.888	-23.04
4012.386	-23.71
4014.883	-24.71
4017.377	-24.71
4019.87	-25.38
4022.361	-23.38
4024.85	-23.71
4027.338	-26.04
4029.823	-27.04
4032.307	-26.71
4034.789	-24.71
4037.269	-26.04
4039.747	-25.71
4042.224	-27.04
4044.699	-24.04
4047.172	-24.04
4049.643	-24.38
4052.112	-22.71
4054.58	-22.38
4057.046	-24.71
4059.51	-21.04
4061.972	-23.71
4064.432	-24.38
4066.891	-22.04
4069.348	-22.71
4071.803	-24.04
4074.256	-25.38
4076.708	-25.38
4079.158	-22.04
4081.606	-21.71
4084.052	-22.38
4086.497	-22.38
4088.939	-22.38
4091.38	-23.38
4093.819	-20.71
4096.257	-23.71
4098.693	-23.71
4101.127	-24.04
4103.559	-24.38
4105.989	-12.04
4108.418	-10.04
4110.845	-11.71
4113.27	-10.04
4115.694	-8.04
4118.115	-6.71
4120.535	-21.71
4122.954	-23.71
4125.37	-20.71
4127.785	-20.71
4130.198	-23.71
4132.609	-23.71
4135.019	-25.38
4137.427	-25.71
4139.833	-25.71
4142.237	-24.71
