160.701	-5.21
166.742	0.46
172.777	19.79
178.805	78.46
184.826	208.79
190.841	424.46
196.849	650.79
202.85	789.79
208.845	819.46
214.833	798.46
220.815	761.46
226.789	736.79
232.758	732.79
238.719	707.46
244.674	696.46
250.623	669.12
256.565	639.79
262.5	617.46
268.429	600.12
274.351	574.79
280.267	568.12
286.176	546.46
292.079	537.46
297.975	527.12
303.865	521.46
309.748	509.79
315.625	496.46
321.495	496.12
327.359	497.79
333.217	498.79
339.068	488.46
344.912	496.12
350.751	495.46
356.583	494.79
362.408	500.46
368.227	506.46
374.04	519.12
379.847	530.46
385.647	544.79
391.44	531.79
397.228	526.46
403.009	531.46
408.784	553.79
414.553	600.12
420.315	651.46
426.071	656.46
431.821	594.79
437.565	544.12
443.302	530.46
449.033	521.79
454.758	520.79
460.477	510.79
466.189	507.12
471.896	502.46
477.596	492.46
483.29	496.46
488.978	487.46
494.66	487.46
500.335	467.79
506.005	451.79
511.668	424.12
517.325	408.12
522.977	388.46
528.622	382.79
534.261	369.46
539.894	364.79
545.521	356.79
551.141	349.12
556.756	352.46
562.365	343.46
567.968	338.12
573.565	335.46
579.155	338.46
584.74	335.46
590.319	326.12
595.892	322.46
601.459	325.46
607.02	323.79
612.575	314.79
618.124	311.12
623.667	304.46
629.204	308.79
634.735	303.12
640.261	320.79
645.781	328.79
651.294	339.12
656.802	317.79
662.304	301.12
667.8	286.79
673.29	287.79
678.775	274.79
684.254	281.46
689.726	272.79
695.193	264.46
700.655	264.79
706.11	264.46
711.56	263.46
717.004	258.79
722.442	262.46
727.874	260.12
733.301	255.46
738.722	257.12
744.137	256.12
749.547	260.46
754.951	265.46
760.349	259.46
765.741	260.12
771.128	255.12
776.509	253.79
781.885	254.46
787.254	255.12
792.618	253.12
797.977	251.46
803.33	252.12
808.677	249.12
814.019	241.46
819.355	238.46
824.686	235.12
830.011	227.79
835.33	229.46
840.644	228.12
845.952	222.79
851.255	218.46
856.552	212.79
861.844	210.79
867.13	206.12
872.41	205.46
877.686	205.12
882.955	199.46
888.219	198.12
893.478	189.46
898.731	183.79
903.979	179.79
909.221	173.79
914.458	172.46
919.69	174.79
924.916	170.79
930.136	169.46
935.351	171.12
940.561	171.79
945.766	166.79
950.965	166.79
956.158	164.46
961.347	159.79
966.529	162.12
971.707	153.12
976.879	155.46
982.046	147.79
987.208	153.12
992.364	148.79
997.515	151.46
1002.66	152.79
1007.801	155.79
1012.936	151.79
1018.066	156.46
1023.19	151.79
1028.309	152.12
1033.423	154.46
1038.532	154.12
1043.636	153.46
1048.734	155.79
1053.827	149.12
1058.915	151.12
1063.998	149.12
1069.075	148.12
1074.147	148.79
1079.214	148.79
1084.276	146.12
1089.333	148.79
1094.385	149.12
1099.431	145.79
1104.472	143.12
1109.509	144.79
1114.54	141.79
1119.565	138.46
1124.586	135.46
1129.602	136.46
1134.613	133.46
1139.618	129.46
1144.619	132.79
1149.614	131.12
1154.604	134.12
1159.589	132.12
1164.57	135.46
1169.545	133.12
1174.515	135.79
1179.48	133.12
1184.44	132.12
1189.395	131.12
1194.345	130.46
1199.29	124.79
1204.23	128.46
1209.165	130.79
1214.095	128.12
1219.021	131.12
1223.941	131.46
1228.856	133.46
1233.766	131.79
1238.672	130.79
1243.572	130.46
1248.467	122.12
1253.358	123.79
1258.244	125.46
1263.124	121.12
1268	114.79
1272.871	118.46
1277.737	118.46
1282.599	119.12
1287.455	115.46
1292.306	113.79
1297.153	115.12
1301.995	118.46
1306.832	116.79
1311.664	120.12
1316.491	115.46
1321.314	112.46
1326.132	114.79
1330.945	110.12
1335.753	106.79
1340.556	107.79
1345.354	105.12
1350.148	106.12
1354.937	101.46
1359.722	102.46
1364.501	102.46
1369.276	101.79
1374.046	103.12
1378.811	101.79
1383.572	103.79
1388.327	102.12
1393.079	97.12
1397.825	96.12
1402.567	92.46
1407.304	93.46
1412.036	91.79
1416.764	89.46
1421.487	88.12
1426.205	92.46
1430.919	93.46
1435.628	93.12
1440.333	94.12
1445.032	93.79
1449.727	96.12
1454.418	95.46
1459.104	93.46
1463.785	92.79
1468.462	92.12
1473.134	90.79
1477.802	91.12
1482.465	88.46
1487.123	91.79
1491.777	94.46
1496.426	90.46
1501.071	95.12
1505.711	97.12
1510.347	98.46
1514.978	102.46
1519.604	99.79
1524.226	103.12
1528.844	102.79
1533.457	102.46
1538.065	98.79
1542.669	100.79
1547.269	101.12
1551.864	98.12
1556.454	104.79
1561.041	104.79
1565.622	103.46
1570.199	109.46
1574.772	113.46
1579.34	115.46
1583.904	115.79
1588.464	120.79
1593.019	123.46
1597.569	125.12
1602.115	128.12
1606.657	132.12
1611.195	128.79
1615.728	137.79
1620.256	137.12
1624.78	144.46
1629.3	145.79
1633.816	148.12
1638.327	151.12
1642.834	155.46
1647.336	156.46
1651.834	156.79
1656.328	156.12
1660.817	152.12
1665.302	147.46
1669.783	142.12
1674.259	139.79
1678.732	135.46
1683.199	128.12
1687.663	117.79
1692.122	112.79
1696.577	106.79
1701.028	100.12
1705.474	97.46
1709.917	92.12
1714.355	90.12
1718.788	82.12
1723.218	76.12
1727.643	78.79
1732.064	69.79
1736.481	69.12
1740.893	63.12
1745.301	54.46
1749.705	55.79
1754.105	54.12
1758.501	46.12
1762.893	49.12
1767.28	43.79
1771.663	46.46
1776.042	45.79
1780.417	43.79
1784.787	42.12
1789.154	41.46
1793.516	42.12
1797.874	44.79
1802.228	40.79
1806.578	41.79
1810.924	39.12
1815.266	31.46
1819.603	36.12
1823.937	32.79
1828.266	32.79
1832.591	33.12
1836.913	33.12
1841.23	30.12
1845.543	30.46
1849.852	33.79
1854.156	32.79
1858.457	33.46
1862.754	33.46
1867.047	33.12
1871.335	32.46
1875.62	33.79
1879.9	35.46
1884.177	31.12
1888.449	32.46
1892.718	30.46
1896.982	30.79
1901.243	33.46
1905.499	30.46
1909.752	32.12
1914	33.12
1918.245	32.12
1922.485	33.46
1926.722	32.79
1930.954	36.46
1935.183	34.79
1939.408	33.12
1943.628	35.12
1947.845	30.79
1952.058	35.79
1956.267	31.46
1960.472	33.79
1964.673	31.12
1968.87	30.46
1973.063	29.79
1977.252	29.46
1981.438	29.46
1985.619	29.79
1989.797	28.12
1993.971	26.46
1998.14	27.46
2002.306	29.46
2006.469	27.79
2010.627	29.12
2014.781	30.79
2018.932	28.12
2023.078	28.46
2027.221	29.46
2031.36	28.79
2035.495	29.12
2039.627	28.12
2043.754	31.46
2047.878	30.12
2051.998	28.46
2056.114	30.79
2060.226	33.46
2064.334	31.46
2068.439	32.12
2072.54	28.12
2076.637	33.12
2080.73	32.79
2084.82	33.79
2088.906	34.46
2092.988	33.12
2097.066	31.79
2101.14	32.46
2105.211	32.79
2109.278	33.12
2113.342	31.12
2117.401	32.79
2121.457	32.46
2125.509	31.79
2129.558	31.12
2133.602	30.12
2137.643	26.79
2141.681	30.46
2145.714	26.46
2149.744	28.12
2153.77	25.79
2157.793	28.12
2161.812	26.46
2165.827	23.79
2169.838	23.46
2173.846	21.79
2177.851	19.12
2181.851	24.46
2185.848	20.79
2189.841	21.12
2193.831	17.46
2197.817	16.79
2201.799	18.79
2205.778	18.46
2209.753	17.12
2213.725	14.79
2217.693	16.46
2221.657	15.79
2225.618	15.12
2229.575	14.46
2233.529	13.46
2237.479	12.46
2241.425	15.12
2245.368	12.79
2249.307	10.12
2253.243	11.12
2257.175	9.12
2261.104	10.12
2265.029	9.79
2268.95	6.12
2272.868	8.79
2276.783	6.79
2280.694	7.12
2284.601	4.79
2288.505	3.12
2292.405	3.79
2296.302	5.12
2300.195	0.79
2304.085	1.12
2307.971	4.12
2311.854	1.46
2315.734	2.12
2319.609	0.46
2323.482	0.46
2327.351	-0.88
2331.216	0.46
2335.078	-1.88
2338.937	-2.21
2342.792	-0.88
2346.643	-3.21
2350.492	-3.54
2354.336	-2.54
2358.178	-3.88
2362.015	-0.54
2365.85	-2.21
2369.681	-3.54
2373.508	-1.21
2377.333	-4.21
2381.153	-2.54
2384.971	-2.88
2388.785	-6.21
2392.595	-3.88
2396.402	-3.54
2400.206	-3.88
2404.007	-6.21
2407.804	-6.88
2411.597	-2.88
2415.388	-4.21
2419.174	-5.54
2422.958	-4.88
2426.738	-4.21
2430.515	-5.21
2434.289	-6.88
2438.059	-4.88
2441.825	-5.88
2445.589	-5.21
2449.349	-7.21
2453.106	-3.54
2456.859	-6.21
2460.61	-6.21
2464.356	-6.21
2468.1	-5.54
2471.84	-6.54
2475.577	-5.54
2479.311	-4.88
2483.041	-5.54
2486.768	-6.88
2490.492	-8.88
2494.213	-7.54
2497.93	-6.54
2501.644	-6.88
2505.355	-8.21
2509.062	-6.54
2512.766	-7.21
2516.467	-7.88
2520.165	-5.54
2523.859	-9.54
2527.551	-8.54
2531.239	-6.54
2534.923	-6.54
2538.605	-7.21
2542.283	-8.54
2545.958	-8.54
2549.63	-9.54
2553.299	-10.21
2556.964	-9.88
2560.626	-9.54
2564.285	-9.54
2567.941	-9.21
2571.594	-10.21
2575.243	-9.88
2578.89	-11.54
2582.533	-10.21
2586.173	-9.88
2589.809	-9.21
2593.443	-10.54
2597.073	-9.88
2600.701	-10.54
2604.325	-11.54
2607.946	-8.54
2611.564	-11.88
2615.178	-9.88
2618.79	-11.21
2622.398	-13.54
2626.004	-10.21
2629.606	-10.88
2633.205	-12.21
2636.801	-12.54
2640.394	-11.21
2643.983	-11.54
2647.57	-13.88
2651.153	-11.21
2654.734	-11.21
2658.311	-10.88
2661.885	-12.54
2665.456	-11.54
2669.025	-9.21
2672.589	-12.54
2676.151	-13.88
2679.71	-12.54
2683.266	-12.21
2686.819	-12.21
2690.368	-14.21
2693.915	-14.88
2697.458	-14.54
2700.999	-10.21
2704.536	-11.54
2708.071	-10.54
2711.602	-12.21
2715.13	-10.54
2718.656	-12.54
2722.178	-8.88
2725.697	-10.88
2729.214	-10.54
2732.727	-9.54
2736.237	-8.54
2739.744	-9.54
2743.249	-9.54
2746.75	-11.88
2750.248	-9.54
2753.743	-10.54
2757.236	-10.54
2760.725	-10.21
2764.211	-8.88
2767.695	-9.21
2771.175	-8.21
2774.652	-8.21
2778.127	-7.54
2781.598	-8.21
2785.067	-6.54
2788.532	-6.88
2791.995	-7.21
2795.455	-8.88
2798.911	-7.54
2802.365	-8.21
2805.816	-7.54
2809.264	-8.54
2812.709	-8.54
2816.151	-5.54
2819.59	-6.54
2823.026	-6.54
2826.46	-7.21
2829.89	-4.88
2833.318	-3.88
2836.742	-3.88
2840.164	-2.54
2843.583	-3.88
2846.999	-2.54
2850.412	-0.21
2853.822	-1.88
2857.229	-2.21
2860.634	-2.21
2864.035	-2.21
2867.434	1.46
2870.83	2.12
2874.223	3.12
2877.613	1.79
2881	4.12
2884.385	5.46
2887.766	7.12
2891.145	6.12
2894.521	8.12
2897.894	8.79
2901.264	9.12
2904.631	8.46
2907.996	7.12
2911.358	7.79
2914.717	7.46
2918.073	8.46
2921.426	10.12
2924.777	11.12
2928.124	11.46
2931.469	14.46
2934.811	17.12
2938.15	17.46
2941.487	17.12
2944.821	17.79
2948.152	19.79
2951.48	21.12
2954.805	21.46
2958.128	21.46
2961.447	24.12
2964.765	22.79
2968.079	21.79
2971.39	22.79
2974.699	25.12
2978.005	26.79
2981.308	30.79
2984.609	30.79
2987.907	32.79
2991.202	35.46
2994.494	40.46
2997.784	38.12
3001.07	41.79
3004.355	45.12
3007.636	46.46
3010.915	43.79
3014.191	51.79
3017.464	51.46
3020.734	52.12
3024.002	50.46
3027.267	53.12
3030.53	56.12
3033.789	57.46
3037.046	57.12
3040.301	61.46
3043.552	64.46
3046.801	70.12
3050.048	69.12
3053.291	69.46
3056.532	77.12
3059.771	78.46
3063.006	81.79
3066.239	87.79
3069.469	90.46
3072.697	95.46
3075.922	97.12
3079.144	99.12
3082.364	104.12
3085.581	107.79
3088.795	107.12
3092.007	114.12
3095.216	117.12
3098.423	122.12
3101.627	129.79
3104.828	130.12
3108.026	134.12
3111.222	137.12
3114.416	137.79
3117.607	145.79
3120.795	145.46
3123.98	151.46
3127.163	158.46
3130.344	162.79
3133.521	165.12
3136.696	172.46
3139.869	170.46
3143.039	176.12
3146.206	180.79
3149.371	183.12
3152.533	184.46
3155.693	189.12
3158.85	190.12
3162.005	190.12
3165.157	189.46
3168.306	192.79
3171.453	194.79
3174.597	194.12
3177.739	193.79
3180.878	196.12
3184.014	197.46
3187.149	199.79
3190.28	196.79
3193.409	200.12
3196.536	202.79
3199.659	202.12
3202.781	202.79
3205.9	205.46
3209.016	204.12
3212.13	205.12
3215.241	203.46
3218.35	200.46
3221.456	205.12
3224.56	199.46
3227.661	196.12
3230.76	197.79
3233.856	193.79
3236.95	191.12
3240.041	191.46
3243.13	190.79
3246.216	192.12
3249.3	190.12
3252.382	193.12
3255.46	192.12
3258.537	189.79
3261.611	188.79
3264.682	189.79
3267.751	189.46
3270.818	191.12
3273.882	186.79
3276.943	185.12
3280.002	185.12
3283.059	183.12
3286.113	184.79
3289.165	178.12
3292.214	171.79
3295.261	174.46
3298.306	172.46
3301.348	168.79
3304.387	165.79
3307.425	162.12
3310.459	159.79
3313.492	158.12
3316.521	156.12
3319.549	151.46
3322.574	154.12
3325.597	154.79
3328.617	150.46
3331.635	148.12
3334.65	148.46
3337.663	151.79
3340.674	149.79
3343.682	148.12
3346.688	149.79
3349.691	149.46
3352.692	146.79
3355.691	147.79
3358.687	146.79
3361.681	141.79
3364.673	142.79
3367.662	141.46
3370.649	137.79
3373.633	138.46
3376.615	135.46
3379.595	127.79
3382.572	130.79
3385.547	131.46
3388.52	131.12
3391.49	126.79
3394.458	131.79
3397.424	147.46
3400.387	126.12
3403.348	121.12
3406.307	126.12
3409.263	118.79
3412.217	118.12
3415.168	116.79
3418.118	117.12
3421.065	117.46
3424.009	112.46
3426.951	111.12
3429.891	110.79
3432.829	107.46
3435.764	109.12
3438.697	103.79
3441.628	106.79
3444.557	100.79
3447.483	99.46
3450.407	92.79
3453.328	93.12
3456.247	89.46
3459.164	86.12
3462.079	85.46
3464.991	83.79
3467.902	83.46
3470.809	73.46
3473.715	73.12
3476.618	72.12
3479.519	71.79
3482.418	68.46
3485.315	66.12
3488.209	66.46
3491.101	64.79
3493.99	62.12
3496.878	58.12
3499.763	58.79
3502.646	54.12
3505.527	54.79
3508.405	54.79
3511.281	49.46
3514.155	44.46
3517.027	40.79
3519.897	40.46
3522.764	40.46
3525.629	37.12
3528.492	34.79
3531.352	32.46
3534.211	34.79
3537.067	31.46
3539.921	28.79
3542.773	26.46
3545.622	24.79
3548.469	23.12
3551.315	22.46
3554.157	17.12
3556.998	18.12
3559.837	16.12
3562.673	15.46
3565.507	12.12
3568.339	11.79
3571.169	11.12
3573.996	10.79
3576.822	11.46
3579.645	8.79
3582.466	7.12
3585.285	6.46
3588.101	3.12
3590.916	6.12
3593.728	2.79
3596.538	-0.88
3599.346	0.46
3602.152	-0.54
3604.956	-4.21
3607.757	-1.88
3610.556	-4.54
3613.354	-3.54
3616.149	-5.21
3618.942	-6.21
3621.732	-7.54
3624.521	-6.54
3627.307	-6.88
3630.092	-9.21
3632.874	-11.88
3635.654	-8.21
3638.432	-8.54
3641.208	-10.21
3643.982	-10.54
3646.753	-12.54
3649.523	-13.54
3652.29	-12.21
3655.055	-11.88
3657.818	-15.21
3660.579	-15.54
3663.338	-13.21
3666.095	-15.21
3668.849	-12.54
3671.602	-17.21
3674.352	-17.88
3677.101	-15.54
3679.847	-16.54
3682.591	-16.54
3685.333	-17.21
3688.073	-17.88
3690.811	-19.21
3693.547	-19.88
3696.281	-19.88
3699.013	-18.88
3701.742	-19.88
3704.47	-20.88
3707.195	-18.21
3709.919	-18.54
3712.64	-18.21
3715.359	-17.54
3718.076	-19.54
3720.792	-17.88
3723.505	-20.54
3726.216	-20.88
3728.925	-19.54
3731.632	-21.88
3734.336	-20.21
3737.039	-20.21
3739.74	-22.54
3742.439	-19.54
3745.136	-20.88
3747.83	-22.21
3750.523	-21.88
3753.213	-21.88
3755.902	-21.88
3758.589	-19.54
3761.273	-20.21
3763.956	-21.54
3766.636	-21.21
3769.315	-22.21
3771.991	-20.54
3774.665	-21.21
3777.338	-23.88
3780.008	-21.21
3782.677	-23.21
3785.343	-22.54
3788.007	-23.54
3790.67	-24.54
3793.33	-23.54
3795.989	-25.88
3798.645	-22.21
3801.299	-21.88
3803.952	-20.21
3806.602	-22.88
3809.251	-21.88
3811.897	-21.88
3814.542	-23.21
3817.184	-23.54
3819.825	-22.88
3822.463	-23.88
3825.1	-22.54
3827.735	-25.21
3830.367	-22.54
3832.998	-23.54
3835.627	-24.88
3838.253	-25.21
3840.878	-24.88
3843.501	-24.21
3846.122	-24.88
3848.741	-23.21
3851.358	-26.21
3853.973	-26.54
3856.586	-23.21
3859.197	-22.21
3861.806	-24.21
3864.414	-23.88
3867.019	-24.88
3869.622	-22.88
3872.224	-23.21
3874.823	-20.54
3877.421	-21.54
3880.016	-17.88
3882.61	-15.54
3885.202	-15.21
3887.792	-16.54
3890.38	-18.21
3892.966	-19.88
3895.55	-21.21
3898.132	-23.21
3900.713	-22.21
3903.291	-22.21
3905.868	-23.54
3908.442	-21.88
3911.015	-24.21
3913.586	-25.88
3916.155	-24.21
3918.722	-25.54
3921.287	-25.21
3923.85	-24.88
3926.411	-25.21
3928.971	-23.54
3931.528	-24.54
3934.084	-23.54
3936.638	-23.21
3939.19	-22.54
3941.74	-24.54
3944.288	-24.88
3946.834	-22.54
3949.378	-24.54
3951.921	-24.54
3954.462	-22.54
3957	-22.21
3959.537	-23.21
3962.072	-23.54
3964.606	-22.54
3967.137	-24.54
3969.667	-24.21
3972.194	-25.54
3974.72	-25.88
3977.244	-22.54
3979.766	-23.54
3982.286	-24.88
3984.805	-22.88
3987.321	-25.21
3989.836	-24.54
3992.349	-26.54
3994.86	-22.54
3997.369	-20.54
3999.877	-25.21
4002.382	-25.54
4004.886	-25.88
4007.388	-26.21
4009.888	-25.21
4012.386	-27.88
4014.883	-25.88
4017.377	-26.21
4019.87	-26.88
4022.361	-24.21
4024.85	-23.21
4027.338	-24.54
4029.823	-26.21
4032.307	-23.88
4034.789	-24.54
4037.269	-23.21
4039.747	-25.54
4042.224	-25.54
4044.699	-23.21
4047.172	-24.88
4049.643	-26.54
4052.112	-25.88
4054.58	-23.88
4057.046	-26.88
4059.51	-24.21
4061.972	-25.54
4064.432	-23.88
4066.891	-23.54
4069.348	-21.54
4071.803	-23.21
4074.256	-23.21
4076.708	-24.21
4079.158	-21.88
4081.606	-21.21
4084.052	-22.88
4086.497	-23.21
4088.939	-22.88
4091.38	-24.88
4093.819	-24.88
4096.257	-24.54
4098.693	-23.88
4101.127	-25.54
4103.559	-24.88
4105.989	-12.21
4108.418	-9.88
4110.845	-9.54
4113.27	-10.88
4115.694	-6.54
4118.115	-8.21
4120.535	-24.88
4122.954	-24.88
4125.37	-23.54
4127.785	-23.21
4130.198	-24.21
4132.609	-23.54
4135.019	-24.54
4137.427	-23.88
4139.833	-22.88
4142.237	-22.21
